 3.26503836  -364.68214843   1.000000000 % 0.5         -330.51919784   0.010000000 %0.5         -330.51919784   0.010000000
 3.28180000  -364.68208359   1.000000000
 3.40000000  -364.67961030   1.000000000
 3.50000000  -364.67531260   1.000000000
 3.60000000  -364.66956344   1.000000000
 3.70000000  -364.66279068   1.000000000
 3.80000000  -364.65532661   1.000000000
 3.90000000  -364.64743808   1.000000000
 4.00000000  -364.63933255   1.000000000
 4.50000000  -364.59998533   1.000000000
 5.00000000  -364.56787492   1.000000000
 9.00000000  -364.51974487   1.000000000
10.00000000  -364.51949258   1.000000000
20.00000000  -364.51920344   1.000000000
50.00000000  -364.51919784   1.000000000
 3.20000000  -364.68159373   1.000000000
 3.10000000  -364.67779171   1.000000000
 3.00000000  -364.66949738   1.000000000
 2.90000000  -364.65544729   1.000000000
 2.80000000  -364.63408125   1.000000000
 2.70000000  -364.60347592   1.000000000
 2.60000000  -364.56126388   1.000000000
 2.50000000  -364.50454237   1.000000000
 2.40000000  -364.42977564   1.000000000
 2.30000000  -364.33269630   1.000000000
 3.27467848  -364.68212076   1.000000000
 3.28431859  -364.68206692   1.000000000
 3.29395871  -364.68198754   1.000000000
 3.30359883  -364.68188319   1.000000000
 3.31323895  -364.68175452   1.000000000
 3.32287906  -364.68160257   1.000000000
 3.33251918  -364.68142748   1.000000000
 3.34215930  -364.68123000   1.000000000
 3.35179941  -364.68101089   1.000000000
 3.36143953  -364.68077075   1.000000000
 3.37107965  -364.68051001   1.000000000
 3.38071977  -364.68022921   1.000000000
 3.39035988  -364.67992895   1.000000000
 3.25781188  -364.68215174   1.000000000
 3.25058539  -364.68213908   1.000000000
 3.24335891  -364.68211097   1.000000000
 3.23613242  -364.68206669   1.000000000
 3.22890594  -364.68200627   1.000000000
 3.22167945  -364.68192896   1.000000000
 3.21445297  -364.68183469   1.000000000
 3.20722648  -364.68172301   1.000000000

