  1.5 -75.01337037 1.00000000
  1.6 -75.26798739 1.00000000
  1.7 -75.45319860 1.00000000
  1.8 -75.58539701 1.00000000
  1.9 -75.67738261 1.00000000
  2.0 -75.73900943 2.50000000
  2.1 -75.77783053 5.00000000
  2.2 -75.79963704 5.00000000
  2.3 -75.80887762 15.0000000
  2.4 -75.80898285 15.0000000
  2.5 -75.80261288 15.0000000
  2.6 -75.79184345 5.00000000
  2.7 -75.77832596 5.00000000
  2.8 -75.76342133 2.50000000
  2.9 -75.74833499 1.00000000
  3.0 -75.73413144 1.00000000
  3.1 -75.72199639 1.00000000
  3.2 -75.70999351 1.00000000
  3.3 -75.69872508 1.00000000
  3.4 -75.68823606 1.00000000
  3.5 -75.67819296 1.00000000
  3.6 -75.66862805 1.00000000
  3.7 -75.65957791 1.00000000
  3.8 -75.65107169 1.00000000
  3.9 -75.64313073 1.00000000
  4.0 -75.63577004 1.00000000
  4.5 -75.60771235 1.00000000
  5.0 -75.59239624 1.00000000
  6.0 -75.58175163 1.00000000
  7.0 -75.57930096 1.00000000
  8.0 -75.57869670 1.00000000
  9.0 -75.57843894 1.00000000
 10.0 -75.57822676 1.00000000
 20.0 -75.57812412 1.00000000
 50.0 -75.57812377 1.00000000
100.0 -75.57812224 1.00000000
   5.0000000000000003E-002  -15.886318159128081      1.00000    % DUMMY POINTS
   8.9979959919839675E-002  -39.217155970265821      1.00000
  0.12995991983967936       -48.229925309663301      1.00000
  0.16993987975951902       -53.053093091148142      1.00000
  0.20991983967935873       -56.099472253238147      1.00000
  0.24989979959919839       -58.237724940173095      1.00000
  0.28987975951903805       -59.856836098711611      1.00000
  0.32985971943887776       -61.156477740334843      1.00000
  0.36983967935871742       -62.249048545065506      1.00000
  0.40981963927855708       -63.202004073758978      1.00000
  0.44979959919839679       -64.057638033125642      1.00000
  0.48977955911823645       -64.843207516486700      1.00000
  0.52975951903807617       -65.576509929776620      1.00000
  0.56973947895791588       -66.269150427437808      1.00000
  0.60971943887775559       -66.928562514022389      1.00000
  0.64969939879759520       -67.559319485313409      1.00000
  0.68967935871743491       -68.164023219181900      1.00000
  0.72965931863727462       -68.743929570834936      1.00000
  0.76963927855711423       -69.299402029613958      1.00000
  0.80961923847695394       -69.830247994734506      1.00000
  0.84959919839679365       -70.335970843527875      1.00000
  0.88957915831663326       -70.815958701247126      1.00000
  0.92955911823647297       -71.269623655397339      1.00000
  0.96953907815631268       -71.696500972906932      1.00000
   1.0095190380761523       -72.096315454490977      1.00000
   1.0494989979959919       -72.469020667593810      1.00000
   1.0894789579158317       -72.814815989050615      1.00000
   1.1294589178356713       -73.134145882058291      1.00000
   1.1694388777555111       -73.427685457340928      1.00000
   1.2094188376753507       -73.696316024662579      1.00000
   1.2493987975951903       -73.941093975558289      1.00000
   1.2893787575150302       -74.163215931831772      1.00000
   1.3293587174348698       -74.363982649216993      1.00000
   1.3693386773547094       -74.544763696819075      1.00000
   1.4093186372745492       -74.706964461854469      1.00000
   1.4492985971943888       -74.851996578083387      1.00000
   1.4892785571142284       -74.981252464756366      1.00000
   1.5292585170340682       -75.096084305585620      1.00000
   1.5692384769539078       -75.197787503057256      1.00000
   1.6092184368737474       -75.287588415386324      1.00000
   1.6491983967935873       -75.366636019600676      1.00000
   1.6891783567134269       -75.435997038795819      1.00000
   1.7291583166332665       -75.496654016172357      1.00000
   1.7691382765531063       -75.549505803460534      1.00000
   1.8091182364729459       -75.595369946999156      1.00000
   1.8490981963927855       -75.634986491981351      1.00000
   1.8890781563126253       -75.669022776295904      1.00000
   1.9290581162324649       -75.698078843515120      1.00000
   1.9690380761523045       -75.722693164937141      1.00000
   2.0090180360721441       -75.743348419593886      1.00000
   2.0489979959919840       -75.760477136390961      1.00000
   2.0889779559118233       -75.774467052614270      1.00000
   2.1289579158316632       -75.785666087202088      1.00000
   2.1689378757515030       -75.794386865242288      1.00000
   2.2089178356713424       -75.800910762265474      1.00000
   2.2488977955911822       -75.805491463459006      1.00000
   2.2888777555110220       -75.808358054487385      1.00000
   2.3288577154308614       -75.809717677873493      1.00000
   2.3688376753507012       -75.809757802708106      1.00000
   2.4088176352705410       -75.808648166781367      1.00000
   2.4487975951903804       -75.806542460136683      1.00000
   2.4887775551102203       -75.803579828551335      1.00000
   2.5287575150300601       -75.799886285117864      1.00000
   2.5687374749498995       -75.795576127133302      1.00000
   2.6087174348697393       -75.790753459925753      1.00000
   2.6486973947895791       -75.785513918889663      1.00000
   2.6886773547094185       -75.779946635685533      1.00000
   2.7286573146292583       -75.774136382461720      1.00000
   2.7686372745490981       -75.768165614702042      1.00000
   2.8086172344689375       -75.762115817353319      1.00000
   2.8485971943887773       -75.756067244163390      1.00000
   2.8885771543086172       -75.750096110552974      1.00000
   2.9285571142284565       -75.744268958095859      1.00000
   2.9685370741482964       -75.738635397647030      1.00000
   3.0085170340681362       -75.733222088106729      1.00000
   3.0484969939879756       -75.728031177107340      1.00000
   3.0884769539078154       -75.723044594383992      1.00000
   3.1284569138276552       -75.718232560511026      1.00000
   3.1684368737474946       -75.713562767780999      1.00000
   3.2084168336673344       -75.709007152805583      1.00000
   3.2483967935871743       -75.704545120182814      1.00000
   3.2883767535070136       -75.700163815601471      1.00000
   3.3283567134268535       -75.695856743905068      1.00000
   3.3683366733466933       -75.691621874435654      1.00000
   3.4083166332665327       -75.687459909436797      1.00000
   3.4482965931863725       -75.683372978095065      1.00000
   3.4882765531062123       -75.679363772941912      1.00000
   3.5282565130260517       -75.675435041633150      1.00000
   3.5682364729458915       -75.671589326332494      1.00000
   3.6082164328657313       -75.667828858201787      1.00000
   3.6481963927855707       -75.664155539409464      1.00000
   3.6881763527054106       -75.660570968032502      1.00000
   3.7281563126252504       -75.657076478726978      1.00000
   3.7681362725450898       -75.653673184078386      1.00000
   3.8081162324649296       -75.650362009256526      1.00000
   3.8480961923847694       -75.647143717252561      1.00000
   3.8880761523046088       -75.644018924597816      1.00000
   3.9280561122244486       -75.640988108804578      1.00000
   3.9680360721442884       -75.638051609330859      1.00000
   4.0080160320641287       -75.635209623984565      1.00000
   4.0479959919839681       -75.632462202550570      1.00000
   4.0879759519038075       -75.629809239175856      1.00000
   4.1279559118236469       -75.627250464754653      1.00000
   4.1679358717434871       -75.624785440262968      1.00000
   4.2079158316633265       -75.622413551721820      1.00000
   4.2478957915831659       -75.620134007231087      1.00000
   4.2878757515030061       -75.617945836317560      1.00000
   4.3278557114228455       -75.615847891678001      1.00000
   4.3678356713426849       -75.613838853271758      1.00000
   4.4078156312625252       -75.611917234620890      1.00000
   4.4477955911823646       -75.610081391107471      1.00000
   4.4877755511022039       -75.608329530011702      1.00000
   4.5277555110220442       -75.606659722007961      1.00000
   4.5677354709418836       -75.605069913824579      1.00000
   4.6077154308617230       -75.603557941774255      1.00000
   4.6476953907815632       -75.602121545872592      1.00000
   4.6876753507014026       -75.600758384279317      1.00000
   4.7276553106212420       -75.599466047819419      1.00000
   4.7676352705410823       -75.598242074366752      1.00000
   4.8076152304609217       -75.597083962899745      1.00000
   4.8475951903807610       -75.595989187066678      1.00000
   4.8875751503006013       -75.594955208125455      1.00000
   4.9275551102204407       -75.593979487149213      1.00000
   4.9675350701402801       -75.593059496413872      1.00000
   5.0075150300601203       -75.592192729906870      1.00000
   5.0474949899799597       -75.591376712917167      1.00000
   5.0874749498997991       -75.590609010685142      1.00000
   5.1274549098196394       -75.589887236107671      1.00000
   5.1674348697394787       -75.589209056507258      1.00000
   5.2074148296593181       -75.588572199486663      1.00000
   5.2473947895791584       -75.587974457899819      1.00000
   5.2873747494989978       -75.587413693978021      1.00000
   5.3273547094188372       -75.586887842656637      1.00000
   5.3673346693386774       -75.586394914151839      1.00000
   5.4073146292585168       -75.585932995840523      1.00000
   5.4472945891783562       -75.585500253498225      1.00000
   5.4872745490981965       -75.585094931950565      1.00000
   5.5272545090180358       -75.584715355194149      1.00000
   5.5672344689378752       -75.584359926041543      1.00000
   5.6072144288577155       -75.584027125343709      1.00000
   5.6471943887775549       -75.583715510841330      1.00000
   5.6871743486973942       -75.583423715693868      1.00000
   5.7271543086172345       -75.583150446732674      1.00000
   5.7671342685370739       -75.582894482481549      1.00000
   5.8071142284569133       -75.582654670985107      1.00000
   5.8470941883767535       -75.582429927482053      1.00000
   5.8870741482965929       -75.582219231957623      1.00000
   5.9270541082164323       -75.582021626606149      1.00000
   5.9670340681362726       -75.581836213231753      1.00000
   6.0070140280561120       -75.581662150612274      1.00000
   6.0469939879759513       -75.581498651848690      1.00000
   6.0869739478957916       -75.581344981719752      1.00000
   6.1269539078156310       -75.581200454058887      1.00000
   6.1669338677354704       -75.581064429168279      1.00000
   6.2069138276553106       -75.580936311282628      1.00000
   6.2468937875751500       -75.580815546093476      1.00000
   6.2868737474949894       -75.580701618342673      1.00000
   6.3268537074148297       -75.580594049492277      1.00000
   6.3668336673346690       -75.580492395476455      1.00000
   6.4068136272545084       -75.580396244539870      1.00000
   6.4467935871743487       -75.580305215165254      1.00000
   6.4867735470941881       -75.580218954092601      1.00000
   6.5267535070140275       -75.580137134430814      1.00000
   6.5667334669338677       -75.580059453861978      1.00000
   6.6067134268537071       -75.579985632938019      1.00000
   6.6466933867735465       -75.579915413468470      1.00000
   6.6866733466933868       -75.579848556997860      1.00000
   6.7266533066132261       -75.579784843370504      1.00000
   6.7666332665330655       -75.579724069380632      1.00000
   6.8066132264529058       -75.579666047504745      1.00000
   6.8465931863727452       -75.579610604713722      1.00000
   6.8865731462925845       -75.579557581361186      1.00000
   6.9265531062124248       -75.579506830145277      1.00000
   6.9665330661322642       -75.579458215140349      1.00000
   7.0065130260521036       -75.579411610895249      1.00000
   7.0464929859719438       -75.579366901595009      1.00000
   7.0864729458917832       -75.579323980282382      1.00000
   7.1264529058116226       -75.579282748136222      1.00000
   7.1664328657314629       -75.579243113803244      1.00000
   7.2064128256513023       -75.579204992780092      1.00000
   7.2463927855711416       -75.579168306842817      1.00000
   7.2863727454909819       -75.579132983520495      1.00000
   7.3263527054108213       -75.579098955610405      1.00000
   7.3663326653306607       -75.579066160732012      1.00000
   7.4063126252505009       -75.579034540916837      1.00000
   7.4462925851703403       -75.579004042232228      1.00000
   7.4862725450901797       -75.578974614436120      1.00000
   7.5262525050100200       -75.578946210660973      1.00000
   7.5662324649298593       -75.578918787124522      1.00000
   7.6062124248496987       -75.578892302865285      1.00000
   7.6461923847695390       -75.578866719501193      1.00000
   7.6861723446893784       -75.578842001009335      1.00000
   7.7261523046092178       -75.578818113525131      1.00000
   7.7661322645290580       -75.578795025159650      1.00000
   7.8061122244488974       -75.578772705833288      1.00000
   7.8460921843687377       -75.578751127124562      1.00000
   7.8860721442885771       -75.578730262132964      1.00000
   7.9260521042084164       -75.578710085354274      1.00000
   7.9660320641282567       -75.578690572567666      1.00000
   8.0060120240480970       -75.578671700733338      1.00000
   8.0459919839679355       -75.578653447899782      1.00000
   8.0859719438877757       -75.578635793119901      1.00000
   8.1259519038076160       -75.578618716375090      1.00000
   8.1659318637274563       -75.578602198506630      1.00000
   8.2059118236472948       -75.578586221153628      1.00000
   8.2458917835671350       -75.578570766696984      1.00000
   8.2858717434869753       -75.578555818208699      1.00000
   8.3258517034068138       -75.578541359406145      1.00000
   8.3658316633266541       -75.578527374610687      1.00000
   8.4058116232464943       -75.578513848710330      1.00000
   8.4457915831663328       -75.578500767125931      1.00000
   8.4857715430861731       -75.578488115780601      1.00000
   8.5257515030060134       -75.578475881072052      1.00000
   8.5657314629258519       -75.578464049847526      1.00000
   8.6057114228456921       -75.578452609381031      1.00000
   8.6456913827655324       -75.578441547352668      1.00000
   8.6856713426853709       -75.578430851829850      1.00000
   8.7256513026052112       -75.578420511250130      1.00000
   8.7656312625250514       -75.578410514405505      1.00000
   8.8056112224448899       -75.578400850428153      1.00000
   8.8455911823647302       -75.578391508777187      1.00000
   8.8855711422845705       -75.578382479226562      1.00000
   8.9255511022044089       -75.578373751853817      1.00000
   8.9655310621242492       -75.578365317029807      1.00000
   9.0055110220440895       -75.578357165408903      1.00000
   9.0454909819639280       -75.578349287920091      1.00000
   9.0854709418837682       -75.578341675758509      1.00000
   9.1254509018036085       -75.578334320377451      1.00000
   9.1654308617234470       -75.578327213480961      1.00000
   9.2054108216432873       -75.578320347016728      1.00000
   9.2453907815631275       -75.578313713169280      1.00000
   9.2853707414829660       -75.578307304353629      1.00000
   9.3253507014028063       -75.578301113209079      1.00000
   9.3653306613226466       -75.578295132593311      1.00000
   9.4053106212424851       -75.578289355576743      1.00000
   9.4452905811623253       -75.578283775436944      1.00000
   9.4852705410821656       -75.578278385653377      1.00000
   9.5252505010020041       -75.578273179902240      1.00000
   9.5652304609218444       -75.578268152051407      1.00000
   9.6052104208416846       -75.578263296155583      1.00000
   9.6451903807615231       -75.578258606451470      1.00000
   9.6851703406813634       -75.578254077353165      1.00000
   9.7251503006012037       -75.578249703447582      1.00000
   9.7651302605210422       -75.578245479489979      1.00000
   9.8051102204408824       -75.578241400399605      1.00000
   9.8450901803607227       -75.578237461255412      1.00000
   9.8850701402805612       -75.578233657291804      1.00000
   9.9250501002004015       -75.578229983894587      1.00000
   9.9650300601202417       -75.578226436596864      1.00000
   10.005010020040080       -75.578223011075110      1.00000
   10.044989979959920       -75.578219703145194      1.00000
   10.084969939879761       -75.578216508758672      1.00000
   10.124949899799599       -75.578213423998875      1.00000
   10.164929859719440       -75.578210445077389      1.00000
   10.204909819639280       -75.578207568330313      1.00000
   10.244889779559118       -75.578204790214755      1.00000
   10.284869739478959       -75.578202107305373      1.00000
   10.324849699398799       -75.578199516290979      1.00000
   10.364829659318637       -75.578197013971135      1.00000
   10.404809619238478       -75.578194597252931      1.00000
   10.444789579158318       -75.578192263147812      1.00000
   10.484769539078156       -75.578190008768374      1.00000
   10.524749498997997       -75.578187831325380      1.00000
   10.564729458917837       -75.578185728124694      1.00000
   10.604709418837675       -75.578183696564423      1.00000
   10.644689378757516       -75.578181734131974      1.00000
   10.684669338677356       -75.578179838401368      1.00000
   10.724649298597194       -75.578178007030431      1.00000
   10.764629258517035       -75.578176237758171      1.00000
   10.804609218436875       -75.578174528402215      1.00000
   10.844589178356713       -75.578172876856215      1.00000
   10.884569138276554       -75.578171281087450      1.00000
   10.924549098196394       -75.578169739134395      1.00000
   10.964529058116232       -75.578168249104422      1.00000
   11.004509018036073       -75.578166809171492      1.00000
   11.044488977955913       -75.578165417573985      1.00000
   11.084468937875751       -75.578164072612523      1.00000
   11.124448897795592       -75.578162772647900      1.00000
   11.164428857715432       -75.578161516099073      1.00000
   11.204408817635271       -75.578160301441159      1.00000
   11.244388777555111       -75.578159127203534      1.00000
   11.284368737474951       -75.578157991968013      1.00000
   11.324348697394790       -75.578156894366998      1.00000
   11.364328657314630       -75.578155833081794      1.00000
   11.404308617234470       -75.578154806840843      1.00000
   11.444288577154309       -75.578153814418144      1.00000
   11.484268537074149       -75.578152854631682      1.00000
   11.524248496993989       -75.578151926341789      1.00000
   11.564228456913828       -75.578151028449781      1.00000
   11.604208416833668       -75.578150159896410      1.00000
   11.644188376753508       -75.578149319660525      1.00000
   11.684168336673347       -75.578148506757742      1.00000
   11.724148296593187       -75.578147720239031      1.00000
   11.764128256513027       -75.578146959189610      1.00000
   11.804108216432866       -75.578146222727568      1.00000
   11.844088176352706       -75.578145510002784      1.00000
   11.884068136272546       -75.578144820195760      1.00000
   11.924048096192385       -75.578144152516501      1.00000
   11.964028056112225       -75.578143506203460      1.00000
   12.004008016032065       -75.578142880522535      1.00000
   12.043987975951904       -75.578142274766023      1.00000
   12.083967935871744       -75.578141688251677      1.00000
   12.123947895791584       -75.578141120321831      1.00000
   12.163927855711423       -75.578140570342441      1.00000
   12.203907815631263       -75.578140037702255      1.00000
   12.243887775551103       -75.578139521811963      1.00000
   12.283867735470942       -75.578139022103414      1.00000
   12.323847695390782       -75.578138538028824      1.00000
   12.363827655310622       -75.578138069060032      1.00000
   12.403807615230461       -75.578137614687805      1.00000
   12.443787575150301       -75.578137174421116      1.00000
   12.483767535070141       -75.578136747786473      1.00000
   12.523747494989980       -75.578136334327283      1.00000
   12.563727454909820       -75.578135933603235      1.00000
   12.603707414829660       -75.578135545189710      1.00000
   12.643687374749499       -75.578135168677164      1.00000
   12.683667334669339       -75.578134803670608      1.00000
   12.723647294589179       -75.578134449789076      1.00000
   12.763627254509018       -75.578134106665075      1.00000
   12.803607214428858       -75.578133773944117      1.00000
   12.843587174348698       -75.578133451284216      1.00000
   12.883567134268537       -75.578133138355483      1.00000
   12.923547094188377       -75.578132834839593      1.00000
   12.963527054108217       -75.578132540429422      1.00000
   13.003507014028056       -75.578132254828631      1.00000
   13.043486973947896       -75.578131977751227      1.00000
   13.083466933867737       -75.578131708921248      1.00000
   13.123446893787575       -75.578131448072341      1.00000
   13.163426853707415       -75.578131194947417      1.00000
   13.203406813627256       -75.578130949298327      1.00000
   13.243386773547094       -75.578130710885517      1.00000
   13.283366733466934       -75.578130479477764      1.00000
   13.323346693386775       -75.578130254851771      1.00000
   13.363326653306613       -75.578130036791990      1.00000
   13.403306613226453       -75.578129825090230      1.00000
   13.443286573146294       -75.578129619545493      1.00000
   13.483266533066132       -75.578129419963631      1.00000
   13.523246492985972       -75.578129226157145      1.00000
   13.563226452905813       -75.578129037944905      1.00000
   13.603206412825651       -75.578128855151974      1.00000
   13.643186372745491       -75.578128677609286      1.00000
   13.683166332665332       -75.578128505153572      1.00000
   13.723146292585170       -75.578128337627021      1.00000
   13.763126252505010       -75.578128174877151      1.00000
   13.803106212424851       -75.578128016756594      1.00000
   13.843086172344689       -75.578127863122930      1.00000
   13.883066132264529       -75.578127713838498      1.00000
   13.923046092184370       -75.578127568770213      1.00000
   13.963026052104208       -75.578127427789440      1.00000
   14.003006012024048       -75.578127290771775      1.00000
   14.042985971943889       -75.578127157596953      1.00000
   14.082965931863727       -75.578127028148671      1.00000
   14.122945891783568       -75.578126902314438      1.00000
   14.162925851703408       -75.578126779985482      1.00000
   14.202905811623246       -75.578126661056558      1.00000
   14.242885771543087       -75.578126545425889      1.00000
   14.282865731462927       -75.578126432994978      1.00000
   14.322845691382765       -75.578126323668542      1.00000
   14.362825651302606       -75.578126217354381      1.00000
   14.402805611222446       -75.578126113963265      1.00000
   14.442785571142284       -75.578126013408848      1.00000
   14.482765531062125       -75.578125915607544      1.00000
   14.522745490981965       -75.578125820478448      1.00000
   14.562725450901803       -75.578125727943217      1.00000
   14.602705410821644       -75.578125637926050      1.00000
   14.642685370741484       -75.578125550353505      1.00000
   14.682665330661322       -75.578125465154486      1.00000
   14.722645290581163       -75.578125382260126      1.00000
   14.762625250501003       -75.578125301603748      1.00000
   14.802605210420841       -75.578125223120750      1.00000
   14.842585170340682       -75.578125146748562      1.00000
   14.882565130260522       -75.578125072426559      1.00000
   14.922545090180360       -75.578125000095994      1.00000
   14.962525050100201       -75.578124929699982      1.00000
   15.002505010020041       -75.578124861183340      1.00000
   15.042484969939879       -75.578124794492652      1.00000
   15.082464929859720       -75.578124729576089      1.00000
   15.122444889779560       -75.578124666383431      1.00000
   15.162424849699399       -75.578124604866019      1.00000
   15.202404809619239       -75.578124544976646      1.00000
   15.242384769539079       -75.578124486669566      1.00000
   15.282364729458918       -75.578124429900399      1.00000
   15.322344689378758       -75.578124374626114      1.00000
   15.362324649298598       -75.578124320805003      1.00000
   15.402304609218437       -75.578124268396579      1.00000
   15.442284569138277       -75.578124217361591      1.00000
   15.482264529058117       -75.578124167661940      1.00000
   15.522244488977957       -75.578124119260707      1.00000
   15.562224448897796       -75.578124072122037      1.00000
   15.602204408817636       -75.578124026211128      1.00000
   15.642184368737476       -75.578123981494258      1.00000
   15.682164328657315       -75.578123937938656      1.00000
   15.722144288577155       -75.578123895512519      1.00000
   15.762124248496995       -75.578123854185009      1.00000
   15.802104208416834       -75.578123813926169      1.00000
   15.842084168336674       -75.578123774706910      1.00000
   15.882064128256514       -75.578123736499023      1.00000
   15.922044088176353       -75.578123699275068      1.00000
   15.962024048096193       -75.578123663008455      1.00000
   16.002004008016034       -75.578123627673335      1.00000
   16.041983967935870       -75.578123593244598      1.00000
   16.081963927855710       -75.578123559697872      1.00000
   16.121943887775551       -75.578123527009467      1.00000
   16.161923847695391       -75.578123495156404      1.00000
   16.201903807615231       -75.578123464116331      1.00000
   16.241883767535072       -75.578123433867532      1.00000
   16.281863727454912       -75.578123404388919      1.00000
   16.321843687374749       -75.578123375660013      1.00000
   16.361823647294589       -75.578123347660906      1.00000
   16.401803607214429       -75.578123320372228      1.00000
   16.441783567134269       -75.578123293775178      1.00000
   16.481763527054110       -75.578123267851481      1.00000
   16.521743486973950       -75.578123242583388      1.00000
   16.561723446893787       -75.578123217953603      1.00000
   16.601703406813627       -75.578123193945373      1.00000
   16.641683366733467       -75.578123170542341      1.00000
   16.681663326653307       -75.578123147728675      1.00000
   16.721643286573148       -75.578123125488929      1.00000
   16.761623246492988       -75.578123103808110      1.00000
   16.801603206412825       -75.578123082671638      1.00000
   16.841583166332665       -75.578123062065330      1.00000
   16.881563126252505       -75.578123041975374      1.00000
   16.921543086172345       -75.578123022388368      1.00000
   16.961523046092186       -75.578123003291267      1.00000
   17.001503006012026       -75.578122984671367      1.00000
   17.041482965931863       -75.578122966516332      1.00000
   17.081462925851703       -75.578122948814155      1.00000
   17.121442885771543       -75.578122931553139      1.00000
   17.161422845691384       -75.578122914721916      1.00000
   17.201402805611224       -75.578122898309445      1.00000
   17.241382765531064       -75.578122882304939      1.00000
   17.281362725450901       -75.578122866697953      1.00000
   17.321342685370741       -75.578122851478270      1.00000
   17.361322645290581       -75.578122836635998      1.00000
   17.401302605210422       -75.578122822161461      1.00000
   17.441282565130262       -75.578122808045293      1.00000
   17.481262525050102       -75.578122794278343      1.00000
   17.521242484969939       -75.578122780851700      1.00000
   17.561222444889779       -75.578122767756710      1.00000
   17.601202404809619       -75.578122754984946      1.00000
   17.641182364729460       -75.578122742528194      1.00000
   17.681162324649300       -75.578122730378468      1.00000
   17.721142284569140       -75.578122718527993      1.00000
   17.761122244488977       -75.578122706969182      1.00000
   17.801102204408817       -75.578122695694674      1.00000
   17.841082164328657       -75.578122684697277      1.00000
   17.881062124248498       -75.578122673970014      1.00000
   17.921042084168338       -75.578122663506051      1.00000
   17.961022044088178       -75.578122653298792      1.00000
   18.001002004008015       -75.578122643341743      1.00000
   18.040981963927855       -75.578122633628652      1.00000
   18.080961923847696       -75.578122624153366      1.00000
   18.120941883767536       -75.578122614909930      1.00000
   18.160921843687376       -75.578122605892531      1.00000
   18.200901803607216       -75.578122597095529      1.00000
   18.240881763527053       -75.578122588513381      1.00000
   18.280861723446893       -75.578122580140729      1.00000
   18.320841683366734       -75.578122571972358      1.00000
   18.360821643286574       -75.578122564003138      1.00000
   18.400801603206414       -75.578122556228138      1.00000
   18.440781563126254       -75.578122548642511      1.00000
   18.480761523046091       -75.578122541241541      1.00000
   18.520741482965931       -75.578122534020622      1.00000
   18.560721442885772       -75.578122526975307      1.00000
   18.600701402805612       -75.578122520101232      1.00000
   18.640681362725452       -75.578122513394135      1.00000
   18.680661322645292       -75.578122506849880      1.00000
   18.720641282565129       -75.578122500464445      1.00000
   18.760621242484969       -75.578122494233895      1.00000
   18.800601202404810       -75.578122488154392      1.00000
   18.840581162324650       -75.578122482222213      1.00000
   18.880561122244490       -75.578122476433720      1.00000
   18.920541082164331       -75.578122470785360      1.00000
   18.960521042084167       -75.578122465273680      1.00000
   19.000501002004007       -75.578122459895312      1.00000
   19.040480961923848       -75.578122454646973      1.00000
   19.080460921843688       -75.578122449525452      1.00000
   19.120440881763528       -75.578122444527665      1.00000
   19.160420841683369       -75.578122439650528      1.00000
   19.200400801603205       -75.578122434891114      1.00000
   19.240380761523046       -75.578122430246509      1.00000
   19.280360721442886       -75.578122425713900      1.00000
   19.320340681362726       -75.578122421290558      1.00000
   19.360320641282566       -75.578122416973784      1.00000
   19.400300601202407       -75.578122412760990      1.00000
   19.440280561122243       -75.578122408649605      1.00000
   19.480260521042084       -75.578122404637170      1.00000
   19.520240480961924       -75.578122400721270      1.00000
   19.560220440881764       -75.578122396899531      1.00000
   19.600200400801604       -75.578122393169650      1.00000
   19.640180360721445       -75.578122389529412      1.00000
   19.680160320641281       -75.578122385976599      1.00000
   19.720140280561122       -75.578122382509108      1.00000
   19.760120240480962       -75.578122379124849      1.00000
   19.800100200400802       -75.578122375821778      1.00000
   19.840080160320642       -75.578122372597946      1.00000
   19.880060120240483       -75.578122369451421      1.00000
   19.920040080160319       -75.578122366380313      1.00000
   19.960020040080160       -75.578122363382789      1.00000
   20.000000000000000       -75.578122360457073      1.00000
