  1.5 -74.84254754 1.0000000  % MRCI(Q)/GUSTE(D,T) AB INITIO DATA FOR TRIPLET C2
  1.6 -75.12824147 1.0000000
  1.7 -75.34012867 1.0000000
  1.8 -75.49524397 1.0000000
  1.9 -75.60696676 1.0000000
  2.0 -75.68566291 1.0000000
  2.1 -75.73931145 1.0000000
  2.2 -75.77403754 1.0000000
  2.3 -75.79454113 1.0000000
  2.4 -75.80443217 1.0000000
  2.5 -75.80648840 1.0000000
  2.6 -75.80285093 1.0000000
  2.7 -75.79517085 1.0000000
  2.8 -75.78471872 1.0000000
  2.9 -75.77246849 1.0000000
  3.0 -75.75915889 1.0000000
  3.1 -75.74534460 1.0000000
  3.2 -75.73143200 1.0000000
  3.3 -75.71771630 1.0000000
  3.4 -75.70440485 1.0000000
  3.5 -75.69163974 1.0000000
  3.6 -75.67951547 1.0000000
  3.7 -75.66809276 1.0000000
  3.8 -75.65740914 1.0000000
  3.9 -75.64748671 1.0000000
  4.0 -75.63833749 1.0000000
  4.5 -75.60422544 1.0000000
  5.0 -75.58787906 1.0000000
  6.0 -75.58045488 1.0000000
  7.0 -75.57899344 1.0000000
  8.0 -75.57837427 1.0000000
  9.0 -75.57808353 1.0000000
 10.0 -75.57794160 1.0000000
 20.0 -75.57775930 1.0000000
 50.0 -75.57775502 1.0000000
100.0 -75.57775492 1.0000000 % MRCI(Q)/GUSTE(D,T) AB INITIO DATA FOR TRIPLET C2
   5.0000000000000003E-002  -21.998025451694069      1.00000   % GRID POINTS TAKEN FROM THE AB INITIO FUNCTION
   8.9979959919839675E-002  -43.895644345546160      1.00000   % THESE ARE IMPORTANT TO AVOID SPURIOUS FEATURES AT DISSOCIATION
  0.12995991983967936       -52.265691413099518      1.00000
  0.16993987975951902       -56.661163321073232      1.00000
  0.20991983967935873       -59.359192341215376      1.00000
  0.24989979959919839       -61.181348790669276      1.00000
  0.28987975951903805       -62.497523669729965      1.00000
  0.32985971943887776       -63.499719813487950      1.00000
  0.36983967935871742       -64.298195464915921      1.00000
  0.40981963927855708       -64.961254836398723      1.00000
  0.44979959919839679       -65.533733530704069      1.00000
  0.48977955911823645       -66.046344352311792      1.00000
  0.52975951903807617       -66.520711293771555      1.00000
  0.56973947895791588       -66.972217990203063      1.00000
  0.60971943887775559       -67.411690830212805      1.00000
  0.64969939879759520       -67.846443210490520      1.00000
  0.68967935871743491       -68.280969647319537      1.00000
  0.72965931863727462       -68.717454960198438      1.00000
  0.76963927855711423       -69.156194100567603      1.00000
  0.80961923847695394       -69.595975389163982      1.00000
  0.84959919839679365       -70.034451661795984      1.00000
  0.88957915831663326       -70.468504636008348      1.00000
  0.92955911823647297       -70.894595370702561      1.00000
  0.96953907815631268       -71.309086945282459      1.00000
   1.0095190380761523       -71.708523680383749      1.00000
   1.0494989979959919       -72.089853436012646      1.00000
   1.0894789579158317       -72.450584537894656      1.00000
   1.1294589178356713       -72.788875287221416      1.00000
   1.1694388777555111       -73.103560412649358      1.00000
   1.2094188376753507       -73.394124088829159      1.00000
   1.2493987975951903       -73.660632553548822      1.00000
   1.2893787575150302       -73.903640662067417      1.00000
   1.3293587174348698       -74.124086102803986      1.00000
   1.3693386773547094       -74.323182938255727      1.00000
   1.4093186372745492       -74.502323237876666      1.00000
   1.4492985971943888       -74.662992431223358      1.00000
   1.4892785571142284       -74.806701107515650      1.00000
   1.5292585170340682       -74.934933630479222      1.00000
   1.5692384769539078       -75.049112261941943      1.00000
   1.6092184368737474       -75.150574490164971      1.00000
   1.6491983967935873       -75.240560840719269      1.00000
   1.6891783567134269       -75.320210463068790      1.00000
   1.7291583166332665       -75.390562080705493      1.00000
   1.7691382765531063       -75.452558330260942      1.00000
   1.8091182364729459       -75.507051990323177      1.00000
   1.8490981963927855       -75.554813043224030      1.00000
   1.8890781563126253       -75.596535883722709      1.00000
   1.9290581162324649       -75.632846272825844      1.00000
   1.9690380761523045       -75.664307835381493      1.00000
   2.0090180360721441       -75.691428028799322      1.00000
   2.0489979959919840       -75.714663583680277      1.00000
   2.0889779559118233       -75.734425451901302      1.00000
   2.1289579158316632       -75.751083308264853      1.00000
   2.1689378757515030       -75.764969649414169      1.00000
   2.2089178356713424       -75.776383526136343      1.00000
   2.2488977955911822       -75.785593937172862      1.00000
   2.2888777555110220       -75.792842906594601      1.00000
   2.3288577154308614       -75.798348263374066      1.00000
   2.3688376753507012       -75.802306140711636      1.00000
   2.4088176352705410       -75.804893213191150      1.00000
   2.4487975951903804       -75.806268691111200      1.00000
   2.4887775551102203       -75.806576092646097      1.00000
   2.5287575150300601       -75.805944815350387      1.00000
   2.5687374749498995       -75.804491528684949      1.00000
   2.6087174348697393       -75.802321408666160      1.00000
   2.6486973947895791       -75.799529234516356      1.00000
   2.6886773547094185       -75.796200365493789      1.00000
   2.7286573146292583       -75.792411614099919      1.00000
   2.7686372745490981       -75.788232029780502      1.00000
   2.8086172344689375       -75.783723605202837      1.00000
   2.8485971943887773       -75.778941915307783      1.00000
   2.8885771543086172       -75.773936697663174      1.00000
   2.9285571142284565       -75.768752381211343      1.00000
   2.9685370741482964       -75.763428569307450      1.00000
   3.0085170340681362       -75.758000481968125      1.00000
   3.0484969939879756       -75.752499361465709      1.00000
   3.0884769539078154       -75.746952844778590      1.00000
   3.1284569138276552       -75.741385305914136      1.00000
   3.1684368737474946       -75.735818170727413      1.00000
   3.2084168336673344       -75.730270206544247      1.00000
   3.2483967935871743       -75.724757788641028      1.00000
   3.2883767535070136       -75.719295145419693      1.00000
   3.3283567134268535       -75.713894583935257      1.00000
   3.3683366733466933       -75.708566697273724      1.00000
   3.4083166332665327       -75.703320555135193      1.00000
   3.4482965931863725       -75.698163878845406      1.00000
   3.4882765531062123       -75.693103201895525      1.00000
   3.5282565130260517       -75.688144016991728      1.00000
   3.5682364729458915       -75.683290910482725      1.00000
   3.6082164328657313       -75.678547684922549      1.00000
   3.6481963927855707       -75.673917470419127      1.00000
   3.6881763527054106       -75.669402825315188      1.00000
   3.7281563126252504       -75.665005826649832      1.00000
   3.7681362725450898       -75.660728150756938      1.00000
   3.8081162324649296       -75.656571144273968      1.00000
   3.8480961923847694       -75.652535885764905      1.00000
   3.8880761523046088       -75.648623238106936      1.00000
   3.9280561122244486       -75.644833891757031      1.00000
   3.9680360721442884       -75.641168399005906      1.00000
   4.0080160320641287       -75.637627199346596      1.00000
   4.0479959919839681       -75.634210636136686      1.00000
   4.0879759519038075       -75.630918964819230      1.00000
   4.1279559118236469       -75.627752353087303      1.00000
   4.1679358717434871       -75.624710873529310      1.00000
   4.2079158316633265       -75.621794489470545      1.00000
   4.2478957915831659       -75.619003034924020      1.00000
   4.2878757515030061       -75.616336189766201      1.00000
   4.3278557114228455       -75.613793451449041      1.00000
   4.3678356713426849       -75.611374104730118      1.00000
   4.4078156312625252       -75.609077191029982      1.00000
   4.4477955911823646       -75.606901479095612      1.00000
   4.4877755511022039       -75.604845438643480      1.00000
   4.5277555110220442       -75.602907218569271      1.00000
   4.5677354709418836       -75.601084631137709      1.00000
   4.6077154308617230       -75.599375143310255      1.00000
   4.6476953907815632       -75.597775876041993      1.00000
   4.6876753507014026       -75.596283611999951      1.00000
   4.7276553106212420       -75.594894811747167      1.00000
   4.7676352705410823       -75.593605638027782      1.00000
   4.8076152304609217       -75.592411987405512      1.00000
   4.8475951903807610       -75.591309528177135      1.00000
   4.8875751503006013       -75.590293743224507      1.00000
   4.9275551102204407       -75.589359976297516      1.00000
   4.9675350701402801       -75.588503480142705      1.00000
   5.0075150300601203       -75.587719464905760      1.00000
   5.0474949899799597       -75.587003145333526      1.00000
   5.0874749498997991       -75.586349785465998      1.00000
   5.1274549098196394       -75.585754739725644      1.00000
   5.1674348697394787       -75.585213489558186      1.00000
   5.2074148296593181       -75.584721675038523      1.00000
   5.2473947895791584       -75.584275121109087      1.00000
   5.2873747494989978       -75.583869858352358      1.00000
   5.3273547094188372       -75.583502138403631      1.00000
   5.3673346693386774       -75.583168444278911      1.00000
   5.4073146292585168       -75.582865496021114      1.00000
   5.4472945891783562       -75.582590252158923      1.00000
   5.4872745490981965       -75.582339907526404      1.00000
   5.5272545090180358       -75.582111888013799      1.00000
   5.5672344689378752       -75.581903842816402      1.00000
   5.6072144288577155       -75.581713634722945      1.00000
   5.6471943887775549       -75.581539328945539      1.00000
   5.6871743486973942       -75.581379180942619      1.00000
   5.7271543086172345       -75.581231623631183      1.00000
   5.7671342685370739       -75.581095254326286      1.00000
   5.8071142284569133       -75.580968821689410      1.00000
   5.8470941883767535       -75.580851212913288      1.00000
   5.8870741482965929       -75.580741441321209      1.00000
   5.9270541082164323       -75.580638634514784      1.00000
   5.9670340681362726       -75.580542023165449      1.00000
   6.0070140280561120       -75.580450930512157      1.00000
   6.0469939879759513       -75.580364762600496      1.00000
   6.0869739478957916       -75.580282999275795      1.00000
   6.1269539078156310       -75.580205185925522      1.00000
   6.1669338677354704       -75.580130925952218      1.00000
   6.2069138276553106       -75.580059873948514      1.00000
   6.2468937875751500       -75.579991729538079      1.00000
   6.2868737474949894       -75.579926231841995      1.00000
   6.3268537074148297       -75.579863154527175      1.00000
   6.3668336673346690       -75.579802301392220      1.00000
   6.4068136272545084       -75.579743502446007      1.00000
   6.4467935871743487       -75.579686610435758      1.00000
   6.4867735470941881       -75.579631497782458      1.00000
   6.5267535070140275       -75.579578053884006      1.00000
   6.5667334669338677       -75.579526182748552      1.00000
   6.6067134268537071       -75.579475800923674      1.00000
   6.6466933867735465       -75.579426835689034      1.00000
   6.6866733466933868       -75.579379223483315      1.00000
   6.7266533066132261       -75.579332908538731      1.00000
   6.7666332665330655       -75.579287841698914      1.00000
   6.8066132264529058       -75.579243979398214      1.00000
   6.8465931863727452       -75.579201282782947      1.00000
   6.8865731462925845       -75.579159716956994      1.00000
   6.9265531062124248       -75.579119250336134      1.00000
   6.9665330661322642       -75.579079854097159      1.00000
   7.0065130260521036       -75.579041501709483      1.00000
   7.0464929859719438       -75.579004168538404      1.00000
   7.0864729458917832       -75.578967831510369      1.00000
   7.1264529058116226       -75.578932468831738      1.00000
   7.1664328657314629       -75.578898059753868      1.00000
   7.2064128256513023       -75.578864584377655      1.00000
   7.2463927855711416       -75.578832023492282      1.00000
   7.2863727454909819       -75.578800358442862      1.00000
   7.3263527054108213       -75.578769571022946      1.00000
   7.3663326653306607       -75.578739643387991      1.00000
   7.4063126252505009       -75.578710557986554      1.00000
   7.4462925851703403       -75.578682297506575      1.00000
   7.4862725450901797       -75.578654844834034      1.00000
   7.5262525050100200       -75.578628183022204      1.00000
   7.5662324649298593       -75.578602295269519      1.00000
   7.6062124248496987       -75.578577164904488      1.00000
   7.6461923847695390       -75.578552775376551      1.00000
   7.6861723446893784       -75.578529110251523      1.00000
   7.7261523046092178       -75.578506153210782      1.00000
   7.7661322645290580       -75.578483888053384      1.00000
   7.8061122244488974       -75.578462298700487      1.00000
   7.8460921843687377       -75.578441369201258      1.00000
   7.8860721442885771       -75.578421083740224      1.00000
   7.9260521042084164       -75.578401426645158      1.00000
   7.9660320641282567       -75.578382382395517      1.00000
   8.0060120240480970       -75.578363935631188      1.00000
   8.0459919839679355       -75.578346071160937      1.00000
   8.0859719438877757       -75.578328773970881      1.00000
   8.1259519038076160       -75.578312029232407      1.00000
   8.1659318637274563       -75.578295822309855      1.00000
   8.2059118236472948       -75.578280138767369      1.00000
   8.2458917835671350       -75.578264964375421      1.00000
   8.2858717434869753       -75.578250285116425      1.00000
   8.3258517034068138       -75.578236087189865      1.00000
   8.3658316633266541       -75.578222357016642      1.00000
   8.4058116232464943       -75.578209081242704      1.00000
   8.4457915831663328       -75.578196246742053      1.00000
   8.4857715430861731       -75.578183840618948      1.00000
   8.5257515030060134       -75.578171850209628      1.00000
   8.5657314629258519       -75.578160263083234      1.00000
   8.6057114228456921       -75.578149067042133      1.00000
   8.6456913827655324       -75.578138250121768      1.00000
   8.6856713426853709       -75.578127800589826      1.00000
   8.7256513026052112       -75.578117706944965      1.00000
   8.7656312625250514       -75.578107957914980      1.00000
   8.8056112224448899       -75.578098542454626      1.00000
   8.8455911823647302       -75.578089449742933      1.00000
   8.8855711422845705       -75.578080669180139      1.00000
   8.9255511022044089       -75.578072190384390      1.00000
   8.9655310621242492       -75.578064003187976      1.00000
   9.0055110220440895       -75.578056097633478      1.00000
   9.0454909819639280       -75.578048463969580      1.00000
   9.0854709418837682       -75.578041092646714      1.00000
   9.1254509018036085       -75.578033974312604      1.00000
   9.1654308617234470       -75.578027099807656      1.00000
   9.2054108216432873       -75.578020460160417      1.00000
   9.2453907815631275       -75.578014046582837      1.00000
   9.2853707414829660       -75.578007850465710      1.00000
   9.3253507014028063       -75.578001863374212      1.00000
   9.3653306613226466       -75.577996077043480      1.00000
   9.4053106212424851       -75.577990483374393      1.00000
   9.4452905811623253       -75.577985074429733      1.00000
   9.4852705410821656       -75.577979842430437      1.00000
   9.5252505010020041       -75.577974779752310      1.00000
   9.5652304609218444       -75.577969878923184      1.00000
   9.6052104208416846       -75.577965132620420      1.00000
   9.6451903807615231       -75.577960533669000      1.00000
   9.6851703406813634       -75.577956075040206      1.00000
   9.7251503006012037       -75.577951749850897      1.00000
   9.7651302605210422       -75.577947551363465      1.00000
   9.8051102204408824       -75.577943472986490      1.00000
   9.8450901803607227       -75.577939508276302      1.00000
   9.8850701402805612       -75.577935650939139      1.00000
   9.9250501002004015       -75.577931894834364      1.00000
   9.9650300601202417       -75.577928233978355      1.00000
   10.005010020040080       -75.577924662549378      1.00000
   10.044989979959920       -75.577921174893277      1.00000
   10.084969939879761       -75.577917765530046      1.00000
   10.124949899799599       -75.577914429161083      1.00000
   10.164929859719440       -75.577911160677388      1.00000
   10.204909819639280       -75.577907955168229      1.00000
   10.244889779559118       -75.577904807930494      1.00000
   10.284869739478959       -75.577901714478500      1.00000
   10.324849699398799       -75.577898670553992      1.00000
   10.364829659318637       -75.577895672136435      1.00000
   10.404809619238478       -75.577892715453132      1.00000
   10.444789579158318       -75.577889796989197      1.00000
   10.484769539078156       -75.577886913496883      1.00000
   10.524749498997997       -75.577884062004429      1.00000
   10.564729458917837       -75.577881239823782      1.00000
   10.604709418837675       -75.577878444557115      1.00000
   10.644689378757516       -75.577875674102046      1.00000
   10.684669338677356       -75.577872926655033      1.00000
   10.724649298597194       -75.577870200712923      1.00000
   10.764629258517035       -75.577867495072510      1.00000
   10.804609218436875       -75.577864808827655      1.00000
   10.844589178356713       -75.577862141364307      1.00000
   10.884569138276554       -75.577859492352786      1.00000
   10.924549098196394       -75.577856861737914      1.00000
   10.964529058116232       -75.577854249726428      1.00000
   11.004509018036073       -75.577851656772197      1.00000
   11.044488977955913       -75.577849083559158      1.00000
   11.084468937875751       -75.577846530982185      1.00000
   11.124448897795592       -75.577844000126163      1.00000
   11.164428857715432       -75.577841492243550      1.00000
   11.204408817635271       -75.577839008730649      1.00000
   11.244388777555111       -75.577836551103033      1.00000
   11.284368737474951       -75.577834120970536      1.00000
   11.324348697394790       -75.577831720011886      1.00000
   11.364328657314630       -75.577829349949766      1.00000
   11.404308617234470       -75.577827012526384      1.00000
   11.444288577154309       -75.577824709479884      1.00000
   11.484268537074149       -75.577822442522063      1.00000
   11.524248496993989       -75.577820213317608      1.00000
   11.564228456913828       -75.577818023464971      1.00000
   11.604208416833668       -75.577815874479271      1.00000
   11.644188376753508       -75.577813767777201      1.00000
   11.684168336673347       -75.577811704664072      1.00000
   11.724148296593187       -75.577809686323121      1.00000
   11.764128256513027       -75.577807713806976      1.00000
   11.804108216432866       -75.577805788031327      1.00000
   11.844088176352706       -75.577803909770608      1.00000
   11.884068136272546       -75.577802079655726      1.00000
   11.924048096192385       -75.577800298173585      1.00000
   11.964028056112225       -75.577798565668374      1.00000
   12.004008016032065       -75.577796882344245      1.00000
   12.043987975951904       -75.577795248269425      1.00000
   12.083967935871744       -75.577793663381442      1.00000
   12.123947895791584       -75.577792127493311      1.00000
   12.163927855711423       -75.577790640300535      1.00000
   12.203907815631263       -75.577789201388640      1.00000
   12.243887775551103       -75.577787810241304      1.00000
   12.283867735470942       -75.577786466248597      1.00000
   12.323847695390782       -75.577785168715508      1.00000
   12.363827655310622       -75.577783916870530      1.00000
   12.403807615230461       -75.577782709874015      1.00000
   12.443787575150301       -75.577781546826586      1.00000
   12.483767535070141       -75.577780426777068      1.00000
   12.523747494989980       -75.577779348730331      1.00000
   12.563727454909820       -75.577778311654640      1.00000
   12.603707414829660       -75.577777314488628      1.00000
   12.643687374749499       -75.577776356147851      1.00000
   12.683667334669339       -75.577775435530938      1.00000
   12.723647294589179       -75.577774551525238      1.00000
   12.763627254509018       -75.577773703011971      1.00000
   12.803607214428858       -75.577772888871024      1.00000
   12.843587174348698       -75.577772107985240      1.00000
   12.883567134268537       -75.577771359244224      1.00000
   12.923547094188377       -75.577770641547886      1.00000
   12.963527054108217       -75.577769953809408      1.00000
   13.003507014028056       -75.577769294957960      1.00000
   13.043486973947896       -75.577768663941015      1.00000
   13.083466933867737       -75.577768059726296      1.00000
   13.123446893787575       -75.577767481303525      1.00000
   13.163426853707415       -75.577766927685815      1.00000
   13.203406813627256       -75.577766397910764      1.00000
   13.243386773547094       -75.577765891041395      1.00000
   13.283366733466934       -75.577765406166890      1.00000
   13.323346693386775       -75.577764942402993      1.00000
   13.363326653306613       -75.577764498892407      1.00000
   13.403306613226453       -75.577764074804961      1.00000
   13.443286573146294       -75.577763669337600      1.00000
   13.483266533066132       -75.577763281714326      1.00000
   13.523246492985972       -75.577762911186014      1.00000
   13.563226452905813       -75.577762557030070      1.00000
   13.603206412825651       -75.577762218550149      1.00000
   13.643186372745491       -75.577761895075639      1.00000
   13.683166332665332       -75.577761585961170      1.00000
   13.723146292585170       -75.577761290586167      1.00000
   13.763126252505010       -75.577761008354130      1.00000
   13.803106212424851       -75.577760738692135      1.00000
   13.843086172344689       -75.577760481050163      1.00000
   13.883066132264529       -75.577760234900410      1.00000
   13.923046092184370       -75.577759999736642      1.00000
   13.963026052104208       -75.577759775073559      1.00000
   14.003006012024048       -75.577759560446054      1.00000
   14.042985971943889       -75.577759355408574      1.00000
   14.082965931863727       -75.577759159534409      1.00000
   14.122945891783568       -75.577758972415040      1.00000
   14.162925851703408       -75.577758793659498      1.00000
   14.202905811623246       -75.577758622893683      1.00000
   14.242885771543087       -75.577758459759735      1.00000
   14.282865731462927       -75.577758303915374      1.00000
   14.322845691382765       -75.577758155033351      1.00000
   14.362825651302606       -75.577758012800814      1.00000
   14.402805611222446       -75.577757876918710      1.00000
   14.442785571142284       -75.577757747101245      1.00000
   14.482765531062125       -75.577757623075357      1.00000
   14.522745490981965       -75.577757504580134      1.00000
   14.562725450901803       -75.577757391366347      1.00000
   14.602705410821644       -75.577757283195922      1.00000
   14.642685370741484       -75.577757179841484      1.00000
   14.682665330661322       -75.577757081085906      1.00000
   14.722645290581163       -75.577756986721823      1.00000
   14.762625250501003       -75.577756896551236      1.00000
   14.802605210420841       -75.577756810385125      1.00000
   14.842585170340682       -75.577756728042985      1.00000
   14.882565130260522       -75.577756649352523      1.00000
   14.922545090180360       -75.577756574149234      1.00000
   14.962525050100201       -75.577756502276102      1.00000
   15.002505010020041       -75.577756433583232      1.00000
   15.042484969939879       -75.577756367927535      1.00000
   15.082464929859720       -75.577756305172429      1.00000
   15.122444889779560       -75.577756245187544      1.00000
   15.162424849699399       -75.577756187848436      1.00000
   15.202404809619239       -75.577756133036331      1.00000
   15.242384769539079       -75.577756080637840      1.00000
   15.282364729458918       -75.577756030544762      1.00000
   15.322344689378758       -75.577755982653798      1.00000
   15.362324649298598       -75.577755936866339      1.00000
   15.402304609218437       -75.577755893088266      1.00000
   15.442284569138277       -75.577755851229753      1.00000
   15.482264529058117       -75.577755811205037      1.00000
   15.522244488977957       -75.577755772932250      1.00000
   15.562224448897796       -75.577755736333259      1.00000
   15.602204408817636       -75.577755701333459      1.00000
   15.642184368737476       -75.577755667861652      1.00000
   15.682164328657315       -75.577755635849826      1.00000
   15.722144288577155       -75.577755605233079      1.00000
   15.762124248496995       -75.577755575949467      1.00000
   15.802104208416834       -75.577755547939802      1.00000
   15.842084168336674       -75.577755521147594      1.00000
   15.882064128256514       -75.577755495518929      1.00000
   15.922044088176353       -75.577755471002291      1.00000
   15.962024048096193       -75.577755447548498      1.00000
   16.002004008016034       -75.577755425110595      1.00000
   16.041983967935870       -75.577755403643735      1.00000
   16.081963927855710       -75.577755383105085      1.00000
   16.121943887775551       -75.577755363453761      1.00000
   16.161923847695391       -75.577755344650683      1.00000
   16.201903807615231       -75.577755326658547      1.00000
   16.241883767535072       -75.577755309441727      1.00000
   16.281863727454912       -75.577755292966160      1.00000
   16.321843687374749       -75.577755277199358      1.00000
   16.361823647294589       -75.577755262110244      1.00000
   16.401803607214429       -75.577755247669145      1.00000
   16.441783567134269       -75.577755233847725      1.00000
   16.481763527054110       -75.577755220618897      1.00000
   16.521743486973950       -75.577755207956798      1.00000
   16.561723446893787       -75.577755195836673      1.00000
   16.601703406813627       -75.577755184234931      1.00000
   16.641683366733467       -75.577755173128978      1.00000
   16.681663326653307       -75.577755162497255      1.00000
   16.721643286573148       -75.577755152319142      1.00000
   16.761623246492988       -75.577755142574944      1.00000
   16.801603206412825       -75.577755133245830      1.00000
   16.841583166332665       -75.577755124313811      1.00000
   16.881563126252505       -75.577755115761690      1.00000
   16.921543086172345       -75.577755107573012      1.00000
   16.961523046092186       -75.577755099732059      1.00000
   17.001503006012026       -75.577755092223839      1.00000
   17.041482965931863       -75.577755085033957      1.00000
   17.081462925851703       -75.577755078148712      1.00000
   17.121442885771543       -75.577755071554961      1.00000
   17.161422845691384       -75.577755065240154      1.00000
   17.201402805611224       -75.577755059192299      1.00000
   17.241382765531064       -75.577755053399912      1.00000
   17.281362725450901       -75.577755047852051      1.00000
   17.321342685370741       -75.577755042538186      1.00000
   17.361322645290581       -75.577755037448313      1.00000
   17.401302605210422       -75.577755032572824      1.00000
   17.441282565130262       -75.577755027902555      1.00000
   17.481262525050102       -75.577755023428708      1.00000
   17.521242484969939       -75.577755019142913      1.00000
   17.561222444889779       -75.577755015037127      1.00000
   17.601202404809619       -75.577755011103676      1.00000
   17.641182364729460       -75.577755007335213      1.00000
   17.681162324649300       -75.577755003724704      1.00000
   17.721142284569140       -75.577755000265441      1.00000
   17.761122244488977       -75.577754996950972      1.00000
   17.801102204408817       -75.577754993775159      1.00000
   17.841082164328657       -75.577754990732103      1.00000
   17.881062124248498       -75.577754987816192      1.00000
   17.921042084168338       -75.577754985022011      1.00000
   17.961022044088178       -75.577754982344402      1.00000
   18.001002004008015       -75.577754979778447      1.00000
   18.040981963927855       -75.577754977319429      1.00000
   18.080961923847696       -75.577754974962801      1.00000
   18.120941883767536       -75.577754972704255      1.00000
   18.160921843687376       -75.577754970539644      1.00000
   18.200901803607216       -75.577754968465015      1.00000
   18.240881763527053       -75.577754966476562      1.00000
   18.280861723446893       -75.577754964570673      1.00000
   18.320841683366734       -75.577754962743853      1.00000
   18.360821643286574       -75.577754960992792      1.00000
   18.400801603206414       -75.577754959314291      1.00000
   18.440781563126254       -75.577754957705309      1.00000
   18.480761523046091       -75.577754956162934      1.00000
   18.520741482965931       -75.577754954684366      1.00000
   18.560721442885772       -75.577754953266933      1.00000
   18.600701402805612       -75.577754951908076      1.00000
   18.640681362725452       -75.577754950605339      1.00000
   18.680661322645292       -75.577754949356375      1.00000
   18.720641282565129       -75.577754948158940      1.00000
   18.760621242484969       -75.577754947010874      1.00000
   18.800601202404810       -75.577754945910115      1.00000
   18.840581162324650       -75.577754944854689      1.00000
   18.880561122244490       -75.577754943842720      1.00000
   18.920541082164331       -75.577754942872374      1.00000
   18.960521042084167       -75.577754941941947      1.00000
   19.000501002004007       -75.577754941049747      1.00000
   19.040480961923848       -75.577754940194197      1.00000
   19.080460921843688       -75.577754939373776      1.00000
   19.120440881763528       -75.577754938587034      1.00000
   19.160420841683369       -75.577754937832552      1.00000
   19.200400801603205       -75.577754937108992      1.00000   % GRID POINTS TAKEN FROM THE AB INITIO FUNCTION