  1.5 -74.84254754 1.00000000
  1.6 -75.12824147 1.00000000
  1.7 -75.34012867 1.00000000
  1.8 -75.49524397 1.00000000
  1.9 -75.60696676 1.00000000
  2.0 -75.68566291 1.00000000
  2.1 -75.73931145 2.50000000
  2.2 -75.77403754 5.00000000
  2.3 -75.79454113 5.00000000
  2.4 -75.80443217 15.0000000
  2.5 -75.80648840 15.0000000
  2.6 -75.80285093 15.0000000
  2.7 -75.79517085 5.00000000
  2.8 -75.78471872 5.00000000
  2.9 -75.77246849 2.50000000
  3.0 -75.75915889 1.00000000
  3.1 -75.74534460 1.00000000
  3.2 -75.73143200 1.00000000
  3.3 -75.71771630 1.00000000
  3.4 -75.70440485 1.00000000
  3.5 -75.69163974 1.00000000
  3.6 -75.67951547 1.00000000
  3.7 -75.66809276 1.00000000
  3.8 -75.65740914 1.00000000
  3.9 -75.64748671 1.00000000
  4.0 -75.63833749 1.00000000
  4.5 -75.60422544 1.00000000
  5.0 -75.58787906 1.00000000
  6.0 -75.58045488 1.00000000
  7.0 -75.57899344 1.00000000
  8.0 -75.57837427 1.00000000
  9.0 -75.57808353 1.00000000
 10.0 -75.57794160 1.00000000
 20.0 -75.57775930 1.00000000
 50.0 -75.57775502 1.00000000
100.0 -75.57775492 1.00000000
