1.80000000     1.50000000     2.53529094  -112.50551496     1.00000000  -112.00048600  -112.18847500  -112.14142290  -112.41447710
1.80000000     1.75000000     2.71964768  -113.06229897     1.00000000  -112.62036040  -112.81211910  -112.71379020  -112.98837560
1.80000000     2.00000000     2.91380625  -113.31496415     1.00000000  -112.90888230  -113.10537810  -112.97832160  -113.25247730
1.80000000     2.25000000     3.11593489  -113.42153711     1.00000000  -113.03515230  -113.23437160  -113.09276260  -113.36562570
1.80000000     2.50000000     3.32458021  -113.46071611     1.00000000  -113.08838860  -113.28529450  -113.14054040  -113.40837770
1.80000000     2.75000000     3.53858969  -113.47133827     1.00000000  -113.10782540  -113.30184370  -113.15776700  -113.42090160
1.80000000     3.00000000     3.75704675  -113.46734399     1.00000000  -113.10911160  -113.30127290  -113.15825650  -113.41809370
1.80000000     3.25000000     3.97921898  -113.45563908     1.00000000  -113.10103130  -113.29179790  -113.14996700  -113.40721710
1.80000000     3.50000000     4.20451746  -113.44044152     1.00000000  -113.08892430  -113.27830220  -113.13781500  -113.39267060
1.80000000     3.75000000     4.43246550  -113.42432423     1.00000000  -113.07601070  -113.26374490  -113.12480330  -113.37713730
1.80000000     4.00000000     4.66267453  -113.40898175     1.00000000  -113.06433450  -113.25000770  -113.11288950  -113.36236870
1.80000000     4.25000000     4.89482555  -113.39567511     1.00000000  -113.05529880  -113.23842050  -113.10345890  -113.34964950
1.80000000     4.50000000     5.12865484  -113.38538360     1.00000000  -113.04971010  -113.22990280  -113.09734080  -113.33994060
1.80000000     4.75000000     5.36394294  -113.37858022     1.00000000  -113.04751600  -113.22474580  -113.09454140  -113.33365660
1.80000000     5.00000000     5.60050598  -113.37492012     1.00000000  -113.04777640  -113.22243800  -113.09426820  -113.33041610
1.80000000     5.25000000     5.83818898  -113.37353286     1.00000000  -113.04908910  -113.22194010  -113.09528250  -113.32931390
1.80000000     5.50000000     6.07686053  -113.37330612     1.00000000  -113.05046510  -113.22217200  -113.09654090  -113.32924050
1.80000000     5.75000000     6.31640857  -113.37344387     1.00000000  -113.05157020  -113.22252980  -113.09761000  -113.32945540
1.80000000     6.00000000     6.55673704  -113.37363061     1.00000000  -113.05237450  -113.22281160  -113.09841310  -113.32967800
1.80000000     6.25000000     6.79776316  -113.37377395     1.00000000  -113.05293230  -113.22298430  -113.09898630  -113.32983520
1.80000000     6.50000000     7.03941527  -113.37386038     1.00000000  -113.05330780  -113.22306680  -113.09938480  -113.32992420
1.80000000     6.75000000     7.28163105  -113.37389910     1.00000000  -113.05355510  -113.22308780  -113.09965700  -113.32996060
1.80000000     7.00000000     7.52435606  -113.37390193     1.00000000  -113.05371580  -113.22307250  -113.09983950  -113.32996040
1.80000000     7.25000000     7.76754256  -113.37387883     1.00000000  -113.05381940  -113.22303910  -113.09995900  -113.32993620
1.80000000     7.50000000     8.01114853  -113.37384074     1.00000000  -113.05388610  -113.22299890  -113.10003470  -113.32989890
1.80000000     7.75000000     8.25513683  -113.37379424     1.00000000  -113.05392870  -113.22295820  -113.10008070  -113.32985520
1.80000000     8.00000000     8.49947454  -113.37374536     1.00000000  -113.05395500  -113.22291910  -113.10010740  -113.32981010
1.80000000     8.25000000     8.74413237  -113.37369894     1.00000000  -113.05396970  -113.22288200  -113.10012200  -113.32976720
1.80000000     8.50000000     8.98908417  -113.37365747     1.00000000  -113.05397580  -113.22284670  -113.10012940  -113.32972830
1.80000000     8.75000000     9.23430656  -113.37362248     1.00000000  -113.05397550  -113.22281260  -113.10013280  -113.32969430
1.80000000     9.00000000     9.47977853  -113.37359418     1.00000000  -113.05397040  -113.22277970  -113.10013420  -113.32966540
1.80000000     9.25000000     9.72548119  -113.37357189     1.00000000  -113.05396230  -113.22274810  -113.10013470  -113.32964110
1.80000000     9.50000000     9.97139748  -113.37355515     1.00000000  -113.05395250  -113.22271820  -113.10013470  -113.32962110
1.80000000     9.75000000    10.21751198  -113.37354254     1.00000000  -113.05394180  -113.22269010  -113.10013470  -113.32960450
1.80000000    10.00000000    10.46381070  -113.37353295     1.00000000  -113.05393110  -113.22266420  -113.10013460  -113.32959060


1.90000000     1.50000000     2.61721123  -112.61428394     1.00000000  -112.12846620  -112.31589470  -112.25303960  -112.52730390
1.90000000     1.75000000     2.79772414  -113.16976578     1.00000000  -112.74321580  -112.93689680  -112.82621560  -113.10068500
1.90000000     2.00000000     2.98826474  -113.42164140     1.00000000  -113.03016200  -113.22848870  -113.09031380  -113.36385080
1.90000000     2.25000000     3.18703497  -113.52639877     1.00000000  -113.15454870  -113.35550890  -113.20336880  -113.47519260
1.90000000     2.50000000     3.39258864  -113.56366903     1.00000000  -113.20411990  -113.40394360  -113.24751130  -113.51579460
1.90000000     2.75000000     3.60376518  -113.57216056     1.00000000  -113.22192380  -113.41840960  -113.26316330  -113.52620540
1.90000000     3.00000000     3.81963208  -113.56739243     1.00000000  -113.22259330  -113.41703420  -113.26303510  -113.52260190
1.90000000     3.25000000     4.03943746  -113.55521331     1.00000000  -113.21395520  -113.40707780  -113.25416210  -113.51123570
1.90000000     3.50000000     4.26257208  -113.53948377     1.00000000  -113.20109740  -113.39304220  -113.24123560  -113.49614330
1.90000000     3.75000000     4.48853947  -113.52262901     1.00000000  -113.18716110  -113.37773370  -113.22718780  -113.47985920
1.90000000     4.00000000     4.71693251  -113.50623234     1.00000000  -113.17415770  -113.36292120  -113.21394680  -113.46402330
1.90000000     4.25000000     4.94741529  -113.49149483     1.00000000  -113.16356840  -113.34988410  -113.20297040  -113.44986270
1.90000000     4.50000000     5.17970886  -113.47951366     1.00000000  -113.15655060  -113.33970560  -113.19542010  -113.43847030
1.90000000     4.75000000     5.41358011  -113.47124167     1.00000000  -113.15357240  -113.33316780  -113.19184020  -113.43074810
1.90000000     5.00000000     5.64883310  -113.46692250     1.00000000  -113.15368920  -113.33020330  -113.19150260  -113.42686050
1.90000000     5.25000000     5.88530213  -113.46549987     1.00000000  -113.15502950  -113.32954350  -113.19262800  -113.42568770
1.90000000     5.50000000     6.12284631  -113.46531819     1.00000000  -113.15643130  -113.32974090  -113.19394990  -113.42563470
1.90000000     5.75000000     6.36134519  -113.46547494     1.00000000  -113.15755310  -113.33009040  -113.19505000  -113.42586010
1.90000000     6.00000000     6.60069530  -113.46566509     1.00000000  -113.15836970  -113.33037170  -113.19587150  -113.42608530
1.90000000     6.25000000     6.84080728  -113.46580698     1.00000000  -113.15893690  -113.33054660  -113.19645690  -113.42624270
1.90000000     6.50000000     7.08160363  -113.46589042     1.00000000  -113.15931950  -113.33063200  -113.19686420  -113.42633110
1.90000000     6.75000000     7.32301685  -113.46592540     1.00000000  -113.15957240  -113.33065570  -113.19714250  -113.42636620
1.90000000     7.00000000     7.56498787  -113.46592467     1.00000000  -113.15973750  -113.33064250  -113.19732930  -113.42636450
1.90000000     7.25000000     7.80746484  -113.46589924     1.00000000  -113.15984470  -113.33061070  -113.19745180  -113.42633930
1.90000000     7.50000000     8.05040204  -113.46585883     1.00000000  -113.15991440  -113.33057160  -113.19752980  -113.42630080
1.90000000     7.75000000     8.29375903  -113.46581066     1.00000000  -113.15995970  -113.33053170  -113.19757780  -113.42625620
1.90000000     8.00000000     8.53749990  -113.46576112     1.00000000  -113.15998840  -113.33049330  -113.19760630  -113.42621080
1.90000000     8.25000000     8.78159270  -113.46571429     1.00000000  -113.16000540  -113.33045700  -113.19762260  -113.42616780
1.90000000     8.50000000     9.02600887  -113.46567249     1.00000000  -113.16001360  -113.33042260  -113.19763150  -113.42612890
1.90000000     8.75000000     9.27072284  -113.46563739     1.00000000  -113.16001530  -113.33038960  -113.19763620  -113.42609510
1.90000000     9.00000000     9.51571162  -113.46560872     1.00000000  -113.16001240  -113.33035790  -113.19763860  -113.42606620
1.90000000     9.25000000     9.76095454  -113.46558607     1.00000000  -113.16000630  -113.33032780  -113.19763980  -113.42604200
1.90000000     9.50000000    10.00643289  -113.46556849     1.00000000  -113.15999850  -113.33029940  -113.19764040  -113.42602180
1.90000000     9.75000000    10.25212978  -113.46555499     1.00000000  -113.15998980  -113.33027300  -113.19764070  -113.42600500
1.90000000    10.00000000    10.49802985  -113.46554449     1.00000000  -113.15998090  -113.33024880  -113.19764080  -113.42599090


2.00000000     1.50000000     2.70034980  -112.69090483     1.00000000  -112.22041200  -112.40924120  -112.33684150  -112.60906650
2.00000000     1.75000000     2.87715784  -113.24701266     1.00000000  -112.83244750  -113.02790140  -112.90747140  -113.18183950
2.00000000     2.00000000     3.06417777  -113.49778419     1.00000000  -113.11793390  -113.31777870  -113.17087110  -113.44378250
2.00000000     2.25000000     3.25965237  -113.59987916     1.00000000  -113.24082210  -113.44243130  -113.28276790  -113.55261760
2.00000000     2.50000000     3.46214988  -113.63598625     1.00000000  -113.28676130  -113.48903350  -113.32331990  -113.59178810
2.00000000     2.75000000     3.67050813  -113.64191595     1.00000000  -113.30215430  -113.50101410  -113.33654570  -113.59965240
2.00000000     3.00000000     3.88378400  -113.63626304     1.00000000  -113.30215420  -113.49871680  -113.33576350  -113.59514420
2.00000000     3.25000000     4.10121035  -113.62377249     1.00000000  -113.29313420  -113.48842260  -113.32649650  -113.58344740
2.00000000     3.50000000     4.32216086  -113.60779008     1.00000000  -113.27980000  -113.47411650  -113.31307680  -113.56808670
2.00000000     3.75000000     4.54612172  -113.59057144     1.00000000  -113.26517090  -113.45841800  -113.29832840  -113.55142250
2.00000000     4.00000000     4.77266915  -113.57356618     1.00000000  -113.25117090  -113.44296050  -113.28410230  -113.53496180
2.00000000     4.25000000     5.00145169  -113.55782678     1.00000000  -113.23924560  -113.42886650  -113.27182500  -113.51978050
2.00000000     4.50000000     5.23217614  -113.54432611     1.00000000  -113.23075090  -113.41713800  -113.26284280  -113.50686100
2.00000000     4.75000000     5.46459654  -113.53429399     1.00000000  -113.22674450  -113.40889500  -113.25828290  -113.49740400
2.00000000     5.00000000     5.69850538  -113.52896308     1.00000000  -113.22651720  -113.40489910  -113.25767700  -113.49250730
2.00000000     5.25000000     5.93372663  -113.52726516     1.00000000  -113.22778010  -113.40387620  -113.25877620  -113.49103330
2.00000000     5.50000000     6.17011020  -113.52700571     1.00000000  -113.22916280  -113.40395100  -113.26010090  -113.49088850
2.00000000     5.75000000     6.40752745  -113.52713182     1.00000000  -113.23028240  -113.40425380  -113.26120850  -113.49107830
2.00000000     6.00000000     6.64586761  -113.52730702     1.00000000  -113.23110240  -113.40451790  -113.26203850  -113.49128820
2.00000000     6.25000000     6.88503482  -113.52744065     1.00000000  -113.23167480  -113.40468740  -113.26263220  -113.49143870
2.00000000     6.50000000     7.12494580  -113.52751884     1.00000000  -113.23206270  -113.40477220  -113.26304630  -113.49152370
2.00000000     6.75000000     7.36552787  -113.52754996     1.00000000  -113.23232040  -113.40479700  -113.26333000  -113.49155680
2.00000000     7.00000000     7.60671736  -113.52754626     1.00000000  -113.23248950  -113.40478530  -113.26352060  -113.49155370
2.00000000     7.25000000     7.84845827  -113.52751858     1.00000000  -113.23260030  -113.40475480  -113.26364600  -113.49152740
2.00000000     7.50000000     8.09070116  -113.52747631     1.00000000  -113.23267310  -113.40471690  -113.26372630  -113.49148800
2.00000000     7.75000000     8.33340228  -113.52742709     1.00000000  -113.23272090  -113.40467780  -113.26377630  -113.49144290
2.00000000     8.00000000     8.57652270  -113.52737691     1.00000000  -113.23275190  -113.40464000  -113.26380660  -113.49139720
2.00000000     8.25000000     8.82002777  -113.52732967     1.00000000  -113.23277080  -113.40460440  -113.26382440  -113.49135410
2.00000000     8.50000000     9.06388648  -113.52728805     1.00000000  -113.23278080  -113.40457050  -113.26383470  -113.49131540
2.00000000     8.75000000     9.30807103  -113.52725265     1.00000000  -113.23278410  -113.40453830  -113.26384050  -113.49128160
2.00000000     9.00000000     9.55255643  -113.52722367     1.00000000  -113.23278280  -113.40450770  -113.26384390  -113.49125280
2.00000000     9.25000000     9.79732017  -113.52720058     1.00000000  -113.23277840  -113.40447880  -113.26384580  -113.49122860
2.00000000     9.50000000    10.04234190  -113.52718234     1.00000000  -113.23277210  -113.40445170  -113.26384690  -113.49120830
2.00000000     9.75000000    10.28760317  -113.52716800     1.00000000  -113.23276510  -113.40442680  -113.26384750  -113.49119130
2.00000000    10.00000000    10.53308725  -113.52715658     1.00000000  -113.23275780  -113.40440400  -113.26384770  -113.49117690


2.10000000     1.50000000     2.78459755  -112.74831586     1.00000000  -112.28744090  -112.47736380  -112.39446870  -112.66881340
2.10000000     1.75000000     2.95783943  -113.30188381     1.00000000  -112.89651220  -113.09351240  -112.96531570  -113.23975540
2.10000000     2.00000000     3.14143991  -113.55088454     1.00000000  -113.18051180  -113.38145270  -113.22801130  -113.49999340
2.10000000     2.25000000     3.33368794  -113.65085102     1.00000000  -113.30160270  -113.50379650  -113.33814910  -113.60661110
2.10000000     2.50000000     3.53317221  -113.68385612     1.00000000  -113.34497410  -113.54800310  -113.37638790  -113.64298710
2.10000000     2.75000000     3.73873461  -113.68851220     1.00000000  -113.35688920  -113.55795000  -113.38596700  -113.64924470
2.10000000     3.00000000     3.94942617  -113.68172665     1.00000000  -113.35602970  -113.55450060  -113.38435740  -113.64359470
2.10000000     3.25000000     4.16446847  -113.66901633     1.00000000  -113.34674940  -113.54394760  -113.37482910  -113.63165720
2.10000000     3.50000000     4.38322121  -113.65299127     1.00000000  -113.33316970  -113.52957080  -113.36115100  -113.61623610
2.10000000     3.75000000     4.60515568  -113.63571036     1.00000000  -113.31815170  -113.51378200  -113.34600700  -113.59949370
2.10000000     4.00000000     4.82983327  -113.61851839     1.00000000  -113.30350620  -113.49808580  -113.33115030  -113.58282550
2.10000000     4.25000000     5.05688837  -113.60230830     1.00000000  -113.29055380  -113.48343880  -113.31789410  -113.56714730
2.10000000     4.50000000     5.28601462  -113.58774020     1.00000000  -113.28061200  -113.47055930  -113.30754320  -113.55313890
2.10000000     4.75000000     5.51695397  -113.57572190     1.00000000  -113.27519660  -113.46036680  -113.30164640  -113.54171790
2.10000000     5.00000000     5.74948795  -113.56868366     1.00000000  -113.27430540  -113.45471270  -113.30043400  -113.53513870
2.10000000     5.25000000     5.98343065  -113.56637445     1.00000000  -113.27537080  -113.45301630  -113.30137050  -113.53303460
2.10000000     5.50000000     6.21862307  -113.56591777     1.00000000  -113.27669280  -113.45285730  -113.30265030  -113.53268080
2.10000000     5.75000000     6.45492862  -113.56597044     1.00000000  -113.27779360  -113.45307350  -113.30374790  -113.53279320
2.10000000     6.00000000     6.69222938  -113.56611607     1.00000000  -113.27860990  -113.45330380  -113.30457950  -113.53297250
2.10000000     6.25000000     6.93042312  -113.56623667     1.00000000  -113.27918410  -113.45346030  -113.30517830  -113.53311030
2.10000000     6.50000000     7.16942084  -113.56630846     1.00000000  -113.27957570  -113.45354130  -113.30559780  -113.53319000
2.10000000     6.75000000     7.40914474  -113.56633602     1.00000000  -113.27983740  -113.45356570  -113.30588610  -113.53322070
2.10000000     7.00000000     7.64952655  -113.56632966     1.00000000  -113.28001040  -113.45355500  -113.30608050  -113.53321620
2.10000000     7.25000000     7.89050613  -113.56630025     1.00000000  -113.28012460  -113.45352570  -113.30620870  -113.53318910
2.10000000     7.50000000     8.13203035  -113.56625662     1.00000000  -113.28020030  -113.45348890  -113.30629130  -113.53314910
2.10000000     7.75000000     8.37405208  -113.56620671     1.00000000  -113.28025050  -113.45345050  -113.30634320  -113.53310370
2.10000000     8.00000000     8.61652939  -113.56615626     1.00000000  -113.28028340  -113.45341340  -113.30637510  -113.53305800
2.10000000     8.25000000     8.85942489  -113.56610913     1.00000000  -113.28030400  -113.45337810  -113.30639430  -113.53301500
2.10000000     8.50000000     9.10270509  -113.56606740     1.00000000  -113.28031540  -113.45334480  -113.30640590  -113.53297640
2.10000000     8.75000000     9.34633995  -113.56603210     1.00000000  -113.28032000  -113.45331310  -113.30641280  -113.53294280
2.10000000     9.00000000     9.59030245  -113.56600284     1.00000000  -113.28031990  -113.45328320  -113.30641700  -113.53291400
2.10000000     9.25000000     9.83456820  -113.56597927     1.00000000  -113.28031670  -113.45325510  -113.30641960  -113.53288970
2.10000000     9.50000000    10.07911515  -113.56596053     1.00000000  -113.28031170  -113.45322900  -113.30642110  -113.53286930
2.10000000     9.75000000    10.32392333  -113.56594543     1.00000000  -113.28030580  -113.45320520  -113.30642200  -113.53285210


2.20000000     1.50000000     2.86985679  -112.78837461     1.00000000  -112.33613740  -112.52671120  -112.43754080  -112.71147090
2.20000000     1.75000000     3.03966955  -113.34040330     1.00000000  -112.94219020  -113.14007770  -113.00623850  -113.28053190
2.20000000     2.00000000     3.21995403  -113.58669849     1.00000000  -113.22436960  -113.42580510  -113.26789300  -113.53839180
2.20000000     2.25000000     3.40904927  -113.68563869     1.00000000  -113.34301250  -113.54647950  -113.37540440  -113.64367760
2.20000000     2.50000000     3.60556930  -113.71451742     1.00000000  -113.38468410  -113.58720590  -113.41215380  -113.67620080
2.20000000     2.75000000     3.80836487  -113.71795558     1.00000000  -113.39267460  -113.59560610  -113.41768790  -113.68108780
2.20000000     3.00000000     4.01648552  -113.70970914     1.00000000  -113.39057370  -113.59070600  -113.41487440  -113.67398080
2.20000000     3.25000000     4.22914518  -113.69679489     1.00000000  -113.38109290  -113.57990820  -113.40515430  -113.66182040
2.20000000     3.50000000     4.44569251  -113.68085577     1.00000000  -113.36744300  -113.56558770  -113.39139500  -113.64646810
2.20000000     3.75000000     4.66558624  -113.66371553     1.00000000  -113.35229080  -113.54990820  -113.37610800  -113.62984960
2.20000000     4.00000000     4.88837477  -113.64664583     1.00000000  -113.33733730  -113.53428270  -113.36095320  -113.61328290
2.20000000     4.25000000     5.11367978  -113.63045983     1.00000000  -113.32375330  -113.51956550  -113.34710970  -113.59759810
2.20000000     4.50000000     5.34118282  -113.61559204     1.00000000  -113.31262150  -113.50624420  -113.33565930  -113.58324930
2.20000000     4.75000000     5.57061459  -113.60205277     1.00000000  -113.30543160  -113.49448370  -113.32808340  -113.57030230
2.20000000     5.00000000     5.80174628  -113.59221026     1.00000000  -113.30333840  -113.48623910  -113.32571190  -113.56100140
2.20000000     5.25000000     6.03438256  -113.58869004     1.00000000  -113.30402840  -113.48330390  -113.32630190  -113.55767940
2.20000000     5.50000000     6.26835592  -113.58786760     1.00000000  -113.30523760  -113.48273050  -113.32748380  -113.55694370
2.20000000     5.75000000     6.50352204  -113.58779497     1.00000000  -113.30630150  -113.48279960  -113.32855290  -113.55692370
2.20000000     6.00000000     6.73975607  -113.58789132     1.00000000  -113.30710660  -113.48297380  -113.32937890  -113.55705180
2.20000000     6.25000000     6.97694954  -113.58799244     1.00000000  -113.30767930  -113.48310930  -113.32997960  -113.55716990
2.20000000     6.50000000     7.21500782  -113.58805562     1.00000000  -113.30807290  -113.48318260  -113.33040310  -113.55724150
2.20000000     6.75000000     7.45384806  -113.58807958     1.00000000  -113.30833790  -113.48320450  -113.33069530  -113.55726900
2.20000000     7.00000000     7.69339742  -113.58807105     1.00000000  -113.30851440  -113.48319400  -113.33089300  -113.55726310
2.20000000     7.25000000     7.93359168  -113.58804022     1.00000000  -113.30863170  -113.48316560  -113.33102390  -113.55723530
2.20000000     7.50000000     8.17437397  -113.58799593     1.00000000  -113.30871000  -113.48312970  -113.33110870  -113.55719510
2.20000000     7.75000000     8.41569384  -113.58794572     1.00000000  -113.30876240  -113.48309210  -113.33116240  -113.55714970
2.20000000     8.00000000     8.65750633  -113.58789527     1.00000000  -113.30879700  -113.48305540  -113.33119590  -113.55710410
2.20000000     8.25000000     8.89977128  -113.58784810     1.00000000  -113.30881890  -113.48302050  -113.33121650  -113.55706120
2.20000000     8.50000000     9.14245273  -113.58780660     1.00000000  -113.30883140  -113.48298740  -113.33122920  -113.55702280
2.20000000     8.75000000     9.38551836  -113.58777126     1.00000000  -113.30883700  -113.48295610  -113.33123710  -113.55698930
2.20000000     9.00000000     9.62893908  -113.58774198     1.00000000  -113.30883780  -113.48292660  -113.33124210  -113.55696060


2.30000000     1.50000000     2.95603999  -112.81683073     1.00000000  -112.37136560  -112.56215930  -112.46868960  -112.74191550
2.30000000     1.75000000     3.12255790  -113.36711097     1.00000000  -112.97495370  -113.17257840  -113.03496100  -113.30873390
2.30000000     2.00000000     3.29963077  -113.61060045     1.00000000  -113.25427850  -113.45610340  -113.29485310  -113.56422870
2.30000000     2.25000000     3.48565039  -113.70675130     1.00000000  -113.37064640  -113.57421770  -113.40007560  -113.66679360
2.30000000     2.50000000     3.67925999  -113.73320232     1.00000000  -113.40996510  -113.61230200  -113.43441320  -113.69678380
2.30000000     2.75000000     3.87932332  -113.73442481     1.00000000  -113.41465960  -113.61870700  -113.43664480  -113.69953300
2.30000000     3.00000000     4.08489227  -113.72472454     1.00000000  -113.41068220  -113.61222670  -113.43194720  -113.69091750
2.30000000     3.25000000     4.29517639  -113.71156473     1.00000000  -113.40099520  -113.60113910  -113.42203870  -113.67849370
2.30000000     3.50000000     4.50951612  -113.69576658     1.00000000  -113.38738810  -113.58693340  -113.40831300  -113.66326760
2.30000000     3.75000000     4.72735984  -113.67886776     1.00000000  -113.37228390  -113.57146710  -113.39306270  -113.64687520
2.30000000     4.00000000     4.94824479  -113.66207832     1.00000000  -113.35729300  -113.55607890  -113.37787240  -113.63057050
2.30000000     4.25000000     5.17178131  -113.64620482     1.00000000  -113.34347350  -113.54159440  -113.36382140  -113.61517080
2.30000000     4.50000000     5.39763997  -113.63168887     1.00000000  -113.33166410  -113.52846780  -113.35176530  -113.60112520
2.30000000     4.75000000     5.62554110  -113.61829256     1.00000000  -113.32282930  -113.51658700  -113.34266210  -113.58824080
2.30000000     5.00000000     5.85524620  -113.60507469     1.00000000  -113.31865440  -113.50533930  -113.33825280  -113.57570430
2.30000000     5.25000000     6.08655103  -113.59889083     1.00000000  -113.31860230  -113.49984610  -113.33813430  -113.56976110
2.30000000     5.50000000     6.31927993  -113.59736021     1.00000000  -113.31961300  -113.49848420  -113.33913510  -113.56829020
2.30000000     5.75000000     6.55328119  -113.59706965     1.00000000  -113.32061390  -113.49829630  -113.34015090  -113.56803920
2.30000000     6.00000000     6.78842321  -113.59708937     1.00000000  -113.32139830  -113.49837680  -113.34096200  -113.56808510
2.30000000     6.25000000     7.02459145  -113.59715924     1.00000000  -113.32196520  -113.49847620  -113.34156070  -113.56817060
2.30000000     6.50000000     7.26168579  -113.59721052     1.00000000  -113.32235890  -113.49853600  -113.34198630  -113.56822990
2.30000000     6.75000000     7.49961838  -113.59722882     1.00000000  -113.32262620  -113.49855400  -113.34228150  -113.56825240
2.30000000     7.00000000     7.73831192  -113.59721799     1.00000000  -113.32280550  -113.49854250  -113.34248200  -113.56824460
2.30000000     7.25000000     7.97769808  -113.59718598     1.00000000  -113.32292550  -113.49851450  -113.34261530  -113.56821610
2.30000000     7.50000000     8.21771636  -113.59714136     1.00000000  -113.32300620  -113.49847920  -113.34270210  -113.56817580
2.30000000     7.75000000     8.45831292  -113.59709110     1.00000000  -113.32306060  -113.49844220  -113.34275750  -113.56813050
2.30000000     8.00000000     8.69943981  -113.59704100     1.00000000  -113.32309670  -113.49840530  -113.34279240  -113.56808500
2.30000000     8.25000000     8.94105410  -113.59699415     1.00000000  -113.32311960  -113.49837060  -113.34281430  -113.56804240
2.30000000     8.50000000     9.18311732  -113.59695269     1.00000000  -113.32313300  -113.49833770  -113.34282810  -113.56800410
2.30000000     8.75000000     9.42559490  -113.59691743     1.00000000  -113.32313930  -113.49830650  -113.34283690  -113.56797070
2.30000000     9.00000000     9.66845564  -113.59688821     1.00000000  -113.32314070  -113.49827720  -113.34284250  -113.56794210
2.30000000     9.25000000     9.91167140  -113.59686410     1.00000000  -113.32313890  -113.49825000  -113.34284610  -113.56791770
2.30000000     9.50000000    10.15521666  -113.59684451     1.00000000  -113.32313530  -113.49822510  -113.34284840  -113.56789710
2.30000000     9.75000000    10.39906826  -113.59682835     1.00000000  -113.32313090  -113.49820250  -113.34284980  -113.56787950


2.40000000     1.50000000     3.04306866  -112.83601744     1.00000000  -112.39823540  -112.58716560  -112.49516210  -112.76341190
2.40000000     1.75000000     3.20642241  -113.38322485     1.00000000  -112.99834440  -113.19498690  -113.05738200  -113.32717530
2.40000000     2.00000000     3.38038792  -113.62640755     1.00000000  -113.27395050  -113.47636210  -113.31224830  -113.58133650
2.40000000     2.25000000     3.56341133  -113.71870154     1.00000000  -113.38864320  -113.59105290  -113.41603290  -113.68024230
2.40000000     2.50000000     3.75416810  -113.74300959     1.00000000  -113.42429660  -113.62710920  -113.44647890  -113.70808310
2.40000000     2.75000000     3.95153843  -113.74058913     1.00000000  -113.42675410  -113.63060100  -113.44659050  -113.70747830
2.40000000     3.00000000     4.15457985  -113.73023986     1.00000000  -113.42013000  -113.62286500  -113.43912680  -113.69796210
2.40000000     3.25000000     4.36250061  -113.71673323     1.00000000  -113.41016600  -113.61139300  -113.42896750  -113.68517820
2.40000000     3.50000000     4.57463544  -113.70108352     1.00000000  -113.39665630  -113.59731080  -113.41533260  -113.67008730
2.40000000     3.75000000     4.79042453  -113.68444767     1.00000000  -113.38170470  -113.58208850  -113.40022330  -113.65394650
2.40000000     4.00000000     5.00939567  -113.66798477     1.00000000  -113.36684820  -113.56699540  -113.38516410  -113.63795400
2.40000000     4.25000000     5.23114928  -113.65250807     1.00000000  -113.35308220  -113.55284700  -113.37117940  -113.62292880
2.40000000     4.50000000     5.45534606  -113.63853028     1.00000000  -113.34111450  -113.54014280  -113.35900380  -113.60938320
2.40000000     4.75000000     5.68169679  -113.62619916     1.00000000  -113.33150740  -113.52905410  -113.34921410  -113.59747590
2.40000000     5.00000000     5.90995400  -113.61421220     1.00000000  -113.32492040  -113.51855840  -113.34247190  -113.58600620
2.40000000     5.25000000     6.13990505  -113.60126182     1.00000000  -113.32295800  -113.50738570  -113.34048710  -113.57369500
2.40000000     5.50000000     6.37136656  -113.59798320     1.00000000  -113.32356520  -113.50408920  -113.34111780  -113.57041350
2.40000000     5.75000000     6.60417971  -113.59726364     1.00000000  -113.32445540  -113.50338030  -113.34203580  -113.56970200
2.40000000     6.00000000     6.83820645  -113.59714537     1.00000000  -113.32520330  -113.50328850  -113.34281750  -113.56959840
2.40000000     6.25000000     7.07332633  -113.59716567     1.00000000  -113.32575840  -113.50332370  -113.34340840  -113.56962950
2.40000000     6.50000000     7.30943385  -113.59719751     1.00000000  -113.32614950  -113.50335870  -113.34383330  -113.56966760
2.40000000     6.75000000     7.54643631  -113.59720771     1.00000000  -113.32641760  -113.50336760  -113.34413020  -113.56968170
2.40000000     7.00000000     7.78425197  -113.59719234     1.00000000  -113.32659890  -113.50335320  -113.34433280  -113.56966990
2.40000000     7.25000000     8.02280852  -113.59715906     1.00000000  -113.32672130  -113.50332470  -113.34446810  -113.56964030
2.40000000     7.50000000     8.26204178  -113.59711397     1.00000000  -113.32680400  -113.50328960  -113.34455670  -113.56959970
2.40000000     7.75000000     8.50189462  -113.59706372     1.00000000  -113.32685990  -113.50325290  -113.34461370  -113.56955450
2.40000000     8.00000000     8.74231606  -113.59701350     1.00000000  -113.32689720  -113.50321680  -113.34464990  -113.56950920
2.40000000     8.25000000     8.98326042  -113.59737278     1.00000000  -113.32692110  -113.50318230  -113.34288180  -113.56945160
2.40000000     8.50000000     9.22468675  -113.59734641     1.00000000  -113.32693520  -113.50314940  -113.34290650  -113.56942450
2.40000000     8.75000000     9.46655816  -113.59689068     1.00000000  -113.32694200  -113.50311830  -113.34469710  -113.56939550


2.50000000     1.50000000     3.13087230  -112.84864143     1.00000000  -112.41399680  -112.60491130  -112.51104990  -112.77814550
2.50000000     1.75000000     3.29118847  -113.39470663     1.00000000  -113.01475600  -113.21017450  -113.07210920  -113.33979320
2.50000000     2.00000000     3.46214988  -113.63598410     1.00000000  -113.28676130  -113.48903250  -113.32331990  -113.59178640
2.50000000     2.25000000     3.64225782  -113.72515346     1.00000000  -113.39889870  -113.60125760  -113.42475190  -113.68784760
2.50000000     2.50000000     3.83022222  -113.74698898     1.00000000  -113.43070970  -113.63527080  -113.45117760  -113.71333830
2.50000000     2.75000000     4.02494254  -113.74053141     1.00000000  -113.43149420  -113.63476460  -113.44977260  -113.70873170
2.50000000     3.00000000     4.22548490  -113.72893451     1.00000000  -113.42184320  -113.62560050  -113.43915590  -113.69787720
2.50000000     3.25000000     4.43105889  -113.71493079     1.00000000  -113.41146270  -113.61359580  -113.42861310  -113.68458530
2.50000000     3.50000000     4.64099592  -113.69939699     1.00000000  -113.39805720  -113.59960930  -113.41507930  -113.66959990
2.50000000     3.75000000     4.85473000  -113.68300669     1.00000000  -113.38329880  -113.58461860  -113.40015360  -113.65369590
2.50000000     4.00000000     5.07178110  -113.66685648     1.00000000  -113.36865850  -113.56981760  -113.38530640  -113.63800600
2.50000000     4.25000000     5.29174109  -113.65175932     1.00000000  -113.35510080  -113.55601240  -113.37153550  -113.62334620
2.50000000     4.50000000     5.51426187  -113.63826209     1.00000000  -113.34328620  -113.54372290  -113.35953060  -113.61025830
2.50000000     4.75000000     5.73904558  -113.62668619     1.00000000  -113.33365630  -113.53324870  -113.34975310  -113.59905900
2.50000000     5.00000000     5.96583644  -113.61707514     1.00000000  -113.32640880  -113.52463650  -113.34242030  -113.58979610


2.60000000     1.50000000     3.21938749  -112.85841178     1.00000000  -112.42841420  -112.61615270  -112.52168980  -112.78771290
2.60000000     1.75000000     3.37678818  -113.40175514     1.00000000  -113.02580620  -113.22004690  -113.08199110  -113.34772900
2.60000000     2.00000000     3.54484711  -113.64029819     1.00000000  -113.29525300  -113.49624420  -113.33066720  -113.59700830
2.60000000     2.25000000     3.72212086  -113.72783100     1.00000000  -113.40354940  -113.60669860  -113.42820470  -113.69136100
2.60000000     2.50000000     3.90735541  -113.74577839     1.00000000  -113.43381490  -113.63674230  -113.45324020  -113.71295360
2.60000000     2.75000000     4.09947179  -113.73651254     1.00000000  -113.43069160  -113.63385690  -113.44780930  -113.70567420
2.60000000     3.00000000     4.29754716  -113.72290717     1.00000000  -113.41812130  -113.62277910  -113.43419090  -113.69283100
2.60000000     3.25000000     4.50079484  -113.70820385     1.00000000  -113.40709530  -113.61003660  -113.42303780  -113.67882840
2.60000000     3.50000000     4.70854509  -113.69272332     1.00000000  -113.39376400  -113.59608470  -113.40957870  -113.66388740
2.60000000     3.75000000     4.92022758  -113.67653461     1.00000000  -113.37919430  -113.58128460  -113.39483540  -113.64817820
2.60000000     4.00000000     5.13535608  -113.66065819     1.00000000  -113.36479040  -113.56674390  -113.38022220  -113.63275520
2.60000000     4.25000000     5.35351517  -113.64589836     1.00000000  -113.35149860  -113.55325280  -113.36672110  -113.61842340
2.60000000     4.50000000     5.57434905  -113.63280263     1.00000000  -113.33996370  -113.54133070  -113.35500530  -113.60572470
2.60000000     4.75000000     5.79755207  -113.62171822     1.00000000  -113.33060070  -113.53129290  -113.34550850  -113.59499780
2.60000000     5.00000000     6.02286083  -113.61277718     1.00000000  -113.32355680  -113.52326010  -113.33839760  -113.58637380
2.60000000     5.25000000     6.25004762  -113.60578779     1.00000000  -113.31866480  -113.51711740  -113.33354090  -113.57969400
2.60000000     5.50000000     6.47891487  -113.60089263     1.00000000  -113.31554350  -113.51247270  -113.33055630  -113.57490910
2.60000000     5.75000000     6.70929061  -113.59798367     1.00000000  -113.31370400  -113.50938980  -113.32882430  -113.57195380
2.60000000     6.00000000     6.94102465  -113.59617783     1.00000000  -113.31262200  -113.50749540  -113.32782140  -113.57012800
2.60000000     6.25000000     7.17398535  -113.59502170     1.00000000  -113.31196740  -113.50627620  -113.32723080  -113.56895880
2.60000000     6.50000000     7.40805699  -113.59425467     1.00000000  -113.31155650  -113.50545630  -113.32687080  -113.56818040
2.60000000     6.75000000     7.64313751  -113.59372409     1.00000000  -113.31128760  -113.50488420  -113.32664060  -113.56764070
2.60000000     7.00000000     7.87913661  -113.59334170     1.00000000  -113.31110500  -113.50447390  -113.32648480  -113.56725230
2.60000000     7.25000000     8.11597414  -113.59305691     1.00000000  -113.31097700  -113.50417290  -113.32637360  -113.56696420
2.60000000     7.50000000     8.35357881  -113.59283751     1.00000000  -113.31088510  -113.50394840  -113.32629060  -113.56674430
2.60000000     7.75000000     8.59188696  -113.59266770     1.00000000  -113.31081720  -113.50377830  -113.32622680  -113.56657500
2.60000000     8.00000000     8.83084165  -113.59253384     1.00000000  -113.31076560  -113.50364690  -113.32617710  -113.56644230
2.60000000     8.25000000     9.07039177  -113.59242820     1.00000000  -113.31072460  -113.50354360  -113.32613810  -113.56633780
2.60000000     8.50000000     9.31049136  -113.59234593     1.00000000  -113.31069090  -113.50346060  -113.32610730  -113.56625570
2.60000000     8.75000000     9.55109900  -113.59227875     1.00000000  -113.31066230  -113.50339250  -113.32608280  -113.56618880
2.60000000     9.00000000     9.79217722  -113.59222620     1.00000000  -113.31063740  -113.50333590  -113.32606330  -113.56613560
2.60000000     9.25000000    10.03369211  -113.59218441     1.00000000  -113.31061570  -113.50328800  -113.32604750  -113.56609250
2.60000000     9.50000000    10.27561288  -113.59215088     1.00000000  -113.31059690  -113.50324740  -113.32603450  -113.56605730
2.60000000     9.75000000    10.51791151  -113.59212353     1.00000000  -113.31058050  -113.50321260  -113.32602360  -113.56602810
2.60000000    10.00000000    10.76056250  -113.59210096     1.00000000  -113.31056630  -113.50318280  -113.32601450  -113.56600370


2.70000000     1.50000000     3.30855712  -112.86236531     1.00000000  -112.43355610  -112.62348460  -112.52830480  -112.79334450
2.70000000     1.75000000     3.46315972  -113.40353388     1.00000000  -113.02746810  -113.22623410  -113.08805830  -113.35208160
2.70000000     2.00000000     3.62841568  -113.64187323     1.00000000  -113.30053850  -113.50005750  -113.33520560  -113.59930860
2.70000000     2.25000000     3.80293641  -113.72849721     1.00000000  -113.40494130  -113.60884640  -113.42864090  -113.69242010
2.70000000     2.50000000     3.98550504  -113.74259419     1.00000000  -113.43298220  -113.63588140  -113.45160040  -113.71049950
2.70000000     2.75000000     4.17506592  -113.73007151     1.00000000  -113.42596890  -113.62987180  -113.44220820  -113.69999650
2.70000000     3.00000000     4.37070938  -113.71373956     1.00000000  -113.41082690  -113.61622720  -113.42599770  -113.68448070
2.70000000     3.25000000     4.57165457  -113.69816726     1.00000000  -113.39878490  -113.60253050  -113.41384720  -113.66957840
2.70000000     3.50000000     4.77723252  -113.68263270     1.00000000  -113.38546340  -113.58850530  -113.40040220  -113.65457520
2.70000000     3.75000000     4.98687032  -113.66657938     1.00000000  -113.37104730  -113.57382880  -113.38581010  -113.63899520
2.70000000     4.00000000     5.20007698  -113.65092470     1.00000000  -113.35686300  -113.55949820  -113.37141700  -113.62378840
2.70000000     4.25000000     5.41643108  -113.63645009     1.00000000  -113.34384000  -113.54627850  -113.35818910  -113.60973620
2.70000000     4.50000000     5.63557013  -113.62368940     1.00000000  -113.33261210  -113.53467000  -113.34678760  -113.59736470
2.70000000     4.75000000     5.85718155  -113.61297443     1.00000000  -113.32357850  -113.52497330  -113.33762800  -113.58699710
2.70000000     5.00000000     6.08099505  -113.60441357     1.00000000  -113.31686090  -113.51728700  -113.33084840  -113.57874090
2.70000000     5.25000000     6.30677618  -113.59770187     1.00000000  -113.31225760  -113.51147160  -113.32628640  -113.57235630
2.70000000     5.50000000     6.53432100  -113.59282726     1.00000000  -113.30937130  -113.50696320  -113.32358560  -113.56763990
2.70000000     5.75000000     6.76345148  -113.59006870     1.00000000  -113.30775750  -113.50392400  -113.32209190  -113.56479880
2.70000000     6.00000000     6.99401179  -113.58834668     1.00000000  -113.30684130  -113.50210980  -113.32124800  -113.56305450
2.70000000     6.25000000     7.22586507  -113.58723987     1.00000000  -113.30629040  -113.50094430  -113.32075260  -113.56193490
2.70000000     6.50000000     7.45889074  -113.58650091     1.00000000  -113.30593990  -113.50015760  -113.32044630  -113.56118540
2.70000000     6.75000000     7.69298226  -113.58598562     1.00000000  -113.30570510  -113.49960530  -113.32024550  -113.56066190
2.70000000     7.00000000     7.92804523  -113.58561164     1.00000000  -113.30554130  -113.49920630  -113.32010560  -113.56028250
2.70000000     7.25000000     8.16399572  -113.58533153     1.00000000  -113.30542370  -113.49891220  -113.32000300  -113.55999960
2.70000000     7.50000000     8.40075897  -113.58511483     1.00000000  -113.30533740  -113.49869160  -113.31992480  -113.55978270
2.70000000     7.75000000     8.63826813  -113.58494680     1.00000000  -113.30527270  -113.49852380  -113.31986380  -113.55961530
2.70000000     8.00000000     8.87646333  -113.58481437     1.00000000  -113.30522270  -113.49839400  -113.31981580  -113.55948410
2.70000000     8.25000000     9.11529080  -113.58471092     1.00000000  -113.30518270  -113.49829150  -113.31977790  -113.55938130
2.70000000     8.50000000     9.35470210  -113.58462808     1.00000000  -113.30514950  -113.49820890  -113.31974780  -113.55929900
2.70000000     8.75000000     9.59465353  -113.58456111     1.00000000  -113.30512110  -113.49814110  -113.31972390  -113.55923240
2.70000000     9.00000000     9.83510556  -113.58450880     1.00000000  -113.30509640  -113.49808460  -113.31970470  -113.55917940
2.70000000     9.25000000    10.07602235  -113.58446700     1.00000000  -113.30507490  -113.49803700  -113.31968910  -113.55913640
2.70000000     9.50000000    10.31737135  -113.58443340     1.00000000  -113.30505620  -113.49799650  -113.31967630  -113.55910120
2.70000000     9.75000000    10.55912291  -113.58440596     1.00000000  -113.30504000  -113.49796190  -113.31966550  -113.55907200
2.70000000    10.00000000    10.80125000  -113.58438338     1.00000000  -113.30502600  -113.49793220  -113.31965640  -113.55904760


2.80000000     1.50000000     3.39832969  -112.86466732     1.00000000  -112.44045950  -112.62699100  -112.53111520  -112.79527460
2.80000000     1.75000000     3.55024677  -113.40636834     1.00000000  -113.03626300  -113.22862190  -113.09111820  -113.35364520
2.80000000     2.00000000     3.71279673  -113.64152212     1.00000000  -113.30316100  -113.50143340  -113.33732610  -113.59952970
2.80000000     2.25000000     3.88464503  -113.72620055     1.00000000  -113.40507220  -113.60813100  -113.42822690  -113.69062540
2.80000000     2.50000000     4.06461246  -113.73844437     1.00000000  -113.42956440  -113.63340800  -113.44752750  -113.70686350
2.80000000     2.75000000     4.25166814  -113.72233317     1.00000000  -113.41985280  -113.62401140  -113.43549530  -113.69285280
2.80000000     3.00000000     4.44491725  -113.70223654     1.00000000  -113.40150640  -113.60727320  -113.41609040  -113.67381810
2.80000000     3.25000000     4.64358663  -113.68615074     1.00000000  -113.38789290  -113.59257660  -113.40231110  -113.65821320
2.80000000     3.50000000     4.84700983  -113.67036191     1.00000000  -113.37447000  -113.57827080  -113.38877460  -113.64294610
2.80000000     3.75000000     5.05461292  -113.65434707     1.00000000  -113.36014690  -113.56361310  -113.37427810  -113.62739650
2.80000000     4.00000000     5.26590155  -113.63885123     1.00000000  -113.34614340  -113.54942620  -113.36006940  -113.61234240
2.80000000     4.25000000     5.48044949  -113.62460719     1.00000000  -113.33336380  -113.53642280  -113.34709090  -113.59851540
2.80000000     4.50000000     5.69788856  -113.61212292     1.00000000  -113.32242500  -113.52507420  -113.33598570  -113.58641440
2.80000000     4.75000000     5.91790009  -113.60170213     1.00000000  -113.31370290  -113.51565040  -113.32714380  -113.57633330
2.80000000     5.00000000     6.14020757  -113.59342520     1.00000000  -113.30728210  -113.50822090  -113.32066350  -113.56835080
2.80000000     5.25000000     6.36457040  -113.58696049     1.00000000  -113.30291710  -113.50263630  -113.31633400  -113.56220550
2.80000000     5.50000000     6.59077870  -113.58199915     1.00000000  -113.30017840  -113.49825670  -113.31381950  -113.55748400
2.80000000     5.75000000     6.81864879  -113.57939603     1.00000000  -113.29869250  -113.49519190  -113.31246890  -113.55473630
2.80000000     6.00000000     7.04801949  -113.57775124     1.00000000  -113.29786270  -113.49344590  -113.31171130  -113.55306600
2.80000000     6.25000000     7.27874895  -113.57668915     1.00000000  -113.29736200  -113.49232910  -113.31126460  -113.55199230
2.80000000     6.50000000     7.51071193  -113.57597597     1.00000000  -113.29703990  -113.49157250  -113.31098530  -113.55126990
2.80000000     6.75000000     7.74379759  -113.57547481     1.00000000  -113.29682120  -113.49103900  -113.31079940  -113.55076200
2.80000000     7.00000000     7.97790753  -113.57510978     1.00000000  -113.29666670  -113.49065030  -113.31066790  -113.55039190
2.80000000     7.25000000     8.21295416  -113.57483456     1.00000000  -113.29655460  -113.49036280  -113.31057020  -113.55011440
2.80000000     7.50000000     8.44885930  -113.57462232     1.00000000  -113.29647160  -113.49014640  -113.31049490  -113.54990180
2.80000000     7.75000000     8.68555300  -113.57445497     1.00000000  -113.29640870  -113.48998100  -113.31043580  -113.54973570
2.80000000     8.00000000     8.92297251  -113.57432516     1.00000000  -113.29635980  -113.48985260  -113.31038900  -113.54960670
2.80000000     8.25000000     9.16106139  -113.57422145     1.00000000  -113.29632040  -113.48975080  -113.31035190  -113.54950400
2.80000000     8.50000000     9.39976879  -113.57413920     1.00000000  -113.29628750  -113.48966870  -113.31032240  -113.54942230
2.80000000     8.75000000     9.63904874  -113.57407252     1.00000000  -113.29625940  -113.48960120  -113.31029890  -113.54935600
2.80000000     9.00000000     9.87885966  -113.57402043     1.00000000  -113.29623480  -113.48954480  -113.31028000  -113.54930320
2.80000000     9.25000000    10.11916378  -113.57397890     1.00000000  -113.29621340  -113.48949720  -113.31026470  -113.54926040
2.80000000     9.50000000    10.35992679  -113.57394508     1.00000000  -113.29619480  -113.48945680  -113.31025200  -113.54922510
2.80000000     9.75000000    10.60111742  -113.57391751     1.00000000  -113.29617870  -113.48942240  -113.31024140  -113.54919590
2.80000000    10.00000000    10.84270713  -113.57389477     1.00000000  -113.29616490  -113.48939280  -113.31023230  -113.54917140


2.90000000     1.50000000     3.48865865  -112.86459589     1.00000000  -112.44229830  -112.62820430  -112.53261830  -112.79565360
2.90000000     1.75000000     3.63799794  -113.40526561     1.00000000  -113.03731750  -113.22894520  -113.09182970  -113.35303680
2.90000000     2.00000000     3.79793613  -113.63956390     1.00000000  -113.30356120  -113.50086580  -113.33739000  -113.59804380
2.90000000     2.25000000     3.96719154  -113.72270666     1.00000000  -113.40420400  -113.60603690  -113.42706380  -113.68760760
2.90000000     2.50000000     4.14462285  -113.73442633     1.00000000  -113.42545730  -113.63004210  -113.44293190  -113.70300650
2.90000000     2.75000000     4.32922492  -113.71427634     1.00000000  -113.41325350  -113.61749180  -113.42849160  -113.68529530
2.90000000     3.00000000     4.52011928  -113.69071595     1.00000000  -113.39130120  -113.59774800  -113.40548820  -113.66296300
2.90000000     3.25000000     4.71654197  -113.67347037     1.00000000  -113.37556780  -113.58167940  -113.38949260  -113.64610460
2.90000000     3.50000000     4.91783062  -113.65692448     1.00000000  -113.36182030  -113.56654120  -113.37565830  -113.63005580
2.90000000     3.75000000     5.12341174  -113.64078638     1.00000000  -113.34749800  -113.55171590  -113.36117430  -113.61436750
2.90000000     4.00000000     5.33278893  -113.62536549     1.00000000  -113.33361960  -113.53757840  -113.34709890  -113.59937930
2.90000000     4.25000000     5.54553222  -113.61129439     1.00000000  -113.32104280  -113.52472810  -113.33433120  -113.58571830
2.90000000     4.50000000     5.76126874  -113.59903019     1.00000000  -113.31035630  -113.51358150  -113.32348600  -113.57383110
2.90000000     4.75000000     5.97967451  -113.58884419     1.00000000  -113.30190200  -113.50437010  -113.31491850  -113.56397690
2.90000000     5.00000000     6.20046749  -113.58079544     1.00000000  -113.29572150  -113.49713230  -113.30868130  -113.55620920
2.90000000     5.25000000     6.42340151  -113.57457885     1.00000000  -113.29153200  -113.49171170  -113.30451630  -113.55027960
2.90000000     5.50000000     6.64826119  -113.56937812     1.00000000  -113.28887280  -113.48756090  -113.30210980  -113.54548800
2.90000000     5.75000000     6.87485758  -113.56696351     1.00000000  -113.28745590  -113.48430730  -113.30085410  -113.54279910
2.90000000     6.00000000     7.10302447  -113.56537760     1.00000000  -113.28668110  -113.48261050  -113.30015320  -113.54118450
2.90000000     6.25000000     7.33261525  -113.56435081     1.00000000  -113.28621270  -113.48152970  -113.29973860  -113.54014630
2.90000000     6.50000000     7.56350027  -113.56365783     1.00000000  -113.28590940  -113.48079640  -113.29947750  -113.53944510
2.90000000     6.75000000     7.79556452  -113.56316863     1.00000000  -113.28570190  -113.48027730  -113.29930200  -113.53894990
2.90000000     7.00000000     8.02870575  -113.56281103     1.00000000  -113.28555410  -113.47989760  -113.29917670  -113.53858770
2.90000000     7.25000000     8.26283280  -113.56254028     1.00000000  -113.28544610  -113.47961590  -113.29908280  -113.53831510
2.90000000     7.50000000     8.49786419  -113.56233093     1.00000000  -113.28536550  -113.47940300  -113.29900990  -113.53810560
2.90000000     7.75000000     8.73372690  -113.56216669     1.00000000  -113.28530420  -113.47923990  -113.29895230  -113.53794230
2.90000000     8.00000000     8.97035537  -113.56203686     1.00000000  -113.28525620  -113.47911260  -113.29890660  -113.53781370
2.90000000     8.25000000     9.20769055  -113.56193394     1.00000000  -113.28521730  -113.47901150  -113.29887030  -113.53771180
2.90000000     8.50000000     9.44567918  -113.56185237     1.00000000  -113.28518470  -113.47892980  -113.29884130  -113.53763070
2.90000000     8.75000000     9.68427308  -113.56178736     1.00000000  -113.28515660  -113.47886250  -113.29881820  -113.53756560


3.00000000     1.50000000     3.57950186  -112.86305565     1.00000000  -112.44230180  -112.62755870  -112.53312760  -112.79458200
3.00000000     1.75000000     3.72636631  -113.40256177     1.00000000  -113.03643260  -113.22741750  -113.09073570  -113.35075430
3.00000000     2.00000000     3.88378400  -113.63626294     1.00000000  -113.30215420  -113.49871670  -113.33576350  -113.59514410
3.00000000     2.25000000     4.05052471  -113.71859932     1.00000000  -113.40217360  -113.60304250  -113.42484750  -113.68388640
3.00000000     2.50000000     4.22548490  -113.72893266     1.00000000  -113.42184320  -113.62559960  -113.43915590  -113.69787570
3.00000000     2.75000000     4.40768589  -113.70825361     1.00000000  -113.40633680  -113.61198030  -113.42117630  -113.67939630
3.00000000     3.00000000     4.59626666  -113.68468318     1.00000000  -113.38314000  -113.58957460  -113.39730980  -113.65614580
3.00000000     3.25000000     4.79047382  -113.66410775     1.00000000  -113.36449800  -113.57167380  -113.37815890  -113.63646690
3.00000000     3.50000000     4.98965046  -113.64331493     1.00000000  -113.34838620  -113.55453890  -113.36184560  -113.61696930
3.00000000     3.75000000     5.19322482  -113.62667020     1.00000000  -113.33389290  -113.53904370  -113.34723100  -113.60072050
3.00000000     4.00000000     5.40069961  -113.61119952     1.00000000  -113.32006240  -113.52479750  -113.33322050  -113.58566290
3.00000000     4.25000000     5.61164223  -113.59722729     1.00000000  -113.30763680  -113.51201050  -113.32061540  -113.57208880
3.00000000     4.50000000     5.82567599  -113.58512820     1.00000000  -113.29715660  -113.50100170  -113.30998600  -113.56035750
3.00000000     4.75000000     6.04247243  -113.57512244     1.00000000  -113.28891970  -113.49194190  -113.30164360  -113.55067370
3.00000000     5.00000000     6.26174459  -113.56724450     1.00000000  -113.28292280  -113.48483570  -113.29559410  -113.54306280
3.00000000     5.25000000     6.48324129  -113.56125263     1.00000000  -113.27885570  -113.47952450  -113.29154130  -113.53731480
3.00000000     5.50000000     6.70674212  -113.55572491     1.00000000  -113.27624050  -113.47563190  -113.28917840  -113.53240180
3.00000000     5.75000000     6.93205324  -113.55349627     1.00000000  -113.27483790  -113.47209490  -113.28798900  -113.52974110
3.00000000     6.00000000     7.15900373  -113.55195910     1.00000000  -113.27410160  -113.47042600  -113.28732890  -113.52816820
3.00000000     6.25000000     7.38744250  -113.55096027     1.00000000  -113.27365670  -113.46937270  -113.28693790  -113.52715780
3.00000000     6.50000000     7.61723565  -113.55028376     1.00000000  -113.27336760  -113.46865900  -113.28669060  -113.52647410
3.00000000     6.75000000     7.84826422  -113.54980521     1.00000000  -113.27316880  -113.46815090  -113.28652330  -113.52598960
3.00000000     7.00000000     8.08042223  -113.54945343     1.00000000  -113.27302640  -113.46777970  -113.28640300  -113.52563410
3.00000000     7.25000000     8.31361508  -113.54918714     1.00000000  -113.27292180  -113.46750210  -113.28631230  -113.52536580
3.00000000     7.50000000     8.54775807  -113.54898025     1.00000000  -113.27284340  -113.46729240  -113.28624150  -113.52515900
3.00000000     7.75000000     8.78277520  -113.54881780     1.00000000  -113.27278340  -113.46713110  -113.28618530  -113.52499750
3.00000000     8.00000000     9.01859815  -113.54868914     1.00000000  -113.27273620  -113.46700500  -113.28614060  -113.52487010
3.00000000     8.25000000     9.25516530  -113.54858719     1.00000000  -113.27269770  -113.46690460  -113.28610490  -113.52476910
3.00000000     8.50000000     9.49242103  -113.54850593     1.00000000  -113.27266530  -113.46682330  -113.28607650  -113.52468840
3.00000000     8.75000000     9.73031497  -113.54844144     1.00000000  -113.27263750  -113.46675620  -113.28605370  -113.52462370
3.00000000     9.00000000     9.96880141  -113.54838966     1.00000000  -113.27261320  -113.46670000  -113.28603530  -113.52457120
3.00000000     9.25000000    10.20783884  -113.54834693     1.00000000  -113.27259200  -113.46665260  -113.28602030  -113.52452770
3.00000000     9.50000000    10.44738944  -113.54831317     1.00000000  -113.27257350  -113.46661230  -113.28600790  -113.52449250
3.00000000     9.75000000    10.68741870  -113.54828549     1.00000000  -113.27255770  -113.46657790  -113.28599740  -113.52446320
3.00000000    10.00000000    10.92789507  -113.54826271     1.00000000  -113.27254410  -113.46654840  -113.28598840  -113.52443870


3.10000000     1.50000000     3.67082117  -112.86003238     1.00000000  -112.44099370  -112.62557000  -112.53172140  -112.79195580
3.10000000     1.75000000     3.81530900  -113.39864553     1.00000000  -113.03409580  -113.22448990  -113.08828160  -113.34720290
3.10000000     2.00000000     3.97029437  -113.63187596     1.00000000  -113.29932320  -113.49530360  -113.33279520  -113.59110450
3.10000000     2.25000000     4.13459697  -113.71383967     1.00000000  -113.39902700  -113.59920960  -113.42157940  -113.67945340
3.10000000     2.50000000     4.30715065  -113.72345121     1.00000000  -113.41809220  -113.62100730  -113.43532690  -113.69271030
3.10000000     2.75000000     4.48700361  -113.70170873     1.00000000  -113.40088260  -113.60609590  -113.41563660  -113.67307970
3.10000000     3.00000000     4.67331318  -113.67635700     1.00000000  -113.37573080  -113.58231390  -113.38965910  -113.64817110
3.10000000     3.25000000     4.86533768  -113.65362124     1.00000000  -113.35502520  -113.56194020  -113.36845150  -113.62621780
3.10000000     3.50000000     5.06242683  -113.63309019     1.00000000  -113.33574430  -113.54377800  -113.34883890  -113.60649500
3.10000000     3.75000000     5.26401179  -113.61278576     1.00000000  -113.32000630  -113.52659270  -113.33304980  -113.58730700
3.10000000     4.00000000     5.46959549  -113.59695703     1.00000000  -113.30608400  -113.51180790  -113.31899410  -113.57183260
3.10000000     4.25000000     5.67874365  -113.58297412     1.00000000  -113.29374090  -113.49893520  -113.30649150  -113.55822310
3.10000000     4.50000000     5.89107666  -113.57097410     1.00000000  -113.28341420  -113.48797900  -113.29602840  -113.54657540
3.10000000     4.75000000     6.10626226  -113.56109165     1.00000000  -113.27534180  -113.47900130  -113.28786100  -113.53700110
3.10000000     5.00000000     6.32400929  -113.55332735     1.00000000  -113.26947490  -113.47196390  -113.28194880  -113.52948840
3.10000000     5.25000000     6.54406206  -113.54749305     1.00000000  -113.26548490  -113.46670050  -113.27796790  -113.52385780
3.10000000     5.50000000     6.76619560  -113.54170063     1.00000000  -113.26289430  -113.46290860  -113.27558890  -113.51880170
3.10000000     5.75000000     6.99021155  -113.53954230     1.00000000  -113.26145100  -113.45916880  -113.27444620  -113.51612830
3.10000000     6.00000000     7.21593460  -113.53804581     1.00000000  -113.26074290  -113.45751570  -113.27381700  -113.51458770
3.10000000     6.25000000     7.44320945  -113.53707073     1.00000000  -113.26031620  -113.45648370  -113.27344440  -113.51360020
3.10000000     6.50000000     7.67189817  -113.53640814     1.00000000  -113.26003850  -113.45578490  -113.27320810  -113.51293070
3.10000000     6.75000000     7.90187802  -113.53593768     1.00000000  -113.25984690  -113.45528740  -113.27304760  -113.51245510
3.10000000     7.00000000     8.13303946  -113.53559143     1.00000000  -113.25970910  -113.45492290  -113.27293160  -113.51210550
3.10000000     7.25000000     8.36528455  -113.53532877     1.00000000  -113.25960750  -113.45464980  -113.27284370  -113.51184110
3.10000000     7.50000000     8.59852547  -113.53512425     1.00000000  -113.25953100  -113.45444290  -113.27277470  -113.51163680
3.10000000     7.75000000     8.83268334  -113.53496331     1.00000000  -113.25947220  -113.45428330  -113.27271990  -113.51147690
3.10000000     8.00000000     9.06768711  -113.53483563     1.00000000  -113.25942560  -113.45415840  -113.27267610  -113.51135060
3.10000000     8.25000000     9.30347270  -113.53473453     1.00000000  -113.25938750  -113.45405860  -113.27264110  -113.51125040
3.10000000     8.50000000     9.53998213  -113.53465392     1.00000000  -113.25935540  -113.45397750  -113.27261310  -113.51117020
3.10000000     8.75000000     9.77716286  -113.53458969     1.00000000  -113.25932770  -113.45391070  -113.27259060  -113.51110580
3.10000000     9.00000000    10.01496721  -113.53453818     1.00000000  -113.25930350  -113.45385450  -113.27257250  -113.51105350
3.10000000     9.25000000    10.25335179  -113.53449679     1.00000000  -113.25928240  -113.45380720  -113.27255760  -113.51101090
3.10000000     9.50000000    10.49227705  -113.53446180     1.00000000  -113.25926400  -113.45376690  -113.27254530  -113.51097490
3.10000000     9.75000000    10.73170687  -113.53443409     1.00000000  -113.25924830  -113.45373260  -113.27253480  -113.51094560
3.10000000    10.00000000    10.97160822  -113.53441129     1.00000000  -113.25923470  -113.45370310  -113.27252590  -113.51092110


3.20000000     1.50000000     3.76258189  -112.85622808     1.00000000  -112.43878630  -112.62264610  -112.52946880  -112.78849670
3.20000000     1.75000000     3.90478675  -113.39383396     1.00000000  -113.03070240  -113.22052850  -113.08483040  -113.34271280
3.20000000     2.00000000     4.05742488  -113.62664105     1.00000000  -113.29540700  -113.49090920  -113.32879680  -113.58617540
3.20000000     2.25000000     4.21936414  -113.70846074     1.00000000  -113.39493290  -113.59463340  -113.41740520  -113.67436120
3.20000000     2.50000000     4.38957525  -113.71783885     1.00000000  -113.41381520  -113.61615590  -113.43099150  -113.68736930
3.20000000     2.75000000     4.56713345  -113.69540018     1.00000000  -113.39604520  -113.60051090  -113.41077710  -113.66703220
3.20000000     3.00000000     4.75121511  -113.66739803     1.00000000  -113.36821920  -113.57513630  -113.38000400  -113.63952330
3.20000000     3.25000000     4.94109118  -113.64337952     1.00000000  -113.34556560  -113.55253870  -113.35880480  -113.61625240
3.20000000     3.50000000     5.13611908  -113.62117945     1.00000000  -113.32469650  -113.53233680  -113.33764550  -113.59473180
3.20000000     3.75000000     5.33573390  -113.60210007     1.00000000  -113.30684370  -113.51534410  -113.31951460  -113.57636300
3.20000000     4.00000000     5.53943980  -113.58336532     1.00000000  -113.29223220  -113.49947140  -113.30489120  -113.55865260
3.20000000     4.25000000     5.74680176  -113.56904763     1.00000000  -113.27984000  -113.48613330  -113.29239320  -113.54466880
3.20000000     4.50000000     5.95743800  -113.55702732     1.00000000  -113.26959610  -113.47505730  -113.28203710  -113.53296820
3.20000000     4.75000000     6.17101326  -113.54719238     1.00000000  -113.26162960  -113.46606540  -113.27399230  -113.52342130
3.20000000     5.00000000     6.38723271  -113.53947426     1.00000000  -113.25583880  -113.45902110  -113.26816890  -113.51593730
3.20000000     5.25000000     6.60583672  -113.53370025     1.00000000  -113.25188250  -113.45373900  -113.26422490  -113.51033910
3.20000000     5.50000000     6.82659621  -113.52767686     1.00000000  -113.24929400  -113.44994000  -113.26177010  -113.50511830
3.20000000     5.75000000     7.04930869  -113.52550504     1.00000000  -113.24775990  -113.44599930  -113.26065870  -113.50238350
3.20000000     6.00000000     7.27379475  -113.52404375     1.00000000  -113.24707250  -113.44434690  -113.26005320  -113.50086640
3.20000000     6.25000000     7.49989514  -113.52308696     1.00000000  -113.24666030  -113.44333150  -113.25969520  -113.49989660
3.20000000     6.50000000     7.72746816  -113.52243697     1.00000000  -113.24639200  -113.44264490  -113.25946800  -113.49923950
3.20000000     6.75000000     7.95638745  -113.52197344     1.00000000  -113.24620660  -113.44215640  -113.25931330  -113.49877150
3.20000000     7.00000000     8.18654007  -113.52163203     1.00000000  -113.24607290  -113.44179820  -113.25920110  -113.49842720
3.20000000     7.25000000     8.41782486  -113.52137287     1.00000000  -113.24597400  -113.44152870  -113.25911570  -113.49816630
3.20000000     7.50000000     8.65015101  -113.52117045     1.00000000  -113.24589910  -113.44132440  -113.25904850  -113.49796430
3.20000000     7.75000000     8.88343681  -113.52101107     1.00000000  -113.24584130  -113.44116640  -113.25899490  -113.49780600
3.20000000     8.00000000     9.11760861  -113.52088453     1.00000000  -113.24579540  -113.44104250  -113.25895190  -113.49768080
3.20000000     8.25000000     9.35259984  -113.52078400     1.00000000  -113.24575770  -113.44094330  -113.25891750  -113.49758120
3.20000000     8.50000000     9.58835027  -113.52070388     1.00000000  -113.24572580  -113.44086260  -113.25889000  -113.49750150
3.20000000     8.75000000     9.82480524  -113.52064010     1.00000000  -113.24569830  -113.44079580  -113.25886780  -113.49743740
3.20000000     9.00000000    10.06191508  -113.52058877     1.00000000  -113.24567420  -113.44073980  -113.25884990  -113.49738530
3.20000000     9.25000000    10.29963456  -113.52054736     1.00000000  -113.24565320  -113.44069250  -113.25883520  -113.49734270
3.20000000     9.50000000    10.53792243  -113.52051373     1.00000000  -113.24563490  -113.44065230  -113.25882290  -113.49730760
3.20000000     9.75000000    10.77674099  -113.52048478     1.00000000  -113.24561930  -113.44061800  -113.25881250  -113.49727750
3.20000000    10.00000000    11.01605571  -113.52046179     1.00000000  -113.24560580  -113.44058860  -113.25880360  -113.49725290


3.30000000     1.50000000     3.85475252  -112.85191143     1.00000000  -112.43600380  -112.61910780  -112.52666580  -112.78448870
3.30000000     1.75000000     3.99476363  -113.38838363     1.00000000  -113.02657280  -113.21583060  -113.08067690  -113.33755170
3.30000000     2.00000000     4.14513642  -113.62076793     1.00000000  -113.29069450  -113.48578020  -113.32403520  -113.58057680
3.30000000     2.25000000     4.30478518  -113.70256648     1.00000000  -113.39009610  -113.58944970  -113.41251260  -113.66872290
3.30000000     2.50000000     4.47271673  -113.71194851     1.00000000  -113.40898010  -113.61094510  -113.42610550  -113.68172110
3.30000000     2.75000000     4.64803339  -113.68925429     1.00000000  -113.39105780  -113.59501630  -113.40575460  -113.66111850
3.30000000     3.00000000     4.82993105  -113.66018051     1.00000000  -113.36083660  -113.56838850  -113.37441160  -113.63275990
3.30000000     3.25000000     5.01769403  -113.63354106     1.00000000  -113.33636450  -113.54350660  -113.34945910  -113.60668420
3.30000000     3.50000000     5.21068833  -113.60981748     1.00000000  -113.31397620  -113.52164860  -113.32678430  -113.58359180
3.30000000     3.75000000     5.40835395  -113.58964262     1.00000000  -113.29496840  -113.50326350  -113.30754080  -113.56402630
3.30000000     4.00000000     5.61019713  -113.57234697     1.00000000  -113.27923580  -113.48782130  -113.29159370  -113.54736380
3.30000000     4.25000000     5.81578296  -113.55633985     1.00000000  -113.26641340  -113.47420490  -113.27871820  -113.53220230
3.30000000     4.50000000     6.02472828  -113.54380158     1.00000000  -113.25610700  -113.46278070  -113.26836110  -113.52005250
3.30000000     4.75000000     6.23669547  -113.53383482     1.00000000  -113.24816210  -113.45361250  -113.26037210  -113.51036240
3.30000000     5.00000000     6.45138666  -113.52604657     1.00000000  -113.24238330  -113.44645560  -113.25458450  -113.50279620
3.30000000     5.25000000     6.66853877  -113.52023140     1.00000000  -113.23841130  -113.44106570  -113.25063990  -113.49713510
3.30000000     5.50000000     6.88791905  -113.51603190     1.00000000  -113.23579380  -113.43717230  -113.24807780  -113.49305140
3.30000000     5.75000000     7.10932123  -113.51085554     1.00000000  -113.23409880  -113.43444520  -113.24694790  -113.48881300
3.30000000     6.00000000     7.33256216  -113.50944838     1.00000000  -113.23299170  -113.43256440  -113.24636070  -113.48731150
3.30000000     6.25000000     7.55747890  -113.50930387     1.00000000  -113.23303850  -113.43026000  -113.24601460  -113.48635580
3.30000000     6.50000000     7.78392618  -113.50866400     1.00000000  -113.23277810  -113.42958390  -113.24579500  -113.48570890
3.30000000     6.75000000     8.01177423  -113.50820671     1.00000000  -113.23259800  -113.42910310  -113.24564530  -113.48524760
3.30000000     7.00000000     8.24090686  -113.50786990     1.00000000  -113.23246800  -113.42875020  -113.24553650  -113.48490810
3.30000000     7.25000000     8.47121982  -113.50761336     1.00000000  -113.23237140  -113.42848500  -113.24545340  -113.48465040
3.30000000     7.50000000     8.70261942  -113.50741347     1.00000000  -113.23229810  -113.42828230  -113.24538780  -113.48445060
3.30000000     7.75000000     8.93502122  -113.50725542     1.00000000  -113.23224130  -113.42812580  -113.24533530  -113.48429370
3.30000000     8.00000000     9.16834902  -113.50712988     1.00000000  -113.23219600  -113.42800280  -113.24529320  -113.48416950
3.30000000     8.25000000     9.40253388  -113.50702993     1.00000000  -113.23215870  -113.42790420  -113.24525930  -113.48407050
3.30000000     8.50000000     9.63751331  -113.50695033     1.00000000  -113.23212700  -113.42782390  -113.24523220  -113.48399130
3.30000000     8.75000000     9.87323059  -113.50688686     1.00000000  -113.23209960  -113.42775730  -113.24521030  -113.48392750
3.30000000     9.00000000    10.10963411  -113.50683572     1.00000000  -113.23207560  -113.42770150  -113.24519260  -113.48387560
3.30000000     9.25000000    10.34667682  -113.50679446     1.00000000  -113.23205470  -113.42765420  -113.24517800  -113.48383310
3.30000000     9.50000000    10.58431579  -113.50676085     1.00000000  -113.23203660  -113.42761400  -113.24516580  -113.48379800
3.30000000     9.75000000    10.82251173  -113.50673327     1.00000000  -113.23202100  -113.42757970  -113.24515550  -113.48376880
3.30000000    10.00000000    11.06122867  -113.50670894     1.00000000  -113.23200770  -113.42755030  -113.24514660  -113.48374330


3.40000000     1.50000000     3.94730432  -112.84729802     1.00000000  -112.43290190  -112.61520920  -112.52354870  -112.78015900
3.40000000     1.75000000     4.08520664  -113.38250343     1.00000000  -113.02196670  -113.21063740  -113.07606090  -113.33193740
3.40000000     2.00000000     4.23339287  -113.61443498     1.00000000  -113.28542610  -113.48012490  -113.31873360  -113.57449550
3.40000000     2.25000000     4.39082192  -113.69627410     1.00000000  -113.38471300  -113.58380630  -113.40708480  -113.66266500
3.40000000     2.50000000     4.55653586  -113.70578038     1.00000000  -113.40368470  -113.60540250  -113.42076050  -113.67577510
3.40000000     2.75000000     4.72966393  -113.68303408     1.00000000  -113.38577220  -113.58940050  -113.40042340  -113.65511140
3.40000000     3.00000000     4.90942184  -113.65056618     1.00000000  -113.35424210  -113.56143040  -113.36769790  -113.62409010
3.40000000     3.25000000     5.09510792  -113.62421264     1.00000000  -113.32757970  -113.53495090  -113.34055770  -113.59761780
3.40000000     3.50000000     5.28609749  -113.59903984     1.00000000  -113.30372680  -113.51155090  -113.31641630  -113.57304150
3.40000000     3.75000000     5.48183624  -113.57781962     1.00000000  -113.28364440  -113.49199960  -113.29611510  -113.55238900
3.40000000     4.00000000     5.68183337  -113.56008113     1.00000000  -113.26718950  -113.47585570  -113.27945470  -113.53519170
3.40000000     4.25000000     5.88565479  -113.54506834     1.00000000  -113.25388050  -113.46236860  -113.26598670  -113.52070060
3.40000000     4.50000000     6.09291673  -113.53223138     1.00000000  -113.24334270  -113.45110600  -113.25536950  -113.50841240
3.40000000     4.75000000     6.30327979  -113.52170386     1.00000000  -113.23529980  -113.44196130  -113.24730530  -113.49837200
3.40000000     5.00000000     6.51644367  -113.51351668     1.00000000  -113.22944480  -113.43475240  -113.24147400  -113.49053380
3.40000000     5.25000000     6.73214230  -113.50744166     1.00000000  -113.22538450  -113.42918430  -113.23747570  -113.48464620
3.40000000     5.50000000     6.95013970  -113.50314006     1.00000000  -113.22268480  -113.42504450  -113.23485460  -113.48041260
3.40000000     5.75000000     7.17022620  -113.50022853     1.00000000  -113.22093480  -113.42210790  -113.23317700  -113.47750240
3.40000000     6.00000000     7.39221521  -113.49645871     1.00000000  -113.22000480  -113.41858330  -113.23277990  -113.47389310
3.40000000     6.25000000     7.61594036  -113.49575768     1.00000000  -113.21974060  -113.41757300  -113.23260250  -113.47309560
3.40000000     6.50000000     7.84125305  -113.49525745     1.00000000  -113.21956610  -113.41696770  -113.23248130  -113.47256590
3.40000000     6.75000000     8.06802029  -113.49488299     1.00000000  -113.21943260  -113.41653330  -113.23238520  -113.47217560
3.40000000     7.00000000     8.29612278  -113.49459267     1.00000000  -113.21932370  -113.41620470  -113.23230330  -113.47187560
3.40000000     7.25000000     8.52545337  -113.49436110     1.00000000  -113.21923280  -113.41594790  -113.23223130  -113.47163780
3.40000000     7.50000000     8.75591555  -113.49417304     1.00000000  -113.21915570  -113.41574390  -113.23216750  -113.47144600
3.40000000     7.75000000     8.98742226  -113.49401863     1.00000000  -113.21908950  -113.41557910  -113.23211180  -113.47128940
3.40000000     8.00000000     9.21989484  -113.49389195     1.00000000  -113.21903180  -113.41544530  -113.23206330  -113.47116150
3.40000000     8.25000000     9.45326202  -113.49378852     1.00000000  -113.21898120  -113.41533430  -113.23202120  -113.47105660
3.40000000     8.50000000     9.68745914  -113.49370408     1.00000000  -113.21893650  -113.41524120  -113.23198500  -113.47097030
3.40000000     8.75000000     9.92242745  -113.49363395     1.00000000  -113.21889710  -113.41516270  -113.23195400  -113.47089840
3.40000000     9.00000000    10.15811343  -113.49357611     1.00000000  -113.21886230  -113.41509610  -113.23192720  -113.47083860
3.40000000     9.25000000    10.39446826  -113.49352750     1.00000000  -113.21883200  -113.41503900  -113.23190400  -113.47078800
3.40000000     9.50000000    10.63144733  -113.49348667     1.00000000  -113.21880560  -113.41499040  -113.23188380  -113.47074530
3.40000000     9.75000000    10.86900981  -113.49345269     1.00000000  -113.21878280  -113.41494840  -113.23186600  -113.47070920
3.40000000    10.00000000    11.10711826  -113.49342362     1.00000000  -113.21876310  -113.41491220  -113.23185040  -113.47067820


3.50000000     1.50000000     4.04021112  -112.84256286     1.00000000  -112.42968230  -112.61115300  -112.52030740  -112.77569140
3.50000000     1.75000000     4.17608551  -113.37636482     1.00000000  -113.01709510  -113.20514600  -113.07117900  -113.32604870
3.50000000     2.00000000     4.32216086  -113.60779010     1.00000000  -113.27980000  -113.47411620  -113.31307680  -113.56808660
3.50000000     2.25000000     4.47743887  -113.68969979     1.00000000  -113.37895580  -113.57784120  -113.40128390  -113.65631020
3.50000000     2.50000000     4.64099592  -113.69939679     1.00000000  -113.39805720  -113.59960910  -113.41507930  -113.66959970
3.50000000     2.75000000     4.81198789  -113.67670255     1.00000000  -113.38023310  -113.58364330  -113.39482940  -113.64898030
3.50000000     3.00000000     4.98965046  -113.64330707     1.00000000  -113.34838620  -113.55452400  -113.36184560  -113.61695890
3.50000000     3.25000000     5.17329644  -113.61543267     1.00000000  -113.31928790  -113.52692280  -113.33216350  -113.58909410
3.50000000     3.50000000     5.36231110  -113.58892874     1.00000000  -113.29407830  -113.50210350  -113.30666690  -113.56315430
3.50000000     3.75000000     5.55614657  -113.56667087     1.00000000  -113.27290830  -113.48144420  -113.28528490  -113.54143920
3.50000000     4.00000000     5.75431568  -113.54830884     1.00000000  -113.25576880  -113.46458580  -113.26795600  -113.52358760
3.50000000     4.25000000     5.95638592  -113.53314065     1.00000000  -113.24208410  -113.45078910  -113.25411010  -113.50888530
3.50000000     4.50000000     6.16197351  -113.52067600     1.00000000  -113.23137030  -113.43953320  -113.24328150  -113.49683410
3.50000000     4.75000000     6.37073794  -113.51067928     1.00000000  -113.22325970  -113.43056340  -113.23509880  -113.48719140
3.50000000     5.00000000     6.58237694  -113.50298765     1.00000000  -113.21737420  -113.42368270  -113.22917100  -113.47978080
3.50000000     5.25000000     6.79662199  -113.49740847     1.00000000  -113.21329370  -113.41865860  -113.22504990  -113.47439200
3.50000000     5.50000000     7.01323426  -113.49378204     1.00000000  -113.21081600  -113.41464020  -113.22272840  -113.47064930
3.50000000     5.75000000     7.23200105  -113.49153983     1.00000000  -113.20963900  -113.41226810  -113.22163580  -113.46837320
3.50000000     6.00000000     7.45273262  -113.49018689     1.00000000  -113.20900910  -113.41091220  -113.22104590  -113.46702490
3.50000000     6.25000000     7.67525946  -113.48933027     1.00000000  -113.20864680  -113.41004920  -113.22071370  -113.46617030
3.50000000     6.50000000     7.89942986  -113.48875676     1.00000000  -113.20842240  -113.40946610  -113.22051390  -113.46559690
3.50000000     6.75000000     8.12510778  -113.48835254     1.00000000  -113.20827230  -113.40905330  -113.22038320  -113.46519240
3.50000000     7.00000000     8.35217102  -113.48805415     1.00000000  -113.20816850  -113.40874920  -113.22029070  -113.46489360
3.50000000     7.25000000     8.58050960  -113.48782371     1.00000000  -113.20808900  -113.40851910  -113.22021910  -113.46466440
3.50000000     7.50000000     8.81002437  -113.48764263     1.00000000  -113.20802730  -113.40834100  -113.22016180  -113.46448500
3.50000000     7.75000000     9.04062573  -113.48749777     1.00000000  -113.20797770  -113.40820000  -113.22011500  -113.46434190
3.50000000     8.00000000     9.27223263  -113.48738072     1.00000000  -113.20793660  -113.40808750  -113.22007630  -113.46422680
3.50000000     8.25000000     9.50477155  -113.48728602     1.00000000  -113.20790150  -113.40799580  -113.22004430  -113.46413360
3.50000000     8.50000000     9.73817573  -113.48720916     1.00000000  -113.20787070  -113.40791970  -113.22001770  -113.46405760
3.50000000     8.75000000     9.97238441  -113.48714679     1.00000000  -113.20784350  -113.40785580  -113.21999550  -113.46399540
3.50000000     9.00000000    10.20734222  -113.48709465     1.00000000  -113.20781940  -113.40780160  -113.21997680  -113.46394330
3.50000000     9.25000000    10.44299859  -113.48705300     1.00000000  -113.20779810  -113.40775510  -113.21996090  -113.46390070
3.50000000     9.50000000    10.67930727  -113.48701844     1.00000000  -113.20777950  -113.40771530  -113.21994730  -113.46386500
3.50000000     9.75000000    10.91622591  -113.48698966     1.00000000  -113.20776340  -113.40768080  -113.21993540  -113.46383480
3.50000000    10.00000000    11.15371563  -113.48696541     1.00000000  -113.20774940  -113.40765100  -113.21992500  -113.46380910
