1.80000000     1.50000000     2.70867288  -112.46391761     1.00000000  -111.97874580  -112.16262640  -112.10804680  -112.37681050
1.80000000     1.75000000     2.90813117  -113.02245486     1.00000000  -112.59274730  -112.78031090  -112.68232490  -112.95099990
1.80000000     2.00000000     3.11489085  -113.28930347     1.00000000  -112.89426190  -113.08435760  -112.96282570  -113.22851060
1.80000000     2.25000000     3.32759119  -113.40589731     1.00000000  -113.02636550  -113.22311970  -113.08358240  -113.35165290
1.80000000     2.50000000     3.54516308  -113.46015101     1.00000000  -113.09462060  -113.28647320  -113.14594490  -113.40833810
1.80000000     2.75000000     3.76676246  -113.47865957     1.00000000  -113.12116870  -113.31058810  -113.17051180  -113.42866510
1.80000000     3.00000000     3.99171862  -113.47718630     1.00000000  -113.12429270  -113.31238280  -113.17299640  -113.42834610
1.80000000     3.25000000     4.21949472  -113.46592748     1.00000000  -113.11612950  -113.30313460  -113.16475460  -113.41785380
1.80000000     3.50000000     4.44965772  -113.45053068     1.00000000  -113.10333470  -113.28921150  -113.15200450  -113.40303560
1.80000000     3.75000000     4.68185561  -113.43407866     1.00000000  -113.08953130  -113.27411240  -113.13815390  -113.38709650
1.80000000     4.00000000     4.91580004  -113.41834292     1.00000000  -113.07672580  -113.25977920  -113.12515490  -113.37186440
1.80000000     4.25000000     5.15125307  -113.40444078     1.00000000  -113.06609780  -113.24735190  -113.11420650  -113.35846930
1.80000000     4.50000000     5.38801692  -113.39310026     1.00000000  -113.05831210  -113.23751740  -113.10600620  -113.34762970
1.80000000     4.75000000     5.62592610  -113.38469463     1.00000000  -113.05353130  -113.23055470  -113.10074060  -113.33968750
1.80000000     5.00000000     5.86484122  -113.37915394     1.00000000  -113.05140700  -113.22628810  -113.09810240  -113.33454020
1.80000000     5.25000000     6.10464419  -113.37602497     1.00000000  -113.05111870  -113.22416630  -113.09741140  -113.33172260
1.80000000     5.50000000     6.34523434  -113.37463959     1.00000000  -113.05163170  -113.22339380  -113.09772740  -113.33053510
1.80000000     5.75000000     6.58652541  -113.37416492     1.00000000  -113.05227860  -113.22321130  -113.09831080  -113.33016010
1.80000000     6.00000000     6.82844309  -113.37403503     1.00000000  -113.05282350  -113.22320330  -113.09885140  -113.33007570
1.80000000     6.25000000     7.07092308  -113.37400994     1.00000000  -113.05322490  -113.22321480  -113.09927320  -113.33006810
1.80000000     6.50000000     7.31390944  -113.37400282     1.00000000  -113.05350130  -113.22320410  -113.09957950  -113.33006490
1.80000000     6.75000000     7.55735334  -113.37398667     1.00000000  -113.05368390  -113.22316970  -113.09979250  -113.33004720
1.80000000     7.00000000     7.80121193  -113.37395564     1.00000000  -113.05380120  -113.22312060  -113.09993520  -113.33001380
1.80000000     7.25000000     8.04544752  -113.37391175     1.00000000  -113.05387550  -113.22306620  -113.10002690  -113.32996900
1.80000000     7.50000000     8.29002677  -113.37385877     1.00000000  -113.05392210  -113.22301280  -113.10008280  -113.32991750
1.80000000     7.75000000     8.53492015  -113.37380363     1.00000000  -113.05395080  -113.22296330  -113.10011490  -113.32986510
1.80000000     8.00000000     8.78010137  -113.37375026     1.00000000  -113.05396750  -113.22291820  -113.10013180  -113.32981490
1.80000000     8.25000000     9.02554698  -113.37370171     1.00000000  -113.05397540  -113.22287690  -113.10013970  -113.32976910
1.80000000     8.50000000     9.27123597  -113.37365996     1.00000000  -113.05397660  -113.22283840  -113.10014270  -113.32972890
1.80000000     8.75000000     9.51714950  -113.37362572     1.00000000  -113.05397280  -113.22280200  -113.10014320  -113.32969460
1.80000000     9.00000000     9.76327059  -113.37359866     1.00000000  -113.05396530  -113.22276730  -113.10014280  -113.32966590
1.80000000     9.25000000    10.00958395  -113.37357783     1.00000000  -113.05395550  -113.22273450  -113.10014190  -113.32964210
1.80000000     9.50000000    10.25607571  -113.37356192     1.00000000  -113.05394450  -113.22270390  -113.10014100  -113.32962240
1.80000000     9.75000000    10.50273331  -113.37354986     1.00000000  -113.05393330  -113.22267560  -113.10014010  -113.32960600
1.80000000    10.00000000    10.74954535  -113.37354057     1.00000000  -113.05392250  -113.22264980  -113.10013920  -113.32959220


1.90000000     1.50000000     2.79455092  -112.57767511     1.00000000  -112.10513300  -112.29537250  -112.22246390  -112.49577400
1.90000000     1.75000000     2.99114258  -113.13769410     1.00000000  -112.72369950  -112.91141310  -112.80465020  -113.07086830
1.90000000     2.00000000     3.19520783  -113.38828768     1.00000000  -113.00767260  -113.19917990  -113.06666240  -113.33188090
1.90000000     2.25000000     3.40540339  -113.51227593     1.00000000  -113.14894840  -113.34395620  -113.19809270  -113.46214560
1.90000000     2.50000000     3.62066173  -113.55949012     1.00000000  -113.20696610  -113.40164790  -113.24972840  -113.51223110
1.90000000     2.75000000     3.84013157  -113.57672566     1.00000000  -113.23281880  -113.42435910  -113.27358960  -113.53121950
1.90000000     3.00000000     4.06313052  -113.57472772     1.00000000  -113.23545690  -113.42561920  -113.27553150  -113.53035130
1.90000000     3.25000000     4.28910816  -113.56298070     1.00000000  -113.22673160  -113.41590780  -113.26666670  -113.51936140
1.90000000     3.50000000     4.51761750  -113.54702210     1.00000000  -113.21324780  -113.40144560  -113.25317650  -113.50397460
1.90000000     3.75000000     4.74829307  -113.52987530     1.00000000  -113.19861190  -113.38567160  -113.23845710  -113.48733660
1.90000000     4.00000000     4.98083388  -113.51328022     1.00000000  -113.18483700  -113.37049370  -113.22446880  -113.47124260
1.90000000     4.25000000     5.21499044  -113.49836334     1.00000000  -113.17317050  -113.35706890  -113.21247340  -113.45683360
1.90000000     4.50000000     5.45055451  -113.48595103     1.00000000  -113.16446100  -113.34619910  -113.20334090  -113.44493070
1.90000000     4.75000000     5.68735119  -113.47664634     1.00000000  -113.15915520  -113.33839610  -113.19754180  -113.43610690
1.90000000     5.00000000     5.92523271  -113.47066178     1.00000000  -113.15702380  -113.33371560  -113.19494050  -113.43053220
1.90000000     5.25000000     6.16407348  -113.46763408     1.00000000  -113.15692990  -113.33158270  -113.19455630  -113.42779100
1.90000000     5.50000000     6.40376616  -113.46648497     1.00000000  -113.15756610  -113.33089600  -113.19507540  -113.42679550
1.90000000     5.75000000     6.64421855  -113.46613376     1.00000000  -113.15826690  -113.33076310  -113.19574670  -113.42652120
1.90000000     6.00000000     6.88535106  -113.46605075     1.00000000  -113.15883510  -113.33077530  -113.19632350  -113.42647540
1.90000000     6.25000000     7.12709467  -113.46603971     1.00000000  -113.15924730  -113.33079390  -113.19676090  -113.42647980
1.90000000     6.50000000     7.36938922  -113.46603403     1.00000000  -113.15952930  -113.33078530  -113.19707430  -113.42647840
1.90000000     6.75000000     7.61218212  -113.46601515     1.00000000  -113.15971520  -113.33075090  -113.19729060  -113.42645890
1.90000000     7.00000000     7.85542716  -113.46598071     1.00000000  -113.15983490  -113.33070130  -113.19743500  -113.42642300
1.90000000     7.25000000     8.09908359  -113.46593374     1.00000000  -113.15991110  -113.33064620  -113.19752770  -113.42637580
1.90000000     7.50000000     8.34311537  -113.46587936     1.00000000  -113.15995940  -113.33059210  -113.19758460  -113.42632300
1.90000000     7.75000000     8.58749051  -113.46582294     1.00000000  -113.15998970  -113.33054220  -113.19761770  -113.42626950
1.90000000     8.00000000     8.83218050  -113.46576854     1.00000000  -113.16000800  -113.33049700  -113.19763570  -113.42621850
1.90000000     8.25000000     9.07715988  -113.46571960     1.00000000  -113.16001750  -113.33045590  -113.19764460  -113.42617240
1.90000000     8.50000000     9.32240584  -113.46567762     1.00000000  -113.16002030  -113.33041790  -113.19764850  -113.42613210
1.90000000     8.75000000     9.56789788  -113.46564282     1.00000000  -113.16001810  -113.33038230  -113.19764980  -113.42609760
1.90000000     9.00000000     9.81361752  -113.46561510     1.00000000  -113.16001220  -113.33034870  -113.19764990  -113.42606870
1.90000000     9.25000000    10.05954810  -113.46559330     1.00000000  -113.16000410  -113.33031730  -113.19764940  -113.42604460
1.90000000     9.50000000    10.30567451  -113.46557646     1.00000000  -113.15999490  -113.33028820  -113.19764860  -113.42602460
1.90000000     9.75000000    10.55198305  -113.46556328     1.00000000  -113.15998540  -113.33026140  -113.19764780  -113.42600780
1.90000000    10.00000000    10.79846125  -113.46555279     1.00000000  -113.15997610  -113.33023720  -113.19764690  -113.42599360


2.00000000     1.50000000     2.88134012  -112.66577678     1.00000000  -112.20178710  -112.39264410  -112.31281000  -112.58626850
2.00000000     1.75000000     3.07516520  -113.22137196     1.00000000  -112.81743040  -113.00690190  -112.89078590  -113.15773270
2.00000000     2.00000000     3.27660818  -113.47214861     1.00000000  -113.10175610  -113.29478730  -113.15489780  -113.41923900
2.00000000     2.25000000     3.48434804  -113.59186868     1.00000000  -113.21729610  -113.41438050  -113.27863150  -113.54048190
2.00000000     2.50000000     3.69732355  -113.62928003     1.00000000  -113.28622680  -113.48434250  -113.32222030  -113.58575650
2.00000000     2.75000000     3.91468026  -113.64380144     1.00000000  -113.31072640  -113.50429870  -113.34476920  -113.60201170
2.00000000     3.00000000     4.13572747  -113.64127609     1.00000000  -113.31286950  -113.50497170  -113.34618570  -113.60057890
2.00000000     3.25000000     4.35990388  -113.62920756     1.00000000  -113.30371500  -113.49493100  -113.33684820  -113.58924990
2.00000000     3.50000000     4.58675070  -113.61291347     1.00000000  -113.28973410  -113.48014110  -113.32282220  -113.57351830
2.00000000     3.75000000     4.81589059  -113.59533653     1.00000000  -113.27447580  -113.46394220  -113.30745710  -113.55644350
2.00000000     4.00000000     5.04701122  -113.57815441     1.00000000  -113.25992430  -113.44817390  -113.29268870  -113.53975650
2.00000000     4.25000000     5.27985250  -113.56245065     1.00000000  -113.24734870  -113.43395270  -113.27979910  -113.52455580
2.00000000     4.50000000     5.51419646  -113.54907095     1.00000000  -113.23774150  -113.42211050  -113.26979370  -113.51168430
2.00000000     4.75000000     5.74985937  -113.53879283     1.00000000  -113.23185610  -113.41335000  -113.26345040  -113.50189590
2.00000000     5.00000000     5.98668547  -113.53224264     1.00000000  -113.22962460  -113.40807640  -113.26082700  -113.49575590
2.00000000     5.25000000     6.22454199  -113.52917505     1.00000000  -113.22960540  -113.40578150  -113.26060220  -113.49294160
2.00000000     5.50000000     6.46331518  -113.52809130     1.00000000  -113.23028910  -113.40507140  -113.26121140  -113.49198440
2.00000000     5.75000000     6.70290708  -113.52776902     1.00000000  -113.23100980  -113.40493100  -113.26191930  -113.49172760
2.00000000     6.00000000     6.94323292  -113.52769213     1.00000000  -113.23158700  -113.40493810  -113.26251140  -113.49168440
2.00000000     6.25000000     7.18421907  -113.52767850     1.00000000  -113.23200390  -113.40495310  -113.26295590  -113.49168600
2.00000000     6.50000000     7.42580122  -113.52766836     1.00000000  -113.23228900  -113.40494180  -113.26327270  -113.49168070
2.00000000     6.75000000     7.66792305  -113.52764463     1.00000000  -113.23247740  -113.40490590  -113.26349090  -113.49165740
2.00000000     7.00000000     7.91053500  -113.52760615     1.00000000  -113.23259910  -113.40485510  -113.26363640  -113.49161830
2.00000000     7.25000000     8.15359333  -113.52755615     1.00000000  -113.23267720  -113.40479920  -113.26373010  -113.49156870
2.00000000     7.50000000     8.39705926  -113.52749984     1.00000000  -113.23272710  -113.40474450  -113.26378790  -113.49151430
2.00000000     7.75000000     8.64089836  -113.52744202     1.00000000  -113.23275890  -113.40469410  -113.26382190  -113.49145960
2.00000000     8.00000000     8.88507989  -113.52738710     1.00000000  -113.23277850  -113.40464870  -113.26384080  -113.49140810
2.00000000     8.25000000     9.12957637  -113.52733746     1.00000000  -113.23278920  -113.40460760  -113.26385070  -113.49136150
2.00000000     8.50000000     9.37436317  -113.52729499     1.00000000  -113.23279320  -113.40456990  -113.26385530  -113.49132090
2.00000000     8.75000000     9.61941812  -113.52725986     1.00000000  -113.23279220  -113.40453490  -113.26385720  -113.49128630
2.00000000     9.00000000     9.86472124  -113.52723138     1.00000000  -113.23278760  -113.40450220  -113.26385770  -113.49125710
2.00000000     9.25000000    10.11025446  -113.52720875     1.00000000  -113.23278090  -113.40447190  -113.26385750  -113.49123270
2.00000000     9.50000000    10.35600142  -113.52719088     1.00000000  -113.23277290  -113.40444390  -113.26385690  -113.49121230
2.00000000     9.75000000    10.60194725  -113.52717657     1.00000000  -113.23276470  -113.40441850  -113.26385610  -113.49119510
2.00000000    10.00000000    10.84807844  -113.52716516     1.00000000  -113.23275670  -113.40439560  -113.26385520  -113.49118060


2.10000000     1.50000000     2.96896058  -112.73116625     1.00000000  -112.27795580  -112.46704020  -112.38260280  -112.65396740
2.10000000     1.75000000     3.16011836  -113.28018151     1.00000000  -112.88368030  -113.07677200  -112.95298620  -113.22015920
2.10000000     2.00000000     3.35901313  -113.53146023     1.00000000  -113.17084780  -113.36408150  -113.21834630  -113.48137910
2.10000000     2.25000000     3.56434992  -113.62813968     1.00000000  -113.28815200  -113.48231330  -113.32423990  -113.58428980
2.10000000     2.50000000     3.77507768  -113.67610753     1.00000000  -113.34391070  -113.54244760  -113.37545510  -113.63610110
2.10000000     2.75000000     3.99034242  -113.68780328     1.00000000  -113.36323960  -113.55873850  -113.39207990  -113.64906380
2.10000000     3.00000000     4.20944816  -113.68464495     1.00000000  -113.36478530  -113.55866270  -113.39289490  -113.64694580
2.10000000     3.25000000     4.43182524  -113.67237735     1.00000000  -113.35530010  -113.54839310  -113.38319690  -113.63539540
2.10000000     3.50000000     4.65700506  -113.65594934     1.00000000  -113.34099320  -113.53346110  -113.36881570  -113.61951710
2.10000000     3.75000000     4.88460001  -113.63819492     1.00000000  -113.32531800  -113.51707720  -113.35301880  -113.60225550
2.10000000     4.00000000     5.11428767  -113.62071775     1.00000000  -113.31019840  -113.50099490  -113.33768890  -113.58526390
2.10000000     4.25000000     5.34579831  -113.60451818     1.00000000  -113.29687330  -113.48624300  -113.32407910  -113.56955590
2.10000000     4.50000000     5.57890497  -113.59034204     1.00000000  -113.28639240  -113.47357140  -113.31324760  -113.55588040
2.10000000     4.75000000     5.81341568  -113.57896548     1.00000000  -113.27977370  -113.46371100  -113.30623190  -113.54500010
2.10000000     5.00000000     6.04916713  -113.57151275     1.00000000  -113.27723510  -113.45751270  -113.30337810  -113.53795940
2.10000000     5.25000000     6.28601974  -113.56813493     1.00000000  -113.27715410  -113.45481270  -113.30314810  -113.53480740
2.10000000     5.50000000     6.52385356  -113.56696465     1.00000000  -113.27782360  -113.45395930  -113.30376820  -113.53374590
2.10000000     5.75000000     6.76256508  -113.56660575     1.00000000  -113.27853920  -113.45376170  -113.30448120  -113.53344600
2.10000000     6.00000000     7.00206452  -113.56650999     1.00000000  -113.27911470  -113.45374260  -113.30507600  -113.53338160
2.10000000     6.25000000     7.24227373  -113.56648484     1.00000000  -113.27953190  -113.45374440  -113.30552240  -113.53337110
2.10000000     6.50000000     7.48312434  -113.56646633     1.00000000  -113.27981830  -113.45372710  -113.30584070  -113.53335820
2.10000000     6.75000000     7.72455637  -113.56643707     1.00000000  -113.28000830  -113.45368790  -113.30605990  -113.53333000
2.10000000     7.00000000     7.96651694  -113.56639441     1.00000000  -113.28013180  -113.45363560  -113.30620630  -113.53328750
2.10000000     7.25000000     8.20895934  -113.56634182     1.00000000  -113.28021150  -113.45357870  -113.30630070  -113.53323570
2.10000000     7.50000000     8.45184208  -113.56628365     1.00000000  -113.28026290  -113.45352350  -113.30635940  -113.53317980
2.10000000     7.75000000     8.69512827  -113.56622482     1.00000000  -113.28029600  -113.45347270  -113.30639420  -113.53312420
2.10000000     8.00000000     8.93878497  -113.56616917     1.00000000  -113.28031650  -113.45342700  -113.30641400  -113.53307210
2.10000000     8.25000000     9.18278269  -113.56611929     1.00000000  -113.28032820  -113.45338570  -113.30642460  -113.53302520
2.10000000     8.50000000     9.42709495  -113.56607631     1.00000000  -113.28033300  -113.45334810  -113.30643000  -113.53298430
2.10000000     8.75000000     9.67169790  -113.56604066     1.00000000  -113.28033290  -113.45331340  -113.30643240  -113.53294940
2.10000000     9.00000000     9.91657004  -113.56601168     1.00000000  -113.28032920  -113.45328130  -113.30643320  -113.53292000
2.10000000     9.25000000    10.16169191  -113.56598814     1.00000000  -113.28032330  -113.45325170  -113.30643330  -113.53289520
2.10000000     9.50000000    10.40704587  -113.56596950     1.00000000  -113.28031630  -113.45322460  -113.30643280  -113.53287450
2.10000000     9.75000000    10.65261587  -113.56595442     1.00000000  -113.28030910  -113.45320010  -113.30643210  -113.53285700
2.10000000    10.00000000    10.89838731  -113.56594201     1.00000000  -113.28030200  -113.45317820  -113.30643120  -113.53284210


2.20000000     1.50000000     3.05734083  -112.78000698     1.00000000  -112.33600240  -112.52337360  -112.43586280  -112.70484400
2.20000000     1.75000000     3.24592900  -113.32231931     1.00000000  -112.93165190  -113.12779840  -112.99655500  -113.26495110
2.20000000     2.00000000     3.44235054  -113.57223983     1.00000000  -113.21872770  -113.41275620  -113.26239260  -113.52451260
2.20000000     2.25000000     3.64533941  -113.66822570     1.00000000  -113.33561780  -113.53009610  -113.36795060  -113.62665030
2.20000000     2.50000000     3.85385801  -113.70752155     1.00000000  -113.38427450  -113.58138560  -113.41180970  -113.66966310
2.20000000     2.75000000     4.06705590  -113.71482210     1.00000000  -113.39686980  -113.59416620  -113.42173430  -113.67856860
2.20000000     3.00000000     4.28423457  -113.71078297     1.00000000  -113.39757980  -113.59304160  -113.42173820  -113.67550450
2.20000000     3.25000000     4.50481831  -113.69840383     1.00000000  -113.38782690  -113.58260630  -113.41175420  -113.66381420
2.20000000     3.50000000     4.72833059  -113.68200882     1.00000000  -113.37334360  -113.56768570  -113.39717410  -113.64795310
2.20000000     3.75000000     4.95437507  -113.66430048     1.00000000  -113.35744860  -113.55132670  -113.38114700  -113.63072460
2.20000000     4.00000000     5.18262043  -113.64681398     1.00000000  -113.34198640  -113.53520120  -113.36548400  -113.61370960
2.20000000     4.25000000     5.41278825  -113.63046173     1.00000000  -113.32812140  -113.52024690  -113.35136790  -113.59783310
2.20000000     4.50000000     5.64464338  -113.61582203     1.00000000  -113.31684270  -113.50705090  -113.33979740  -113.58367830
2.20000000     4.75000000     5.87798613  -113.60335229     1.00000000  -113.30927310  -113.49608960  -113.33190340  -113.57171090
2.20000000     5.00000000     6.11264617  -113.59443723     1.00000000  -113.30609560  -113.48847040  -113.32847500  -113.56323090
2.20000000     5.25000000     6.34847740  -113.59031847     1.00000000  -113.30578600  -113.48497520  -113.32805690  -113.55932310
2.20000000     5.50000000     6.58535401  -113.58889286     1.00000000  -113.30638000  -113.48381680  -113.32861940  -113.55799020
2.20000000     5.75000000     6.82316713  -113.58843771     1.00000000  -113.30706740  -113.48350070  -113.32931210  -113.55758670
2.20000000     6.00000000     7.06182213  -113.58829868     1.00000000  -113.30763190  -113.48343140  -113.32989970  -113.55747680
2.20000000     6.25000000     7.30123647  -113.58825290     1.00000000  -113.30804530  -113.48341140  -113.33034390  -113.55744530
2.20000000     6.50000000     7.54133782  -113.58822352     1.00000000  -113.30833110  -113.48338370  -113.33066180  -113.55742160
2.20000000     6.75000000     7.78206260  -113.58818818     1.00000000  -113.30852200  -113.48333930  -113.33088150  -113.55738750
2.20000000     7.00000000     8.02335469  -113.58814161     1.00000000  -113.30864680  -113.48328470  -113.33102850  -113.55734150
2.20000000     7.25000000     8.26516440  -113.58808635     1.00000000  -113.30872790  -113.48322680  -113.33112370  -113.55728750
2.20000000     7.50000000     8.50744760  -113.58802671     1.00000000  -113.30878050  -113.48317090  -113.33118310  -113.55723030
2.20000000     7.75000000     8.75016496  -113.58796698     1.00000000  -113.30881460  -113.48311960  -113.33121880  -113.55717390
2.20000000     8.00000000     8.99328133  -113.58791084     1.00000000  -113.30883590  -113.48307350  -113.33123930  -113.55712130
2.20000000     8.25000000     9.23676519  -113.58786055     1.00000000  -113.30884820  -113.48303210  -113.33125060  -113.55707410
2.20000000     8.50000000     9.48058824  -113.58781737     1.00000000  -113.30885360  -113.48299440  -113.33125650  -113.55703300
2.20000000     8.75000000     9.72472496  -113.58778121     1.00000000  -113.30885400  -113.48295980  -113.33125940  -113.55699780
2.20000000     9.00000000     9.96915230  -113.58775170     1.00000000  -113.30885080  -113.48292790  -113.33126050  -113.55696810
2.20000000     9.25000000    10.21384941  -113.58772762     1.00000000  -113.30884560  -113.48289870  -113.33126070  -113.55694300
2.20000000     9.50000000    10.45879735  -113.58770827     1.00000000  -113.30883920  -113.48287220  -113.33126040  -113.55692200
2.20000000     9.75000000    10.70397889  -113.58769224     1.00000000  -113.30883250  -113.48284840  -113.33125980  -113.55690410
2.20000000    10.00000000    10.94937835  -113.58767918     1.00000000  -113.30882610  -113.48282710  -113.33125890  -113.55688890


2.30000000     1.50000000     3.14641685  -112.81598260     1.00000000  -112.37904860  -112.56515840  -112.47547020  -112.74245710
2.30000000     1.75000000     3.33253089  -113.35550319     1.00000000  -112.97018160  -113.16507790  -113.03018420  -113.29877610
2.30000000     2.00000000     3.52655431  -113.59920868     1.00000000  -113.25089480  -113.44614280  -113.29168700  -113.55343520
2.30000000     2.25000000     3.72725214  -113.69441517     1.00000000  -113.36752090  -113.56249670  -113.39703920  -113.65470900
2.30000000     2.50000000     3.93360288  -113.72623855     1.00000000  -113.40974920  -113.60620520  -113.43422260  -113.69015190
2.30000000     2.75000000     4.14476233  -113.72960032     1.00000000  -113.41672600  -113.61567370  -113.43857610  -113.69535790
2.30000000     3.00000000     4.36003188  -113.72420930     1.00000000  -113.41616580  -113.61299860  -113.43736400  -113.69087170
2.30000000     3.25000000     4.57883185  -113.71176894     1.00000000  -113.40616960  -113.60242900  -113.42712840  -113.67908750
2.30000000     3.50000000     4.80067957  -113.69553024     1.00000000  -113.39163190  -113.58763120  -113.41247630  -113.66336410
2.30000000     3.75000000     5.02517139  -113.67803394     1.00000000  -113.37569250  -113.57145400  -113.39639590  -113.64633220
2.30000000     4.00000000     5.25196826  -113.66076590     1.00000000  -113.36011110  -113.55550360  -113.38062110  -113.62951830
2.30000000     4.25000000     5.48078405  -113.64459482     1.00000000  -113.34596410  -113.54066430  -113.36625110  -113.61380070
2.30000000     4.50000000     5.71137610  -113.62998768     1.00000000  -113.33409430  -113.52741060  -113.35414500  -113.59965180
2.30000000     4.75000000     5.94353768  -113.61695942     1.00000000  -113.32544680  -113.51582980  -113.34525030  -113.58711330
2.30000000     5.00000000     6.17709182  -113.60597701     1.00000000  -113.32112980  -113.50631210  -113.34073880  -113.57663390
2.30000000     5.25000000     6.41188634  -113.60031278     1.00000000  -113.32033120  -113.50128500  -113.33986830  -113.57119000
2.30000000     5.50000000     6.64778983  -113.59836112     1.00000000  -113.32076890  -113.49953970  -113.34029150  -113.56931100
2.30000000     5.75000000     6.88468829  -113.59772274     1.00000000  -113.32140050  -113.49900670  -113.34093630  -113.56871290
2.30000000     6.00000000     7.12248243  -113.59751179     1.00000000  -113.32194330  -113.49885160  -113.34150620  -113.56852640
2.30000000     6.25000000     7.36108546  -113.59743323     1.00000000  -113.32234850  -113.49879490  -113.34194400  -113.56846080
2.30000000     6.50000000     7.60042119  -113.59738894     1.00000000  -113.32263180  -113.49875130  -113.34225990  -113.56842180
2.30000000     6.75000000     7.84042253  -113.59734550     1.00000000  -113.32282250  -113.49870020  -113.34247920  -113.56838000
2.30000000     7.00000000     8.08103017  -113.59729468     1.00000000  -113.32294820  -113.49864240  -113.34262660  -113.56833000
2.30000000     7.25000000     8.32219153  -113.59723717     1.00000000  -113.32303030  -113.49858300  -113.34272230  -113.56827390
2.30000000     7.50000000     8.56385982  -113.59717605     1.00000000  -113.32308390  -113.49852630  -113.34278250  -113.56821540
2.30000000     7.75000000     8.80599331  -113.59711557     1.00000000  -113.32311870  -113.49847450  -113.34281880  -113.56815830
2.30000000     8.00000000     9.04855465  -113.59705904     1.00000000  -113.32314060  -113.49842800  -113.34284000  -113.56810530
2.30000000     8.25000000     9.29151034  -113.59700878     1.00000000  -113.32315330  -113.49838570  -113.34285190  -113.56805780


2.40000000     1.50000000     3.23613118  -112.84212688     1.00000000  -112.40575930  -112.59543650  -112.49785090  -112.76935080
2.40000000     1.75000000     3.41986392  -113.37916389     1.00000000  -113.00092600  -113.19305740  -113.05880630  -113.32373000
2.40000000     2.00000000     3.61156384  -113.61645088     1.00000000  -113.27144210  -113.46880800  -113.31001130  -113.57236110
2.40000000     2.25000000     3.81002855  -113.71012094     1.00000000  -113.38751290  -113.58317260  -113.41495090  -113.67193680
2.40000000     2.50000000     4.01425482  -113.73140191     1.00000000  -113.42051640  -113.61636150  -113.44252920  -113.69676950
2.40000000     2.75000000     4.22340691  -113.73592776     1.00000000  -113.42685730  -113.62773560  -113.44642160  -113.70344070
2.40000000     3.00000000     4.43678826  -113.72834697     1.00000000  -113.42431860  -113.62229320  -113.44332270  -113.69656100
2.40000000     3.25000000     4.65381717  -113.71587191     1.00000000  -113.41406290  -113.61159870  -113.43282830  -113.68470550
2.40000000     3.50000000     4.87400640  -113.69986339     1.00000000  -113.39955830  -113.59698950  -113.41819540  -113.66919200
2.40000000     3.75000000     5.09694640  -113.68267043     1.00000000  -113.38370920  -113.58108140  -113.40219690  -113.65244720
2.40000000     4.00000000     5.32229149  -113.66574855     1.00000000  -113.36819650  -113.56543190  -113.38649360  -113.63596120
2.40000000     4.25000000     5.54974873  -113.64996733     1.00000000  -113.35402730  -113.55091490  -113.37211880  -113.62060950
2.40000000     4.50000000     5.77906870  -113.63581239     1.00000000  -113.34190960  -113.53800970  -113.35980360  -113.60687910
2.40000000     4.75000000     6.01003821  -113.62330983     1.00000000  -113.33245300  -113.52677510  -113.35016800  -113.59480960
2.40000000     5.00000000     6.24247414  -113.61121130     1.00000000  -113.32646900  -113.51624900  -113.34404380  -113.58325920
2.40000000     5.25000000     6.47621862  -113.60202995     1.00000000  -113.32459970  -113.50806320  -113.34214960  -113.57443360
2.40000000     5.50000000     6.71113491  -113.59891384     1.00000000  -113.32472880  -113.50504120  -113.34228970  -113.57135310
2.40000000     5.75000000     6.94710414  -113.59791997     1.00000000  -113.32526090  -113.50408700  -113.34284530  -113.57037710
2.40000000     6.00000000     7.18402256  -113.59758185     1.00000000  -113.32576690  -113.50377630  -113.34338320  -113.57005370
2.40000000     6.25000000     7.42179926  -113.59745283     1.00000000  -113.32615770  -113.50365680  -113.34380890  -113.56993340
2.40000000     6.50000000     7.66035433  -113.59738632     1.00000000  -113.32643580  -113.50358650  -113.34412050  -113.56987060
2.40000000     6.75000000     7.89961725  -113.59733231     1.00000000  -113.32662510  -113.50352410  -113.34433840  -113.56981790
2.40000000     7.00000000     8.13952559  -113.59727537     1.00000000  -113.32675090  -113.50346130  -113.34448570  -113.56976210
2.40000000     7.25000000     8.38002393  -113.59721516     1.00000000  -113.32683360  -113.50339960  -113.34458190  -113.56970340
2.40000000     7.50000000     8.62106288  -113.59715272     1.00000000  -113.32688790  -113.50334180  -113.34464260  -113.56964360
2.40000000     7.75000000     8.86259834  -113.59709172     1.00000000  -113.32692320  -113.50328930  -113.34467950  -113.56958590
2.40000000     8.00000000     9.10459079  -113.59703462     1.00000000  -113.32694550  -113.50324240  -113.34470130  -113.56953240
2.40000000     8.25000000     9.34700474  -113.59698394     1.00000000  -113.32695840  -113.50320020  -113.34471370  -113.56948470
2.40000000     8.50000000     9.58980823  -113.59694008     1.00000000  -113.32696440  -113.50316200  -113.34472050  -113.56944300
2.40000000     8.75000000     9.83297239  -113.59690345     1.00000000  -113.32696520  -113.50312710  -113.34472400  -113.56940740
2.40000000     9.00000000    10.07647112  -113.59687297     1.00000000  -113.32696260  -113.50309530  -113.34472570  -113.56937710
2.40000000     9.25000000    10.32028073  -113.59684803     1.00000000  -113.32695780  -113.50306630  -113.34472620  -113.56935150
2.40000000     9.50000000    10.56437970  -113.59682746     1.00000000  -113.32695200  -113.50304020  -113.34472610  -113.56932980
2.40000000     9.75000000    10.80874843  -113.59681052     1.00000000  -113.32694590  -113.50301690  -113.34472550  -113.56931140
2.40000000    10.00000000    11.05336903  -113.59679642     1.00000000  -113.32694010  -113.50299630  -113.34472460  -113.56929570


2.50000000     1.50000000     3.32643218  -112.85841842     1.00000000  -112.42900840  -112.61693940  -112.52458910  -112.78852360
2.50000000     1.75000000     3.50787347  -113.39595524     1.00000000  -113.02265650  -113.21318580  -113.07904630  -113.34154900
2.50000000     2.00000000     3.69732355  -113.62925023     1.00000000  -113.28622680  -113.48434530  -113.32222030  -113.58573930
2.50000000     2.25000000     3.89361357  -113.71826521     1.00000000  -113.39862570  -113.59535300  -113.42451990  -113.68133910
2.50000000     2.50000000     4.09576022  -113.73761185     1.00000000  -113.43028800  -113.62628190  -113.45082010  -113.70411730
2.50000000     2.75000000     4.30293818  -113.73477873     1.00000000  -113.43160910  -113.63021160  -113.44990680  -113.70342700
2.50000000     3.00000000     4.51445480  -113.72580243     1.00000000  -113.42493830  -113.62382940  -113.44233160  -113.69526120
2.50000000     3.25000000     4.72972804  -113.71330003     1.00000000  -113.41436270  -113.61300120  -113.43152480  -113.68333770
2.50000000     3.50000000     4.94826763  -113.69754672     1.00000000  -113.39994000  -113.59860310  -113.41696300  -113.66805930
2.50000000     3.75000000     5.16965934  -113.68067571     1.00000000  -113.38426280  -113.58298390  -113.40112840  -113.65162120
2.50000000     4.00000000     5.39355197  -113.66412569     1.00000000  -113.36894100  -113.56766880  -113.38561560  -113.63549160
2.50000000     4.25000000     5.61964661  -113.64878380     1.00000000  -113.35494260  -113.55353820  -113.37141980  -113.62055960
2.50000000     4.50000000     5.84768785  -113.63519496     1.00000000  -113.34290970  -113.54111000  -113.35920830  -113.60736430
2.50000000     4.75000000     6.07745657  -113.62361661     1.00000000  -113.33326840  -113.53062390  -113.34942550  -113.59615960
2.50000000     5.00000000     6.30876403  -113.61385065     1.00000000  -113.32622250  -113.52189220  -113.34229300  -113.58675390


2.60000000     1.50000000     3.41727335  -112.87152003     1.00000000  -112.44726730  -112.63108780  -112.53840600  -112.80110770
2.60000000     1.75000000     3.59650988  -113.40688328     1.00000000  -113.03730530  -113.22676190  -113.09266770  -113.35332210
2.60000000     2.00000000     3.78378243  -113.63736090     1.00000000  -113.29960380  -113.49503460  -113.33460980  -113.59466210
2.60000000     2.25000000     3.97795622  -113.72164926     1.00000000  -113.40346500  -113.60214960  -113.42814520  -113.68579960
2.60000000     2.50000000     4.17806915  -113.73888244     1.00000000  -113.43398960  -113.63061880  -113.45343620  -113.70634910
2.60000000     2.75000000     4.38330789  -113.72841241     1.00000000  -113.42898360  -113.62710000  -113.44597300  -113.69804910
2.60000000     3.00000000     4.59298533  -113.71858512     1.00000000  -113.42026950  -113.61987090  -113.43649130  -113.68905370
2.60000000     3.25000000     4.80652061  -113.70605484     1.00000000  -113.40925780  -113.60889820  -113.42525870  -113.67705900
2.60000000     3.50000000     5.02342180  -113.69053365     1.00000000  -113.39492530  -113.59467880  -113.41077890  -113.66199010
2.60000000     3.75000000     5.24327119  -113.67394601     1.00000000  -113.37944650  -113.57931170  -113.39513620  -113.64582140
2.60000000     4.00000000     5.46571304  -113.65772999     1.00000000  -113.36436720  -113.56430080  -113.37986440  -113.63001330
2.60000000     4.25000000     5.69044332  -113.64278387     1.00000000  -113.35063570  -113.55053250  -113.36593890  -113.61546410
2.60000000     4.50000000     5.91720131  -113.62968002     1.00000000  -113.33887580  -113.53853800  -113.35400790  -113.60273510
2.60000000     4.75000000     6.14576257  -113.61874519     1.00000000  -113.32947370  -113.52861650  -113.34447660  -113.59214610
2.60000000     5.00000000     6.37593317  -113.61006880     1.00000000  -113.32253390  -113.52083140  -113.33747570  -113.58378120
2.60000000     5.25000000     6.60754492  -113.60357103     1.00000000  -113.31783730  -113.51498140  -113.33281830  -113.57752190
2.60000000     5.50000000     6.84045145  -113.59946056     1.00000000  -113.31493230  -113.51086380  -113.33000060  -113.57342190
2.60000000     5.75000000     7.07452488  -113.59702383     1.00000000  -113.31323770  -113.50833800  -113.32838490  -113.57096500
2.60000000     6.00000000     7.30965310  -113.59552633     1.00000000  -113.31226250  -113.50679320  -113.32748120  -113.56946120
2.60000000     6.25000000     7.54573752  -113.59456873     1.00000000  -113.31169460  -113.50579380  -113.32697360  -113.56849760
2.60000000     6.50000000     7.78269111  -113.59393042     1.00000000  -113.31135160  -113.50511580  -113.32667850  -113.56785220
2.60000000     6.75000000     8.02043684  -113.59348784     1.00000000  -113.31113390  -113.50463760  -113.32649670  -113.56740220
2.60000000     7.00000000     8.25890630  -113.59316720     1.00000000  -113.31098870  -113.50429110  -113.32637640  -113.56707600
2.60000000     7.25000000     8.49803856  -113.59292610     1.00000000  -113.31088790  -113.50403470  -113.32629090  -113.56683170
2.60000000     7.50000000     8.73777921  -113.59273970     1.00000000  -113.31081570  -113.50384160  -113.32622680  -113.56664410
2.60000000     7.75000000     8.97807951  -113.59259185     1.00000000  -113.31076240  -113.50369410  -113.32617700  -113.56649690
2.60000000     8.00000000     9.21889570  -113.59247538     1.00000000  -113.31072150  -113.50357940  -113.32613770  -113.56638130
2.60000000     8.25000000     9.46018838  -113.59238283     1.00000000  -113.31068870  -113.50348860  -113.32610640  -113.56628960
2.60000000     8.50000000     9.70192199  -113.59230919     1.00000000  -113.31066120  -113.50341510  -113.32608150  -113.56621640
2.60000000     8.75000000     9.94406439  -113.59225052     1.00000000  -113.31063740  -113.50335440  -113.32606170  -113.56615760


2.70000000     1.50000000     3.50861271  -112.87858432     1.00000000  -112.45687470  -112.64012970  -112.54722710  -112.80881010
2.70000000     1.75000000     3.68572793  -113.41316580     1.00000000  -113.04648870  -113.23515380  -113.10116140  -113.36030200
2.70000000     2.00000000     3.87089364  -113.64246124     1.00000000  -113.30805760  -113.50210910  -113.34236410  -113.60039350
2.70000000     2.25000000     4.06300932  -113.72344270     1.00000000  -113.40650090  -113.60559710  -113.42997530  -113.68800730
2.70000000     2.50000000     4.26113505  -113.73663861     1.00000000  -113.43319440  -113.63091640  -113.45183450  -113.70491540
2.70000000     2.75000000     4.46447076  -113.72205060     1.00000000  -113.42543340  -113.62260130  -113.44170940  -113.69225780
2.70000000     3.00000000     4.67233628  -113.70834051     1.00000000  -113.41209950  -113.61231790  -113.42747620  -113.67966040
2.70000000     3.25000000     4.88415331  -113.69572684     1.00000000  -113.40044420  -113.60113830  -113.41560480  -113.66753610
2.70000000     3.50000000     5.09942945  -113.68034344     1.00000000  -113.38616220  -113.58696060  -113.40117300  -113.65256810
2.70000000     3.75000000     5.31774463  -113.66395580     1.00000000  -113.37085990  -113.57175140  -113.38570360  -113.63658230
2.70000000     4.00000000     5.53873949  -113.64800028     1.00000000  -113.35601840  -113.55697630  -113.37066930  -113.62102450
2.70000000     4.25000000     5.76210572  -113.63337371     1.00000000  -113.34257300  -113.54350570  -113.35703190  -113.60678610
2.70000000     4.50000000     5.98757793  -113.62064675     1.00000000  -113.33114130  -113.53186520  -113.34543210  -113.59442510
2.70000000     4.75000000     6.21492692  -113.61013708     1.00000000  -113.32209940  -113.52234040  -113.33626370  -113.58425040
2.70000000     5.00000000     6.44395406  -113.60188443     1.00000000  -113.31553040  -113.51497160  -113.32963700  -113.57630610
2.70000000     5.25000000     6.67448658  -113.59554498     1.00000000  -113.31118520  -113.50947280  -113.32536220  -113.57027780
2.70000000     5.50000000     6.90637374  -113.59157016     1.00000000  -113.30862890  -113.50542200  -113.32293460  -113.56629480
2.70000000     5.75000000     7.13948356  -113.58921191     1.00000000  -113.30724190  -113.50297050  -113.32162200  -113.56391420
2.70000000     6.00000000     7.37370006  -113.58775158     1.00000000  -113.30647300  -113.50146950  -113.32090780  -113.56244740
2.70000000     6.25000000     7.60892107  -113.58682004     1.00000000  -113.30602450  -113.50049920  -113.32050540  -113.56150880
2.70000000     6.50000000     7.84505622  -113.58619697     1.00000000  -113.30574590  -113.49984090  -113.32026520  -113.56087880
2.70000000     6.75000000     8.08202538  -113.58576259     1.00000000  -113.30556160  -113.49937460  -113.32011130  -113.56043750
2.70000000     7.00000000     8.31975729  -113.58544613     1.00000000  -113.30543340  -113.49903420  -113.32000490  -113.56011570
2.70000000     7.25000000     8.55818840  -113.58520709     1.00000000  -113.30534120  -113.49878120  -113.31992650  -113.55987370
2.70000000     7.50000000     8.79726184  -113.58502166     1.00000000  -113.30527320  -113.49859000  -113.31986590  -113.55968730
2.70000000     7.75000000     9.03692663  -113.58487562     1.00000000  -113.30522180  -113.49844350  -113.31981790  -113.55954160
2.70000000     8.00000000     9.27713696  -113.58475963     1.00000000  -113.30518180  -113.49832940  -113.31977940  -113.55942650
2.70000000     8.25000000     9.51785151  -113.58466727     1.00000000  -113.30514930  -113.49823870  -113.31974870  -113.55933500
2.70000000     8.50000000     9.75903297  -113.58459245     1.00000000  -113.30512190  -113.49816530  -113.31972410  -113.55926110
2.70000000     8.75000000    10.00064757  -113.58453392     1.00000000  -113.30509800  -113.49810460  -113.31970430  -113.55920240
2.70000000     9.00000000    10.24266464  -113.58448718     1.00000000  -113.30507690  -113.49805360  -113.31968840  -113.55915490
2.70000000     9.25000000    10.48505633  -113.58444973     1.00000000  -113.30505820  -113.49801030  -113.31967540  -113.55911620
2.70000000     9.50000000    10.72779723  -113.58441946     1.00000000  -113.30504170  -113.49797340  -113.31966460  -113.55908440
2.70000000     9.75000000    10.97086417  -113.58439458     1.00000000  -113.30502740  -113.49794180  -113.31965560  -113.55905790
2.70000000    10.00000000    11.21423594  -113.58437457     1.00000000  -113.30501510  -113.49791380  -113.31964780  -113.55903570


2.80000000     1.50000000     3.60041237  -112.88121998     1.00000000  -112.46243050  -112.64514570  -112.55210870  -112.81227050
2.80000000     1.75000000     3.77548638  -113.41585546     1.00000000  -113.05149610  -113.23953170  -113.10572510  -113.36357000
2.80000000     2.00000000     3.95861410  -113.64442632     1.00000000  -113.31251440  -113.50569430  -113.34634090  -113.60289280
2.80000000     2.25000000     4.14872918  -113.72331435     1.00000000  -113.40938140  -113.60687510  -113.43244280  -113.68833660
2.80000000     2.50000000     4.34491450  -113.73299058     1.00000000  -113.42938090  -113.62984200  -113.44715470  -113.70207750
2.80000000     2.75000000     4.54638430  -113.71421212     1.00000000  -113.41985270  -113.61736170  -113.43505930  -113.68520190
2.80000000     3.00000000     4.75246656  -113.70822511     1.00000000  -113.40574300  -113.61094870  -113.42049090  -113.67898490
2.80000000     3.25000000     4.96258669  -113.69167485     1.00000000  -113.38930330  -113.59169120  -113.40259560  -113.66119430
2.80000000     3.50000000     5.17625297  -113.66819346     1.00000000  -113.37493380  -113.57689200  -113.38932960  -113.64107810
2.80000000     3.75000000     5.39304395  -113.65186480     1.00000000  -113.35973810  -113.56164180  -113.37397360  -113.62511500
2.80000000     4.00000000     5.61259755  -113.63607707     1.00000000  -113.34509150  -113.54699470  -113.35913770  -113.60971010
2.80000000     4.25000000     5.83460191  -113.62168914     1.00000000  -113.33190560  -113.53374340  -113.34576270  -113.59570280
2.80000000     4.50000000     6.05878764  -113.60924594     1.00000000  -113.32078530  -113.52237350  -113.33447650  -113.58362020
2.80000000     4.75000000     6.28492131  -113.59903569     1.00000000  -113.31208670  -113.51313450  -113.32565180  -113.57373920
2.80000000     5.00000000     6.51280001  -113.59105646     1.00000000  -113.30585340  -113.50602740  -113.31935780  -113.56606280
2.80000000     5.25000000     6.74224682  -113.58473009     1.00000000  -113.30177930  -113.50075630  -113.31536450  -113.56012450
2.80000000     5.50000000     6.97310694  -113.58085018     1.00000000  -113.29942630  -113.49666240  -113.31317750  -113.55619260
2.80000000     5.75000000     7.20524452  -113.57859385     1.00000000  -113.29819430  -113.49427770  -113.31202050  -113.55390150
2.80000000     6.00000000     7.43853997  -113.57719370     1.00000000  -113.29751480  -113.49284060  -113.31139250  -113.55249570
2.80000000     6.25000000     7.67288766  -113.57629453     1.00000000  -113.29711420  -113.49191020  -113.31103510  -113.55159170
2.80000000     6.50000000     7.90819406  -113.57568966     1.00000000  -113.29686050  -113.49127430  -113.31081790  -113.55098110
2.80000000     6.75000000     8.14437606  -113.57526446     1.00000000  -113.29668910  -113.49082090  -113.31067560  -113.55055010
2.80000000     7.00000000     8.38135965  -113.57495291     1.00000000  -113.29656750  -113.49048760  -113.31057520  -113.55023390
2.80000000     7.25000000     8.61907871  -113.57471654     1.00000000  -113.29647860  -113.49023860  -113.31049980  -113.54999500
2.80000000     7.50000000     8.85747402  -113.57453257     1.00000000  -113.29641230  -113.49004960  -113.31044080  -113.54981030
2.80000000     7.75000000     9.09649241  -113.57438731     1.00000000  -113.29636170  -113.48990420  -113.31039370  -113.54966550
2.80000000     8.00000000     9.33608603  -113.57427169     1.00000000  -113.29632190  -113.48979070  -113.31035570  -113.54955090
2.80000000     8.25000000     9.57621171  -113.57417966     1.00000000  -113.29628940  -113.48970020  -113.31032520  -113.54945970
2.80000000     8.50000000     9.81683039  -113.57410614     1.00000000  -113.29626190  -113.48962690  -113.31030070  -113.54938670
2.80000000     8.75000000    10.05790669  -113.57404634     1.00000000  -113.29623800  -113.48956620  -113.31028110  -113.54932720
2.80000000     9.00000000    10.29940849  -113.57399963     1.00000000  -113.29621680  -113.48951510  -113.31026520  -113.54927970
2.80000000     9.25000000    10.54130653  -113.57396185     1.00000000  -113.29619800  -113.48947180  -113.31025220  -113.54924080
2.80000000     9.50000000    10.78357416  -113.57393144     1.00000000  -113.29618160  -113.48943490  -113.31024140  -113.54920890
2.80000000     9.75000000    11.02618700  -113.57390645     1.00000000  -113.29616730  -113.48940330  -113.31023220  -113.54918230
2.80000000    10.00000000    11.26912277  -113.57388613     1.00000000  -113.29615500  -113.48937530  -113.31022440  -113.54915990


2.90000000     1.50000000     3.69263798  -112.88235642     1.00000000  -112.46496370  -112.64714440  -112.55448160  -112.81372290
2.90000000     1.75000000     3.86574759  -113.41581133     1.00000000  -113.05334390  -113.24084380  -113.10730740  -113.36400730
2.90000000     2.00000000     4.04690421  -113.64383883     1.00000000  -113.31386960  -113.50643810  -113.34738080  -113.60275790
2.90000000     2.25000000     4.23507531  -113.72184190     1.00000000  -113.40989720  -113.60656610  -113.43266490  -113.68725040
2.90000000     2.50000000     4.42936701  -113.72956979     1.00000000  -113.42752700  -113.62679330  -113.44507840  -113.69875780
2.90000000     2.75000000     4.62900867  -113.70740177     1.00000000  -113.41257550  -113.61140990  -113.42785500  -113.67871750
2.90000000     3.00000000     4.83333741  -113.68122941     1.00000000  -113.38972670  -113.58835360  -113.40419940  -113.65355460
2.90000000     3.25000000     5.04178339  -113.67920360     1.00000000  -113.37997760  -113.58597410  -113.39380260  -113.65129850
2.90000000     3.50000000     5.25385657  -113.65514583     1.00000000  -113.36230160  -113.56610410  -113.37619680  -113.62877060
2.90000000     3.75000000     5.46913504  -113.63860198     1.00000000  -113.34704940  -113.55010430  -113.36083620  -113.61240640
2.90000000     4.00000000     5.68725481  -113.62285568     1.00000000  -113.33252270  -113.53539710  -113.34613390  -113.59700750
2.90000000     4.25000000     5.90790120  -113.60862266     1.00000000  -113.31954520  -113.52226460  -113.33297370  -113.58314220
2.90000000     4.50000000     6.13080139  -113.59638587     1.00000000  -113.30868880  -113.51108110  -113.32195490  -113.57125850
2.90000000     4.75000000     6.35571829  -113.58639047     1.00000000  -113.30027380  -113.50203670  -113.31341510  -113.56158450
2.90000000     5.00000000     6.58244515  -113.57861102     1.00000000  -113.29429400  -113.49509720  -113.30737090  -113.55409510
2.90000000     5.25000000     6.81080123  -113.57228597     1.00000000  -113.29039400  -113.48999280  -113.30354470  -113.54821470
2.90000000     5.50000000     7.04062800  -113.56839126     1.00000000  -113.28813170  -113.48580100  -113.30150110  -113.54424610
2.90000000     5.75000000     7.27178601  -113.56621259     1.00000000  -113.28698720  -113.48343470  -113.30043670  -113.54201240
2.90000000     6.00000000     7.50415225  -113.56485547     1.00000000  -113.28635820  -113.48203960  -113.29985900  -113.54064920
2.90000000     6.25000000     7.73761786  -113.56397982     1.00000000  -113.28598440  -113.48113640  -113.29952770  -113.53976990
2.90000000     6.50000000     7.97208626  -113.56338838     1.00000000  -113.28574480  -113.48051610  -113.29932400  -113.53917340
2.90000000     6.75000000     8.20747151  -113.56297017     1.00000000  -113.28558080  -113.48007190  -113.29918870  -113.53875010
2.90000000     7.00000000     8.44369693  -113.56266273     1.00000000  -113.28546320  -113.47974400  -113.29909190  -113.53843840
2.90000000     7.25000000     8.68069393  -113.56242856     1.00000000  -113.28537640  -113.47949810  -113.29901850  -113.53820200
2.90000000     7.50000000     8.91840099  -113.56224575     1.00000000  -113.28531100  -113.47931090  -113.29896050  -113.53801870
2.90000000     7.75000000     9.15676283  -113.56210116     1.00000000  -113.28526080  -113.47916650  -113.29891390  -113.53787470
2.90000000     8.00000000     9.39572960  -113.56198589     1.00000000  -113.28522110  -113.47905340  -113.29887630  -113.53776050
2.90000000     8.25000000     9.63525629  -113.56189396     1.00000000  -113.28518860  -113.47896320  -113.29884600  -113.53766950
2.90000000     8.50000000     9.87530218  -113.56182077     1.00000000  -113.28516100  -113.47888980  -113.29882160  -113.53759670
2.90000000     8.75000000    10.11583028  -113.56176083     1.00000000  -113.28513690  -113.47882900  -113.29880200  -113.53753710
2.90000000     9.00000000    10.35680701  -113.56171395     1.00000000  -113.28511560  -113.47877790  -113.29878610  -113.53748950
2.90000000     9.25000000    10.59820177  -113.56167609     1.00000000  -113.28509680  -113.47873450  -113.29877300  -113.53745050
2.90000000     9.50000000    10.83998662  -113.56164557     1.00000000  -113.28508030  -113.47869750  -113.29876220  -113.53741850
2.90000000     9.75000000    11.08213604  -113.56162027     1.00000000  -113.28506600  -113.47866590  -113.29875300  -113.53739170
2.90000000    10.00000000    11.32462663  -113.56159937     1.00000000  -113.28505370  -113.47863870  -113.29874510  -113.53736920


3.00000000     1.50000000     3.78525842  -112.88079991     1.00000000  -112.46527390  -112.64691390  -112.55503770  -112.81275470
3.00000000     1.75000000     3.95647716  -113.41371777     1.00000000  -113.05283090  -113.23984790  -113.10665580  -113.36231740
3.00000000     2.00000000     4.13572747  -113.64127609     1.00000000  -113.31286950  -113.50497170  -113.34618570  -113.60057890
3.00000000     2.25000000     4.32201017  -113.71884957     1.00000000  -113.40838960  -113.60456520  -113.43095910  -113.68459560
3.00000000     2.50000000     4.51445480  -113.72580270     1.00000000  -113.42493830  -113.62382730  -113.44233160  -113.69526060
3.00000000     2.75000000     4.71230648  -113.70256748     1.00000000  -113.40718630  -113.60785080  -113.42223090  -113.67431180
3.00000000     3.00000000     4.91491227  -113.69141569     1.00000000  -113.39143530  -113.59686020  -113.40538200  -113.66304530
3.00000000     3.25000000     5.12170800  -113.66869455     1.00000000  -113.37059850  -113.57658120  -113.38408720  -113.64114350
3.00000000     3.50000000     5.33220620  -113.64740139     1.00000000  -113.35051240  -113.55733170  -113.36375230  -113.62055420
3.00000000     3.75000000     5.54598532  -113.62498244     1.00000000  -113.33360560  -113.53843660  -113.34700710  -113.59943060
3.00000000     4.00000000     5.76268023  -113.60905645     1.00000000  -113.31905530  -113.52308700  -113.33233690  -113.58369340
3.00000000     4.25000000     5.98197406  -113.59487926     1.00000000  -113.30621470  -113.50989220  -113.31932990  -113.56984320
3.00000000     4.50000000     6.20359121  -113.58277505     1.00000000  -113.29556180  -113.49879530  -113.30852230  -113.55807600
3.00000000     4.75000000     6.42729135  -113.57292412     1.00000000  -113.28736120  -113.48985650  -113.30020160  -113.54853260
3.00000000     5.00000000     6.65286437  -113.56527956     1.00000000  -113.28155490  -113.48299970  -113.29433040  -113.54115880
3.00000000     5.25000000     6.88012605  -113.55906584     1.00000000  -113.27775570  -113.47797730  -113.29057890  -113.53537450
3.00000000     5.50000000     7.10891446  -113.55490611     1.00000000  -113.27549750  -113.47366680  -113.28861090  -113.53120290
3.00000000     5.75000000     7.33908679  -113.55279864     1.00000000  -113.27440260  -113.47126040  -113.28760530  -113.52900240
3.00000000     6.00000000     7.57051684  -113.55147182     1.00000000  -113.27380480  -113.46988930  -113.28705990  -113.52766740
3.00000000     6.25000000     7.80309268  -113.55061283     1.00000000  -113.27344810  -113.46900410  -113.28674560  -113.52680520
3.00000000     6.50000000     8.03671485  -113.55003189     1.00000000  -113.27321760  -113.46839500  -113.28655080  -113.52621940
3.00000000     6.75000000     8.27129469  -113.54961843     1.00000000  -113.27305860  -113.46795810  -113.28642020  -113.52580170
3.00000000     7.00000000     8.50675297  -113.54931415     1.00000000  -113.27294370  -113.46763410  -113.28632600  -113.52549340
3.00000000     7.25000000     8.74301871  -113.54908169     1.00000000  -113.27285820  -113.46739070  -113.28625400  -113.52525900
3.00000000     7.50000000     8.98002820  -113.54889980     1.00000000  -113.27279350  -113.46720490  -113.28619680  -113.52507680
3.00000000     7.75000000     9.21772405  -113.54875575     1.00000000  -113.27274360  -113.46706120  -113.28615060  -113.52493340
3.00000000     8.00000000     9.45605451  -113.54864074     1.00000000  -113.27270390  -113.46694840  -113.28611320  -113.52481950
3.00000000     8.25000000     9.69497277  -113.54854912     1.00000000  -113.27267130  -113.46685840  -113.28608300  -113.52472880
3.00000000     8.50000000     9.93443644  -113.54847588     1.00000000  -113.27264350  -113.46678500  -113.28605870  -113.52465600
3.00000000     8.75000000    10.17440699  -113.54841721     1.00000000  -113.27261930  -113.46672410  -113.28603910  -113.52459720
3.00000000     9.00000000    10.41484939  -113.54836890     1.00000000  -113.27259790  -113.46667280  -113.28602310  -113.52454860
3.00000000     9.25000000    10.65573169  -113.54833100     1.00000000  -113.27257900  -113.46662940  -113.28601010  -113.52450960
3.00000000     9.50000000    10.89702474  -113.54830027     1.00000000  -113.27256250  -113.46659230  -113.28599910  -113.52447740
3.00000000     9.75000000    11.13870183  -113.54827502     1.00000000  -113.27254820  -113.46656060  -113.28598990  -113.52445060
3.00000000    10.00000000    11.38073849  -113.54825399     1.00000000  -113.27253590  -113.46653340  -113.28598190  -113.52442800


3.10000000     1.50000000     3.87824539  -112.87814297     1.00000000  -112.46398020  -112.64506790  -112.55386350  -112.81044980
3.10000000     1.75000000     4.04764358  -113.41011355     1.00000000  -113.05058410  -113.23714390  -113.10435660  -113.35905540
3.10000000     2.00000000     4.22505027  -113.63722693     1.00000000  -113.31011560  -113.50183390  -113.34332110  -113.59685740
3.10000000     2.25000000     4.40949895  -113.71458677     1.00000000  -113.40529150  -113.60114750  -113.42773350  -113.68062710
3.10000000     2.50000000     4.60014263  -113.72133482     1.00000000  -113.42136440  -113.62008400  -113.43864350  -113.69104120
3.10000000     2.75000000     4.79624264  -113.69785580     1.00000000  -113.40252810  -113.60383920  -113.41745630  -113.66983700
3.10000000     3.00000000     4.99715666  -113.68230253     1.00000000  -113.38319710  -113.58881880  -113.39691100  -113.65428710
3.10000000     3.25000000     5.20232697  -113.65791388     1.00000000  -113.36069590  -113.56679880  -113.37393770  -113.63068750
3.10000000     3.50000000     5.41126945  -113.63535871     1.00000000  -113.33937890  -113.54610410  -113.35239890  -113.60877290
3.10000000     3.75000000     5.62356367  -113.61560161     1.00000000  -113.32068810  -113.52813710  -113.33350360  -113.58963120
3.10000000     4.00000000     5.83884403  -113.59536964     1.00000000  -113.30533380  -113.51113900  -113.31829940  -113.57058180


3.20000000     1.50000000     3.97157316  -112.87447223     1.00000000  -112.46156160  -112.64208150  -112.55158530  -112.80708360
3.20000000     1.75000000     4.13921799  -113.40542010     1.00000000  -113.04709580  -113.23320520  -113.10086910  -113.35465690
3.20000000     2.00000000     4.31484158  -113.63208689     1.00000000  -113.30608640  -113.49746400  -113.33923540  -113.59200040
3.20000000     2.25000000     4.49750932  -113.70934148     1.00000000  -113.40100050  -113.59663490  -113.42336230  -113.67564170
3.20000000     2.50000000     4.68639758  -113.71613571     1.00000000  -113.41688380  -113.61553520  -113.43407950  -113.68606790
3.20000000     2.75000000     4.88078421  -113.69263912     1.00000000  -113.39767180  -113.59903600  -113.41252750  -113.66475950
3.20000000     3.00000000     5.08003807  -113.67318899     1.00000000  -113.37478850  -113.58064140  -113.38834020  -113.64548960
3.20000000     3.25000000     5.28360852  -113.64721721     1.00000000  -113.35069650  -113.55697970  -113.36376270  -113.62028230
3.20000000     3.50000000     5.49101550  -113.62343494     1.00000000  -113.32813410  -113.53498340  -113.34098190  -113.59711320
3.20000000     3.75000000     5.70184036  -113.60280942     1.00000000  -113.30858050  -113.51598120  -113.32125840  -113.57704740
3.20000000     4.00000000     5.91571768  -113.58491272     1.00000000  -113.29219860  -113.49985690  -113.30471850  -113.55976370
3.20000000     4.25000000     6.13232810  -113.56787488     1.00000000  -113.27893500  -113.48553420  -113.29150300  -113.54370240
3.20000000     4.50000000     6.35139198  -113.55553017     1.00000000  -113.26839910  -113.47384740  -113.28090360  -113.53158230
3.20000000     4.75000000     6.57266402  -113.54567939     1.00000000  -113.26039660  -113.46471660  -113.27282580  -113.52197610
3.20000000     5.00000000     6.79592853  -113.53808077     1.00000000  -113.25471900  -113.45773380  -113.26710850  -113.51458990
3.20000000     5.25000000     7.02099543  -113.53243396     1.00000000  -113.25094830  -113.45260800  -113.26334600  -113.50912850
3.20000000     5.50000000     7.24769681  -113.52634642     1.00000000  -113.24855860  -113.44899050  -113.26129070  -113.50395700
3.20000000     5.75000000     7.47588398  -113.52491655     1.00000000  -113.24739500  -113.44524210  -113.26034380  -113.50174260
3.20000000     6.00000000     7.70542494  -113.52362225     1.00000000  -113.24682820  -113.44387980  -113.25983350  -113.50043230
3.20000000     6.25000000     7.93620222  -113.52278441     1.00000000  -113.24648990  -113.44301110  -113.25953860  -113.49958970
3.20000000     6.50000000     8.16811104  -113.52221526     1.00000000  -113.24627000  -113.44241500  -113.25935450  -113.49901610
3.20000000     6.75000000     8.40105768  -113.52180923     1.00000000  -113.24611700  -113.44198720  -113.25922990  -113.49860640
3.20000000     7.00000000     8.63495816  -113.52150889     1.00000000  -113.24600540  -113.44166990  -113.25913900  -113.49830300
3.20000000     7.25000000     8.86973701  -113.52127911     1.00000000  -113.24592170  -113.44142950  -113.25906890  -113.49807140
3.20000000     7.50000000     9.10532629  -113.52109891     1.00000000  -113.24585780  -113.44124590  -113.25901280  -113.49789110
3.20000000     7.75000000     9.34166469  -113.52095550     1.00000000  -113.24580810  -113.44110340  -113.25896730  -113.49774860
3.20000000     8.00000000     9.57869675  -113.52084109     1.00000000  -113.24576840  -113.44099110  -113.25893020  -113.49763530
3.20000000     8.25000000     9.81637222  -113.52074958     1.00000000  -113.24573560  -113.44090110  -113.25890010  -113.49754470
3.20000000     8.50000000    10.05464548  -113.52067631     1.00000000  -113.24570750  -113.44082760  -113.25887590  -113.49747190
3.20000000     8.75000000    10.29347502  -113.52061774     1.00000000  -113.24568310  -113.44076650  -113.25885620  -113.49741310
3.20000000     9.00000000    10.53282300  -113.52057068     1.00000000  -113.24566150  -113.44071510  -113.25884020  -113.49736530
3.20000000     9.25000000    10.77265485  -113.52053266     1.00000000  -113.24564250  -113.44067140  -113.25882700  -113.49732610
3.20000000     9.50000000    11.01293897  -113.52050027     1.00000000  -113.24562590  -113.44063420  -113.25881600  -113.49729280
3.20000000     9.75000000    11.25364638  -113.52047487     1.00000000  -113.24561160  -113.44060230  -113.25880660  -113.49726580
3.20000000    10.00000000    11.49475051  -113.52045360     1.00000000  -113.24559930  -113.44057500  -113.25879850  -113.49724300


3.30000000     1.50000000     4.06521825  -112.87011354     1.00000000  -112.45838840  -112.63832350  -112.54855080  -112.80299480
3.30000000     1.75000000     4.23117391  -113.39996599     1.00000000  -113.04275180  -113.22840460  -113.09655300  -113.34946290
3.30000000     2.00000000     4.40507275  -113.62616673     1.00000000  -113.30115960  -113.49221630  -113.33428190  -113.58633100
3.30000000     2.25000000     4.58601124  -113.70337711     1.00000000  -113.39585000  -113.59131670  -113.41815890  -113.66990920
3.30000000     2.50000000     4.77318891  -113.71033329     1.00000000  -113.41168900  -113.61032330  -113.42882090  -113.68047220
3.30000000     2.75000000     4.96590028  -113.68692323     1.00000000  -113.39238610  -113.59373560  -113.40718140  -113.65918530
3.30000000     3.00000000     5.16352581  -113.66426376     1.00000000  -113.36644710  -113.57256630  -113.37988080  -113.63685550
3.30000000     3.25000000     5.36552254  -113.63684876     1.00000000  -113.34089880  -113.54739250  -113.35384060  -113.61017790
3.30000000     3.50000000     5.57141502  -113.61184630     1.00000000  -113.31708020  -113.52413100  -113.32979930  -113.58577080
3.30000000     3.75000000     5.78078702  -113.59040265     1.00000000  -113.29668410  -113.50423290  -113.30924840  -113.56486040
3.30000000     4.00000000     5.99327388  -113.57227577     1.00000000  -113.27974670  -113.48759080  -113.29215140  -113.54724250
3.30000000     4.25000000     6.20855579  -113.55676439     1.00000000  -113.26602170  -113.47366270  -113.27830540  -113.53227930
3.30000000     4.50000000     6.42635186  -113.54328703     1.00000000  -113.25526300  -113.46202410  -113.26751400  -113.51945160
3.30000000     4.75000000     6.64641494  -113.53289792     1.00000000  -113.24719010  -113.45269880  -113.25942100  -113.50943670
3.30000000     5.00000000     6.86852712  -113.52506520     1.00000000  -113.24145770  -113.44553990  -113.25368400  -113.50184160
3.30000000     5.25000000     7.09249589  -113.51930863     1.00000000  -113.23761280  -113.44023030  -113.24986500  -113.49624650
3.30000000     5.50000000     7.31815080  -113.51243508     1.00000000  -113.23514580  -113.43644140  -113.24760480  -113.49048470
3.30000000     5.75000000     7.54534058  -113.51022402     1.00000000  -113.23359140  -113.43383890  -113.24666690  -113.48822120
3.30000000     6.00000000     7.77393065  -113.50990738     1.00000000  -113.23305180  -113.43066970  -113.24616470  -113.48691030
3.30000000     6.25000000     8.00380103  -113.50905991     1.00000000  -113.23284850  -113.42988020  -113.24587490  -113.48607110
3.30000000     6.50000000     8.23484451  -113.50846953     1.00000000  -113.23270740  -113.42936280  -113.24569390  -113.48550080
3.30000000     6.75000000     8.46696506  -113.50804819     1.00000000  -113.23259700  -113.42898630  -113.24557110  -113.48509350
3.30000000     7.00000000     8.70007647  -113.50773830     1.00000000  -113.23250630  -113.42869930  -113.24548140  -113.48479180
3.30000000     7.25000000     8.93410118  -113.50750319     1.00000000  -113.23243060  -113.42847450  -113.24541200  -113.48456120
3.30000000     7.50000000     9.16896925  -113.50732057     1.00000000  -113.23236640  -113.42829680  -113.24535630  -113.48438150
3.30000000     7.75000000     9.40461750  -113.50717687     1.00000000  -113.23231150  -113.42815410  -113.24531100  -113.48423950
3.30000000     8.00000000     9.64098872  -113.50706309     1.00000000  -113.23226430  -113.42803820  -113.24527400  -113.48412640
3.30000000     8.25000000     9.87803102  -113.50697282     1.00000000  -113.23222290  -113.42794270  -113.24524410  -113.48403590
3.30000000     8.50000000    10.11569721  -113.50690103     1.00000000  -113.23218670  -113.42786330  -113.24521980  -113.48396310
3.30000000     8.75000000    10.35394433  -113.50684397     1.00000000  -113.23215470  -113.42779640  -113.24520010  -113.48390430
3.30000000     9.00000000    10.59273319  -113.50679823     1.00000000  -113.23212660  -113.42773970  -113.24518410  -113.48385640
3.30000000     9.25000000    10.83202796  -113.50676158     1.00000000  -113.23210200  -113.42769130  -113.24517080  -113.48381720
3.30000000     9.50000000    11.07179583  -113.50673161     1.00000000  -113.23208060  -113.42764970  -113.24515980  -113.48378460
3.30000000     9.75000000    11.31200673  -113.50670721     1.00000000  -113.23206200  -113.42761400  -113.24515030  -113.48375750
3.30000000    10.00000000    11.55263301  -113.50668566     1.00000000  -113.23204600  -113.42758320  -113.24514220  -113.48373380


3.40000000     1.50000000     4.15915923  -112.86532235     1.00000000  -112.45474620  -112.63407820  -112.54503100  -112.79844760
3.40000000     1.75000000     4.32348698  -113.39400782     1.00000000  -113.03785440  -113.22303490  -113.09168990  -113.34374030
3.40000000     2.00000000     4.49571729  -113.61971185     1.00000000  -113.29563150  -113.48636890  -113.32873810  -113.58010380
3.40000000     2.25000000     4.67497681  -113.69690748     1.00000000  -113.39010910  -113.58543630  -113.41237680  -113.66365190
3.40000000     2.50000000     4.86048788  -113.70408759     1.00000000  -113.40598190  -113.60462450  -113.42305890  -113.67441840
3.40000000     2.75000000     5.05156181  -113.68081466     1.00000000  -113.38671880  -113.58806100  -113.40145740  -113.65322560
3.40000000     3.00000000     5.24759096  -113.65564207     1.00000000  -113.35832120  -113.56475090  -113.37165790  -113.62851180
3.40000000     3.25000000     5.44804049  -113.62695018     1.00000000  -113.33148880  -113.53820680  -113.34433970  -113.60052340
3.40000000     3.50000000     5.65244013  -113.60077398     1.00000000  -113.30645030  -113.51373540  -113.31907200  -113.57492770
3.40000000     3.75000000     5.86037658  -113.57849252     1.00000000  -113.28517050  -113.49295780  -113.29764280  -113.55316460
3.40000000     4.00000000     6.07148647  -113.55988961     1.00000000  -113.26771440  -113.47577210  -113.28004030  -113.53504780
3.40000000     4.25000000     6.28545003  -113.54442618     1.00000000  -113.25369440  -113.46165630  -113.26588300  -113.52004550
3.40000000     4.50000000     6.50198557  -113.53162570     1.00000000  -113.24276360  -113.45016060  -113.25485450  -113.50769530
3.40000000     4.75000000     6.72084449  -113.52125366     1.00000000  -113.23458780  -113.44103560  -113.24662570  -113.49775810
3.40000000     5.00000000     6.94180703  -113.51311855     1.00000000  -113.22875760  -113.43402840  -113.24078710  -113.49002070
3.40000000     5.25000000     7.16467858  -113.50697235     1.00000000  -113.22478360  -113.42873090  -113.23685780  -113.48418010
3.40000000     5.50000000     7.38928639  -113.50266471     1.00000000  -113.22218160  -113.42470430  -113.23433640  -113.47998270
3.40000000     5.75000000     7.61547685  -113.49667970     1.00000000  -113.22053720  -113.42177150  -113.23292650  -113.47509850
3.40000000     6.00000000     7.84311302  -113.49619091     1.00000000  -113.21982920  -113.41834110  -113.23262530  -113.47363720
3.40000000     6.25000000     8.07207260  -113.49551967     1.00000000  -113.21959440  -113.41741610  -113.23246740  -113.47288760


3.50000000     1.50000000     4.25337648  -112.86029640     1.00000000  -112.45085520  -112.62956750  -112.54123790  -112.79364790
3.50000000     1.75000000     4.41613482  -113.38774708     1.00000000  -113.03263980  -113.21732610  -113.08650140  -113.33769900
3.50000000     2.00000000     4.58675070  -113.61291353     1.00000000  -113.28973410  -113.48014100  -113.32282220  -113.57351830
3.50000000     2.25000000     4.76438005  -113.69010566     1.00000000  -113.38399070  -113.57918980  -113.40621760  -113.65704960
3.50000000     2.50000000     4.94826763  -113.69754646     1.00000000  -113.39994000  -113.59860300  -113.41696300  -113.66805910
3.50000000     2.75000000     5.13774150  -113.67444427     1.00000000  -113.38078690  -113.58213400  -113.39546770  -113.64700720
3.50000000     3.00000000     5.33220620  -113.64740827     1.00000000  -113.35051250  -113.55734090  -113.36375230  -113.62056190
3.50000000     3.25000000     5.53113535  -113.61758584     1.00000000  -113.32256680  -113.52951090  -113.33534550  -113.59138960
3.50000000     3.50000000     5.73406431  -113.59032956     1.00000000  -113.29639690  -113.50392590  -113.30894200  -113.56470030

