1.80000000     1.50000000     2.86181760  -112.43698199     1.00000000  -111.95581540  -112.13530220  -112.08156830  -112.34888670
1.80000000     1.75000000     3.07449183  -112.96574496     1.00000000  -112.61366380  -112.80108560  -112.64735920  -112.91391490
1.80000000     2.00000000     3.29241553  -113.30572086     1.00000000  -112.91255750  -113.10319730  -112.98063140  -113.24580080
1.80000000     2.25000000     3.51461235  -113.42857680     1.00000000  -113.05687620  -113.24545690  -113.11253490  -113.37388410
1.80000000     2.50000000     3.74032084  -113.48098960     1.00000000  -113.12121320  -113.30834430  -113.17199800  -113.42947790
1.80000000     2.75000000     3.96894192  -113.49612078     1.00000000  -113.14299130  -113.32911900  -113.19188430  -113.44645840
1.80000000     3.00000000     4.20000000  -113.49194717     1.00000000  -113.14272940  -113.32802800  -113.19110630  -113.44338920
1.80000000     3.25000000     4.43311403  -113.47864375     1.00000000  -113.13205300  -113.31652840  -113.18044920  -113.43078970
1.80000000     3.50000000     4.66797601  -113.46171151     1.00000000  -113.11733810  -113.30090240  -113.16582390  -113.41437920
1.80000000     3.75000000     4.90433482  -113.44407048     1.00000000  -113.10195220  -113.28447900  -113.15040600  -113.39720150
1.80000000     4.00000000     5.14198405  -113.42732460     1.00000000  -113.08764950  -113.26899030  -113.13593330  -113.38090760
1.80000000     4.25000000     5.38075274  -113.41241197     1.00000000  -113.07540130  -113.25538670  -113.12341820  -113.36644820
1.80000000     4.50000000     5.62049820  -113.39991343     1.00000000  -113.06576860  -113.24421750  -113.11345280  -113.35439790
1.80000000     4.75000000     5.86110058  -113.39013384     1.00000000  -113.05897510  -113.23574170  -113.10626940  -113.34504580
1.80000000     5.00000000     6.10245852  -113.38310004     1.00000000  -113.05489820  -113.22991220  -113.10174920  -113.33839150
1.80000000     5.25000000     6.34448579  -113.37854299     1.00000000  -113.05307610  -113.22638970  -113.09949470  -113.33415100
1.80000000     5.50000000     6.58710862  -113.37601843     1.00000000  -113.05268260  -113.22461470  -113.09882650  -113.33186250
1.80000000     5.75000000     6.83026354  -113.37487848     1.00000000  -113.05286790  -113.22386650  -113.09891080  -113.33085340
1.80000000     6.00000000     7.07389567  -113.37441596     1.00000000  -113.05317270  -113.22356520  -113.09920450  -113.33045010
1.80000000     6.25000000     7.31795737  -113.37422383     1.00000000  -113.05344040  -113.22342190  -113.09949600  -113.33028070
1.80000000     6.50000000     7.56240702  -113.37412836     1.00000000  -113.05363760  -113.22332640  -113.09972760  -113.33019130
1.80000000     6.75000000     7.80720821  -113.37406214     1.00000000  -113.05377110  -113.22324350  -113.09989420  -113.33012460
1.80000000     7.00000000     8.05232886  -113.37400095     1.00000000  -113.05385710  -113.22316570  -113.10000620  -113.33006170
1.80000000     7.25000000     8.29774066  -113.37393831     1.00000000  -113.05391080  -113.22309350  -113.10007670  -113.32999840
1.80000000     7.50000000     8.54341852  -113.37387382     1.00000000  -113.05394370  -113.22302850  -113.10011800  -113.32993520
1.80000000     7.75000000     8.78934013  -113.37381226     1.00000000  -113.05396310  -113.22297100  -113.10013980  -113.32987560
1.80000000     8.00000000     9.03548560  -113.37375575     1.00000000  -113.05397320  -113.22292010  -113.10014980  -113.32982120
1.80000000     8.25000000     9.28183710  -113.37370661     1.00000000  -113.05397650  -113.22287440  -113.10015330  -113.32977340
1.80000000     8.50000000     9.52837867  -113.37366580     1.00000000  -113.05397430  -113.22283250  -113.10015350  -113.32973260
1.80000000     8.75000000     9.77509591  -113.37363314     1.00000000  -113.05396800  -113.22279340  -113.10015230  -113.32969840
1.80000000     9.00000000    10.02197585  -113.37360740     1.00000000  -113.05395880  -113.22275680  -113.10015080  -113.32966990
1.80000000     9.25000000    10.26900677  -113.37358776     1.00000000  -113.05394790  -113.22272270  -113.10014910  -113.32964640
1.80000000     9.50000000    10.51617801  -113.37357236     1.00000000  -113.05393630  -113.22269130  -113.10014750  -113.32962670
1.80000000     9.75000000    10.76347992  -113.37356041     1.00000000  -113.05392490  -113.22266280  -113.10014590  -113.32961020
1.80000000    10.00000000    11.01090369  -113.37355080     1.00000000  -113.05391420  -113.22263710  -113.10014430  -113.32959610


1.90000000     1.50000000     2.95127091  -112.54649509     1.00000000  -112.08053200  -112.26235430  -112.19671210  -112.46356560
1.90000000     1.75000000     3.16188235  -113.15338613     1.00000000  -112.74118190  -112.92971580  -112.82030840  -113.08723380
1.90000000     2.00000000     3.37786915  -113.41575836     1.00000000  -113.03685270  -113.22797880  -113.09591240  -113.35989610
1.90000000     2.25000000     3.59826347  -113.53143713     1.00000000  -113.17330500  -113.36383970  -113.22064440  -113.48123870
1.90000000     2.50000000     3.82230297  -113.57960717     1.00000000  -113.23348600  -113.42253130  -113.27587560  -113.53257600
1.90000000     2.75000000     4.04938267  -113.59291939     1.00000000  -113.25349920  -113.44151090  -113.29391770  -113.54771840
1.90000000     3.00000000     4.27901858  -113.58781809     1.00000000  -113.25231270  -113.43955450  -113.29211990  -113.54371780
1.90000000     3.25000000     4.51082032  -113.57386474     1.00000000  -113.24095430  -113.42747110  -113.28069070  -113.53046970
1.90000000     3.50000000     4.74447047  -113.55634731     1.00000000  -113.22559650  -113.41131390  -113.26535330  -113.51347630
1.90000000     3.75000000     4.97970883  -113.53809717     1.00000000  -113.20953620  -113.39432120  -113.24921590  -113.49569180
1.90000000     4.00000000     5.21632054  -113.52068150     1.00000000  -113.19451750  -113.37819520  -113.23400150  -113.47873170
1.90000000     4.25000000     5.45412688  -113.50504616     1.00000000  -113.18155070  -113.36390060  -113.22075350  -113.46355520
1.90000000     4.50000000     5.69297813  -113.49183293     1.00000000  -113.17130020  -113.35205750  -113.21015710  -113.45079970
1.90000000     4.75000000     5.93274810  -113.48147477     1.00000000  -113.16416040  -113.34305680  -113.20261160  -113.44088330
1.90000000     5.00000000     6.17332973  -113.47416749     1.00000000  -113.16015110  -113.33699150  -113.19816730  -113.43396860
1.90000000     5.25000000     6.41463171  -113.46975752     1.00000000  -113.15866430  -113.33355690  -113.19634100  -113.42986700
1.90000000     5.50000000     6.65657570  -113.46762435     1.00000000  -113.15853250  -113.33199290  -113.19604980  -113.42792030
1.90000000     5.75000000     6.89909414  -113.46674894     1.00000000  -113.15883760  -113.33137850  -113.19631410  -113.42713590
1.90000000     6.00000000     7.14212853  -113.46639897     1.00000000  -113.15919000  -113.33113360  -113.19667780  -113.42682730
1.90000000     6.25000000     7.38562794  -113.46624612     1.00000000  -113.15947590  -113.33100990  -113.19699470  -113.42669070
1.90000000     6.50000000     7.62954782  -113.46616093     1.00000000  -113.15968000  -113.33091920  -113.19723480  -113.42660960
1.90000000     6.75000000     7.87384912  -113.46609488     1.00000000  -113.15981620  -113.33083570  -113.19740370  -113.42654260
1.90000000     7.00000000     8.11849740  -113.46603096     1.00000000  -113.15990320  -113.33075580  -113.19751590  -113.42647700
1.90000000     7.25000000     8.36346220  -113.46596546     1.00000000  -113.15995750  -113.33068140  -113.19758620  -113.42641090
1.90000000     7.50000000     8.60871651  -113.46589968     1.00000000  -113.15999100  -113.33061450  -113.19762730  -113.42634600
1.90000000     7.75000000     8.85423627  -113.46583647     1.00000000  -113.16001100  -113.33055570  -113.19764940  -113.42628480
1.90000000     8.00000000     9.10000000  -113.46577895     1.00000000  -113.16002190  -113.33050410  -113.19765970  -113.42622940
1.90000000     8.25000000     9.34598844  -113.46572884     1.00000000  -113.16002600  -113.33045820  -113.19766340  -113.42618080
1.90000000     8.50000000     9.59218432  -113.46568705     1.00000000  -113.16002490  -113.33041650  -113.19766380  -113.42613930
1.90000000     8.75000000     9.83857205  -113.46565313     1.00000000  -113.16001970  -113.33037810  -113.19766270  -113.42610440
1.90000000     9.00000000    10.08513758  -113.46562621     1.00000000  -113.16001170  -113.33034250  -113.19766100  -113.42607530
1.90000000     9.25000000    10.33186818  -113.46560493     1.00000000  -113.16000210  -113.33030960  -113.19765920  -113.42605100
1.90000000     9.50000000    10.57875229  -113.46558818     1.00000000  -113.15999190  -113.33027960  -113.19765730  -113.42603070
1.90000000     9.75000000    10.82577942  -113.46557481     1.00000000  -113.15998180  -113.33025250  -113.19765550  -113.42601360
1.90000000    10.00000000    11.07293999  -113.46556390     1.00000000  -113.15997220  -113.33022820  -113.19765370  -113.42599900


2.00000000     1.50000000     3.04138127  -112.62712050     1.00000000  -112.17172580  -112.35359650  -112.28059530  -112.54696280
2.00000000     1.75000000     3.25000000  -113.23736681     1.00000000  -112.83676400  -113.02565620  -112.90835440  -113.17447360
2.00000000     2.00000000     3.46410162  -113.49456007     1.00000000  -113.12731640  -113.31901200  -113.17931420  -113.44214110
2.00000000     2.25000000     3.68272997  -113.60478789     1.00000000  -113.25769860  -113.44983600  -113.29851770  -113.55828540
2.00000000     2.50000000     3.90512484  -113.64797504     1.00000000  -113.31284720  -113.50366560  -113.34863740  -113.60465640
2.00000000     2.75000000     4.13067791  -113.65897829     1.00000000  -113.33056130  -113.52031130  -113.36433450  -113.61746000
2.00000000     3.00000000     4.35889894  -113.65287922     1.00000000  -113.32833230  -113.51737350  -113.36143190  -113.61244780
2.00000000     3.25000000     4.58938994  -113.63836927     1.00000000  -113.31634130  -113.50477040  -113.34930550  -113.59863900
2.00000000     3.50000000     4.82182538  -113.62042403     1.00000000  -113.30045260  -113.48821900  -113.33338890  -113.58121690
2.00000000     3.75000000     5.05593710  -113.60174664     1.00000000  -113.28384760  -113.47082120  -113.31668060  -113.56300470
2.00000000     4.00000000     5.29150262  -113.58384038     1.00000000  -113.26823390  -113.45421900  -113.30086400  -113.54555440
2.00000000     4.25000000     5.52833610  -113.56763368     1.00000000  -113.25464060  -113.43936000  -113.28699480  -113.52980650
2.00000000     4.50000000     5.76628130  -113.55379754     1.00000000  -113.24382470  -113.42690300  -113.27584420  -113.51643000
2.00000000     4.75000000     6.00520607  -113.54288211     1.00000000  -113.23636830  -113.41735680  -113.26800000  -113.50596070
2.00000000     5.00000000     6.24499800  -113.53528872     1.00000000  -113.23243360  -113.41098810  -113.26368600  -113.49876030
2.00000000     5.25000000     6.48556089  -113.53100512     1.00000000  -113.23119390  -113.40756040  -113.26220490  -113.49475500
2.00000000     5.50000000     6.72681202  -113.52910223     1.00000000  -113.23121360  -113.40609440  -113.26213160  -113.49299910
2.00000000     5.75000000     6.96867993  -113.52834298     1.00000000  -113.23158010  -113.40553210  -113.26248390  -113.49231070
2.00000000     6.00000000     7.21110255  -113.52803315     1.00000000  -113.23195490  -113.40530360  -113.26287860  -113.49203440
2.00000000     6.25000000     7.45402576  -113.52788902     1.00000000  -113.23224880  -113.40518250  -113.26320540  -113.49190430
2.00000000     6.50000000     7.69740216  -113.52780206     1.00000000  -113.23245580  -113.40508960  -113.26344770  -113.49182100
2.00000000     6.75000000     7.94119009  -113.52773124     1.00000000  -113.23259290  -113.40500290  -113.26361620  -113.49174950
2.00000000     7.00000000     8.18535277  -113.52766290     1.00000000  -113.23268030  -113.40491990  -113.26372760  -113.49167970
2.00000000     7.25000000     8.42985765  -113.52759381     1.00000000  -113.23273490  -113.40484300  -113.26379720  -113.49161020
2.00000000     7.50000000     8.67467579  -113.52752548     1.00000000  -113.23276870  -113.40477430  -113.26383800  -113.49154290
2.00000000     7.75000000     8.91978139  -113.52746054     1.00000000  -113.23278900  -113.40471410  -113.26386000  -113.49148000
2.00000000     8.00000000     9.16515139  -113.52740175     1.00000000  -113.23280030  -113.40466160  -113.26387040  -113.49142340
2.00000000     8.25000000     9.41076511  -113.52735042     1.00000000  -113.23280490  -113.40461530  -113.26387420  -113.49137380
2.00000000     8.50000000     9.65660396  -113.52730750     1.00000000  -113.23280440  -113.40457360  -113.26387470  -113.49133150
2.00000000     8.75000000     9.90265116  -113.52727231     1.00000000  -113.23280000  -113.40453560  -113.26387350  -113.49129580
2.00000000     9.00000000    10.14889157  -113.52724412     1.00000000  -113.23279290  -113.40450070  -113.26387170  -113.49126600
2.00000000     9.25000000    10.39531144  -113.52722149     1.00000000  -113.23278420  -113.40446870  -113.26386970  -113.49124100
2.00000000     9.50000000    10.64189833  -113.52720344     1.00000000  -113.23277490  -113.40443970  -113.26386770  -113.49122010
2.00000000     9.75000000    10.88864087  -113.52718880     1.00000000  -113.23276580  -113.40441370  -113.26386560  -113.49120240
2.00000000    10.00000000    11.13552873  -113.52717658     1.00000000  -113.23275720  -113.40439050  -113.26386360  -113.49118720


2.10000000     1.50000000     3.13209195  -112.75404196     1.00000000  -112.30981190  -112.49249000  -112.41111450  -112.67716190
2.10000000     1.75000000     3.33878720  -113.29941333     1.00000000  -112.90854450  -113.09708180  -112.97469680  -113.23917210
2.10000000     2.00000000     3.55105618  -113.55048918     1.00000000  -113.19262920  -113.38475960  -113.23917320  -113.50087040
2.10000000     2.25000000     3.76795701  -113.65521631     1.00000000  -113.31612660  -113.51117170  -113.35236330  -113.61208260
2.10000000     2.50000000     3.98873414  -113.69407779     1.00000000  -113.36768670  -113.56009950  -113.39837430  -113.65379520
2.10000000     2.75000000     4.21277818  -113.70218549     1.00000000  -113.38248850  -113.57381830  -113.41113400  -113.66367660
2.10000000     3.00000000     4.43959458  -113.69495168     1.00000000  -113.37903720  -113.56972640  -113.40697290  -113.65750830
2.10000000     3.25000000     4.66877928  -113.67995384     1.00000000  -113.36643770  -113.55664500  -113.39419420  -113.64320190
2.10000000     3.50000000     4.90000000  -113.66172953     1.00000000  -113.35012080  -113.53982800  -113.37781720  -113.62549580
2.10000000     3.75000000     5.13298159  -113.64281218     1.00000000  -113.33310290  -113.52219410  -113.36068270  -113.60703910
2.10000000     4.00000000     5.36749476  -113.62461656     1.00000000  -113.31702630  -113.50529850  -113.34440760  -113.58929530
2.10000000     4.25000000     5.60334721  -113.60801819     1.00000000  -113.30290880  -113.49003640  -113.33003230  -113.57315130
2.10000000     4.50000000     5.84037670  -113.59366132     1.00000000  -113.29156590  -113.47704720  -113.31838340  -113.55925150
2.10000000     4.75000000     6.07844552  -113.58214187     1.00000000  -113.28375100  -113.46688800  -113.31022310  -113.54817900
2.10000000     5.00000000     6.31743619  -113.57410055     1.00000000  -113.27978230  -113.46003510  -113.30594640  -113.54052650
2.10000000     5.25000000     6.55724790  -113.56975739     1.00000000  -113.27864950  -113.45643480  -113.30464520  -113.53643000
2.10000000     5.50000000     6.79779376  -113.56790495     1.00000000  -113.27873100  -113.45493630  -113.30466990  -113.53469880
2.10000000     5.75000000     7.03899851  -113.56716617     1.00000000  -113.27911880  -113.45436020  -113.30505680  -113.53401980
2.10000000     6.00000000     7.28079666  -113.56685566     1.00000000  -113.27949960  -113.45412050  -113.30546130  -113.53373920
2.10000000     6.25000000     7.52313100  -113.56670490     1.00000000  -113.27979470  -113.45398930  -113.30578950  -113.53360100
2.10000000     6.50000000     7.76595133  -113.56660975     1.00000000  -113.28000150  -113.45388930  -113.30603050  -113.53350960
2.10000000     6.75000000     8.00921344  -113.56653216     1.00000000  -113.28013830  -113.45379760  -113.30619750  -113.53343170
2.10000000     7.00000000     8.25287829  -113.56645852     1.00000000  -113.28022550  -113.45371080  -113.30630750  -113.53335690
2.10000000     7.25000000     8.49691120  -113.56638567     1.00000000  -113.28028010  -113.45363130  -113.30637630  -113.53328390
2.10000000     7.50000000     8.74128137  -113.56631474     1.00000000  -113.28031380  -113.45356050  -113.30641670  -113.53321410
2.10000000     7.75000000     8.98596127  -113.56624803     1.00000000  -113.28033420  -113.45349890  -113.30643850  -113.53314950
2.10000000     8.00000000     9.23092628  -113.56618777     1.00000000  -113.28034560  -113.45344550  -113.30644890  -113.53309160
2.10000000     8.25000000     9.47615428  -113.56613548     1.00000000  -113.28035040  -113.45339850  -113.30645270  -113.53304110
2.10000000     8.50000000     9.72162538  -113.56609135     1.00000000  -113.28035010  -113.45335660  -113.30645310  -113.53299790
2.10000000     8.75000000     9.96732161  -113.56605510     1.00000000  -113.28034610  -113.45331870  -113.30645190  -113.53296150
2.10000000     9.00000000    10.21322672  -113.56602566     1.00000000  -113.28033950  -113.45328410  -113.30644990  -113.53293090
2.10000000     9.25000000    10.45932598  -113.56600193     1.00000000  -113.28033140  -113.45325270  -113.30644770  -113.53290530
2.10000000     9.50000000    10.70560601  -113.56598272     1.00000000  -113.28032270  -113.45322440  -113.30644550  -113.53288380
2.10000000     9.75000000    10.95205460  -113.56596691     1.00000000  -113.28031420  -113.45319910  -113.30644320  -113.53286550
2.10000000    10.00000000    11.19866063  -113.56595366     1.00000000  -113.28030630  -113.45317670  -113.30644100  -113.53284980


2.20000000     1.50000000     3.22335229  -112.80435900     1.00000000  -112.36799350  -112.55014460  -112.46511870  -112.72958880
2.20000000     1.75000000     3.42819194  -113.34509150     1.00000000  -112.96216040  -113.15002280  -113.02432050  -113.28694590
2.20000000     2.00000000     3.63868108  -113.58984314     1.00000000  -113.23952570  -113.43176610  -113.28196710  -113.54243080
2.20000000     2.25000000     3.85389413  -113.69039610     1.00000000  -113.35905060  -113.55391240  -113.39118490  -113.64941650
2.20000000     2.50000000     4.07308237  -113.72390365     1.00000000  -113.40439220  -113.59816690  -113.43120440  -113.68606880
2.20000000     2.75000000     4.29563732  -113.72858857     1.00000000  -113.41572020  -113.60845970  -113.44046700  -113.69251340
2.20000000     3.00000000     4.52106182  -113.72001503     1.00000000  -113.41080690  -113.60298610  -113.43482830  -113.68498040
2.20000000     3.25000000     4.74894725  -113.70457606     1.00000000  -113.39760150  -113.58945090  -113.42141690  -113.67021870
2.20000000     3.50000000     4.97895571  -113.68621576     1.00000000  -113.38095460  -113.57249120  -113.40468960  -113.65236690
2.20000000     3.75000000     5.21080608  -113.66724549     1.00000000  -113.36366250  -113.55479380  -113.38727530  -113.63384920
2.20000000     4.00000000     5.44426304  -113.64897960     1.00000000  -113.34727320  -113.53780830  -113.37069710  -113.61602650
2.20000000     4.25000000     5.67912845  -113.63221343     1.00000000  -113.33275790  -113.52235390  -113.35594770  -113.59970670
2.20000000     4.50000000     5.91523457  -113.61749879     1.00000000  -113.32092800  -113.50897970  -113.34385030  -113.58544260
2.20000000     4.75000000     6.15243854  -113.60532163     1.00000000  -113.31263760  -113.49815260  -113.33526840  -113.57371470
2.20000000     5.00000000     6.39061812  -113.59650297     1.00000000  -113.30841280  -113.49051020  -113.33080200  -113.56528870


2.30000000     1.50000000     3.31511689  -112.83922833     1.00000000  -112.40652510  -112.59242290  -112.50467930  -112.76771920
2.30000000     1.75000000     3.51816714  -113.37821729     1.00000000  -113.00160280  -113.18879640  -113.06086670  -113.32174120
2.30000000     2.00000000     3.72692903  -113.61718087     1.00000000  -113.27302760  -113.46496420  -113.31246870  -113.57148190
2.30000000     2.25000000     3.94049489  -113.71301533     1.00000000  -113.38772170  -113.58254020  -113.41678920  -113.67377920
2.30000000     2.50000000     4.15812458  -113.74183754     1.00000000  -113.42771100  -113.62259390  -113.45163520  -113.70595330
2.30000000     2.75000000     4.37921226  -113.74278967     1.00000000  -113.43522570  -113.62918780  -113.45704770  -113.70866410
2.30000000     3.00000000     4.60325971  -113.73262063     1.00000000  -113.42856490  -113.62207220  -113.44965930  -113.69951240
2.30000000     3.25000000     4.82985507  -113.71676858     1.00000000  -113.41473620  -113.60808950  -113.43561180  -113.68431860
2.30000000     3.50000000     5.05865595  -113.69840138     1.00000000  -113.39785260  -113.59109880  -113.41863580  -113.66644580
2.30000000     3.75000000     5.28937614  -113.67955574     1.00000000  -113.38042880  -113.57349950  -113.40108780  -113.64803990
2.30000000     4.00000000     5.52177508  -113.66143821     1.00000000  -113.36389470  -113.55662950  -113.38437420  -113.63035250
2.30000000     4.25000000     5.75564940  -113.64477096     1.00000000  -113.34914510  -113.54123280  -113.36941310  -113.61411770
2.30000000     4.50000000     5.99082632  -113.62998339     1.00000000  -113.33691320  -113.52774370  -113.35695310  -113.59976920
2.30000000     4.75000000     6.22715826  -113.61727693     1.00000000  -113.32800710  -113.51637220  -113.34781170  -113.58751300
2.30000000     5.00000000     6.46451854  -113.60723016     1.00000000  -113.32318490  -113.50756750  -113.34280500  -113.57788960
2.30000000     5.25000000     6.70279792  -113.60156694     1.00000000  -113.32171090  -113.50254510  -113.34125240  -113.57244700
2.30000000     5.50000000     6.94190176  -113.59922219     1.00000000  -113.32167460  -113.50043840  -113.34119900  -113.57018600
2.30000000     5.75000000     7.18174770  -113.59828530     1.00000000  -113.32201070  -113.49961010  -113.34154860  -113.56929060
2.30000000     6.00000000     7.42226381  -113.59788116     1.00000000  -113.32236530  -113.49925660  -113.34193150  -113.56890920
2.30000000     6.25000000     7.66338698  -113.59768011     1.00000000  -113.32264650  -113.49907010  -113.34224620  -113.56871860
2.30000000     6.50000000     7.90506167  -113.59755471     1.00000000  -113.32284590  -113.49894080  -113.34247870  -113.56859690
2.30000000     6.75000000     8.14723880  -113.59745911     1.00000000  -113.32297890  -113.49883280  -113.34264020  -113.56850120
2.30000000     7.00000000     8.38987485  -113.59737406     1.00000000  -113.32306420  -113.49873660  -113.34274680  -113.56841540
2.30000000     7.25000000     8.63293114  -113.59729371     1.00000000  -113.32311770  -113.49865100  -113.34281360  -113.56833520
2.30000000     7.50000000     8.87637313  -113.59721786     1.00000000  -113.32315070  -113.49857620  -113.34285290  -113.56826070
2.30000000     7.75000000     9.12016995  -113.59714790     1.00000000  -113.32317050  -113.49851160  -113.34287410  -113.56819290
2.30000000     8.00000000     9.36429389  -113.59708518     1.00000000  -113.32318140  -113.49845590  -113.34288420  -113.56813260
2.30000000     8.25000000     9.60872000  -113.59703086     1.00000000  -113.32318580  -113.49840690  -113.34288790  -113.56808010
2.30000000     8.50000000     9.85342580  -113.59698481     1.00000000  -113.32318530  -113.49836400  -113.34288810  -113.56803530
2.30000000     8.75000000    10.09839096  -113.59694664     1.00000000  -113.32318130  -113.49832550  -113.34288660  -113.56799740
2.30000000     9.00000000    10.34359705  -113.59691524     1.00000000  -113.32317480  -113.49829090  -113.34288440  -113.56796550
2.30000000     9.25000000    10.58902734  -113.59688962     1.00000000  -113.32316700  -113.49825980  -113.34288180  -113.56793870
2.30000000     9.50000000    10.83466658  -113.59686847     1.00000000  -113.32315880  -113.49823200  -113.34287920  -113.56791600
2.30000000     9.75000000    11.08050089  -113.59685103     1.00000000  -113.32315080  -113.49820740  -113.34287660  -113.56789680
2.30000000    10.00000000    11.32651756  -113.59683627     1.00000000  -113.32314340  -113.49818580  -113.34287400  -113.56788030


2.40000000     1.50000000     3.40734501  -112.86657135     1.00000000  -112.44096360  -112.62226130  -112.53303740  -112.79477280
2.40000000     1.75000000     3.60867012  -113.40154426     1.00000000  -113.02989790  -113.21651640  -113.08709690  -113.34640250
2.40000000     2.00000000     3.81575681  -113.63580340     1.00000000  -113.29667050  -113.48805930  -113.33396800  -113.59143720
2.40000000     2.25000000     4.02771647  -113.72669135     1.00000000  -113.40617860  -113.60085800  -113.43301500  -113.68882410
2.40000000     2.50000000     4.24381903  -113.75186178     1.00000000  -113.44112640  -113.63697250  -113.46153030  -113.71700800
2.40000000     2.75000000     4.46346278  -113.74826314     1.00000000  -113.44480330  -113.63978340  -113.46446180  -113.71568480
2.40000000     3.00000000     4.68614981  -113.73622819     1.00000000  -113.43609700  -113.63076510  -113.45502870  -113.70464910
2.40000000     3.25000000     4.91146618  -113.71997257     1.00000000  -113.42160810  -113.61633250  -113.44031900  -113.68903090
2.40000000     3.50000000     5.13906606  -113.70170546     1.00000000  -113.40457170  -113.59940290  -113.42318400  -113.67124020
2.40000000     3.75000000     5.36865905  -113.68312404     1.00000000  -113.38715100  -113.58202900  -113.40563760  -113.65308180
2.40000000     4.00000000     5.60000000  -113.66533057     1.00000000  -113.37064180  -113.56543940  -113.38895500  -113.63570140
2.40000000     4.25000000     5.83288093  -113.64900944     1.00000000  -113.35585530  -113.55033310  -113.37397280  -113.61979290
2.40000000     4.50000000     6.06712452  -113.63453875     1.00000000  -113.34340760  -113.53708990  -113.36132850  -113.60573840
2.40000000     4.75000000     6.30257884  -113.62190969     1.00000000  -113.33389030  -113.52572750  -113.35162680  -113.59354070
2.40000000     5.00000000     6.53911309  -113.61058132     1.00000000  -113.32803240  -113.51579330  -113.34563250  -113.58269610
2.40000000     5.25000000     6.77661420  -113.60286907     1.00000000  -113.32589790  -113.50885380  -113.34346150  -113.57525730
2.40000000     5.50000000     7.01498396  -113.59970436     1.00000000  -113.32563370  -113.50584730  -113.34320160  -113.57215030
2.40000000     5.75000000     7.25413675  -113.59847983     1.00000000  -113.32588650  -113.50468030  -113.34347610  -113.57094980
2.40000000     6.00000000     7.49399760  -113.59796253     1.00000000  -113.32620630  -113.50419030  -113.34382730  -113.57044710
2.40000000     6.25000000     7.73450063  -113.59771157     1.00000000  -113.32647170  -113.50394410  -113.34412730  -113.57020310
2.40000000     6.50000000     7.97558775  -113.59756337     1.00000000  -113.32666360  -113.50378750  -113.34435240  -113.57005690
2.40000000     6.75000000     8.21720755  -113.59745537     1.00000000  -113.32679300  -113.50366630  -113.34450990  -113.56994840
2.40000000     7.00000000     8.45931439  -113.59736221     1.00000000  -113.32687640  -113.50356330  -113.34461450  -113.56985490
2.40000000     7.25000000     8.70186762  -113.59727791     1.00000000  -113.32692880  -113.50347400  -113.34468010  -113.56977080
2.40000000     7.50000000     8.94483091  -113.59719967     1.00000000  -113.32696110  -113.50339680  -113.34471880  -113.56969390
2.40000000     7.75000000     9.18817174  -113.59712803     1.00000000  -113.32698040  -113.50333070  -113.34473970  -113.56962450
2.40000000     8.00000000     9.43186090  -113.59706400     1.00000000  -113.32699080  -113.50327390  -113.34474960  -113.56956300
2.40000000     8.25000000     9.67587205  -113.59700859     1.00000000  -113.32699490  -113.50322460  -113.34475310  -113.56950970
2.40000000     8.50000000     9.92018145  -113.59696160     1.00000000  -113.32699410  -113.50318110  -113.34475320  -113.56946410
2.40000000     8.75000000    10.16476758  -113.59692265     1.00000000  -113.32698980  -113.50314230  -113.34475150  -113.56942560
2.40000000     9.00000000    10.40961094  -113.59689051     1.00000000  -113.32698320  -113.50310740  -113.34474910  -113.56939310
2.40000000     9.25000000    10.65469380  -113.59686410     1.00000000  -113.32697540  -113.50307610  -113.34474640  -113.56936570
2.40000000     9.50000000    10.90000000  -113.59684234     1.00000000  -113.32696710  -113.50304830  -113.34474360  -113.56934260
2.40000000     9.75000000    11.14551479  -113.59682414     1.00000000  -113.32695920  -113.50302380  -113.34474080  -113.56932290
2.40000000    10.00000000    11.39122469  -113.59680880     1.00000000  -113.32695180  -113.50300220  -113.34473800  -113.56930600


2.50000000     1.50000000     3.50000000  -112.88405408     1.00000000  -112.46207160  -112.64298260  -112.55274870  -112.81328040
2.50000000     1.75000000     3.69966215  -113.41719172     1.00000000  -113.04945650  -113.23558730  -113.10521370  -113.36312140
2.50000000     2.00000000     3.90512484  -113.64797504     1.00000000  -113.31284720  -113.50366560  -113.34863740  -113.60465640
2.50000000     2.25000000     4.11551941  -113.73413198     1.00000000  -113.41748230  -113.61183970  -113.44274110  -113.69732900
2.50000000     2.50000000     4.33012702  -113.75418474     1.00000000  -113.44725090  -113.64426260  -113.46750200  -113.72116840
2.50000000     2.75000000     4.54835135  -113.74758645     1.00000000  -113.44731500  -113.64311950  -113.46539940  -113.71623670
2.50000000     3.00000000     4.76969601  -113.73345745     1.00000000  -113.43630160  -113.63196830  -113.45365320  -113.70308780
2.50000000     3.25000000     4.99374609  -113.71679546     1.00000000  -113.42109780  -113.61707830  -113.43823370  -113.68704250
2.50000000     3.50000000     5.22015325  -113.69869917     1.00000000  -113.40397480  -113.60027210  -113.42100960  -113.66940270
2.50000000     3.75000000     5.44862368  -113.68045552     1.00000000  -113.38666530  -113.58319160  -113.40357210  -113.65156370
2.50000000     4.00000000     5.67890835  -113.66307108     1.00000000  -113.37032270  -113.56696650  -113.38705760  -113.63457470
2.50000000     4.25000000     5.91079521  -113.64722392     1.00000000  -113.35568920  -113.55227880  -113.37223570  -113.61911960
2.50000000     4.50000000     6.14410286  -113.63333612     1.00000000  -113.34329500  -113.53953210  -113.35966220  -113.60561780
2.50000000     4.75000000     6.37867541  -113.62154424     1.00000000  -113.33352150  -113.52885270  -113.34973840  -113.59420520
2.50000000     5.00000000     6.61437828  -113.61130504     1.00000000  -113.32660120  -113.51975770  -113.34271620  -113.58436320


2.60000000     1.50000000     3.59304884  -112.89518436     1.00000000  -112.47604770  -112.65658040  -112.56582180  -112.82522500
2.60000000     1.75000000     3.79110802  -113.42686595     1.00000000  -113.06222220  -113.24792670  -113.11700020  -113.37365660
2.60000000     2.00000000     3.99499687  -113.65518732     1.00000000  -113.32321930  -113.51354680  -113.35796410  -113.61270450
2.60000000     2.25000000     4.20386727  -113.73733958     1.00000000  -113.42380870  -113.61774370  -113.44798270  -113.70136590
2.60000000     2.50000000     4.41701257  -113.75333239     1.00000000  -113.44960750  -113.64595870  -113.46874240  -113.72107810
2.60000000     2.75000000     4.63384290  -113.74273600     1.00000000  -113.44488820  -113.64138460  -113.46184800  -113.71235350
2.60000000     3.00000000     4.85386444  -113.72631353     1.00000000  -113.43139090  -113.62792090  -113.44760260  -113.69689850
2.60000000     3.25000000     5.07666229  -113.70923328     1.00000000  -113.41540280  -113.61257280  -113.43140530  -113.68041910
2.60000000     3.50000000     5.30188646  -113.69132436     1.00000000  -113.39823160  -113.59590360  -113.41413200  -113.66294640
2.60000000     3.75000000     5.52924045  -113.67340831     1.00000000  -113.38109600  -113.57911080  -113.39686500  -113.64541850
2.60000000     4.00000000     5.75847202  -113.65641264     1.00000000  -113.36500240  -113.56323930  -113.38059770  -113.62880390
2.60000000     4.25000000     5.98936558  -113.64102400     1.00000000  -113.35064580  -113.54897030  -113.36605370  -113.61379180
2.60000000     4.50000000     6.22173609  -113.62769970     1.00000000  -113.33852330  -113.53673160  -113.35375690  -113.60083300
2.60000000     4.75000000     6.45542408  -113.61670989     1.00000000  -113.32895210  -113.52675050  -113.34404790  -113.59018580


2.70000000     1.50000000     3.68646172  -112.90144184     1.00000000  -112.48460570  -112.66476170  -112.57384000  -112.83215140
2.70000000     1.75000000     3.88297566  -113.43193514     1.00000000  -113.06975470  -113.25507410  -113.12389490  -113.37942060
2.70000000     2.00000000     4.08533964  -113.65850676     1.00000000  -113.32903820  -113.51896260  -113.36307160  -113.61669940
2.70000000     2.25000000     4.29272641  -113.73764758     1.00000000  -113.42658130  -113.62012160  -113.45002530  -113.70232720
2.70000000     2.50000000     4.50444225  -113.74989823     1.00000000  -113.44862630  -113.64457020  -113.46699130  -113.71827570
2.70000000     2.75000000     4.71990466  -113.73602028     1.00000000  -113.43910560  -113.63633290  -113.45443060  -113.70598540
2.70000000     3.00000000     4.93862329  -113.71635611     1.00000000  -113.42305540  -113.62038980  -113.43845750  -113.68770060
2.70000000     3.25000000     5.16018411  -113.69884448     1.00000000  -113.40620820  -113.60461100  -113.42139900  -113.67078780
2.70000000     3.50000000     5.38423625  -113.68105416     1.00000000  -113.38898530  -113.58800550  -113.40407400  -113.65341230
2.70000000     3.75000000     5.61048126  -113.66337561     1.00000000  -113.37202790  -113.57140950  -113.38698230  -113.63610550
2.70000000     4.00000000     5.83866423  -113.64667822     1.00000000  -113.35619700  -113.55581100  -113.37097480  -113.61977850
2.70000000     4.25000000     6.06856655  -113.63164375     1.00000000  -113.34215340  -113.54187810  -113.35674180  -113.60511270
2.70000000     4.50000000     6.30000000  -113.61874181     1.00000000  -113.33038550  -113.53004010  -113.34479860  -113.59256730
2.70000000     4.75000000     6.53280185  -113.60823677     1.00000000  -113.32120380  -113.52052270  -113.33547950  -113.58239640
2.70000000     5.00000000     6.76683087  -113.60010738     1.00000000  -113.31465110  -113.51330130  -113.32886700  -113.57458350
2.70000000     5.25000000     7.00196401  -113.59425651     1.00000000  -113.31045300  -113.50799870  -113.32472970  -113.56893770
2.70000000     5.50000000     7.23809367  -113.59073482     1.00000000  -113.30808780  -113.50443550  -113.32244060  -113.56541240
2.70000000     5.75000000     7.47512542  -113.58862673     1.00000000  -113.30684070  -113.50231820  -113.32124700  -113.56330890
2.70000000     6.00000000     7.71297608  -113.58734042     1.00000000  -113.30617740  -113.50101930  -113.32062990  -113.56202490
2.70000000     6.25000000     7.95157217  -113.58652684     1.00000000  -113.30580720  -113.50018020  -113.32030110  -113.56120830
2.70000000     6.50000000     8.19084855  -113.58598606     1.00000000  -113.30558520  -113.49961040  -113.32011470  -113.56066240
2.70000000     6.75000000     8.43074730  -113.58560809     1.00000000  -113.30544130  -113.49920460  -113.31999940  -113.56027870
2.70000000     7.00000000     8.67121675  -113.58533184     1.00000000  -113.30534200  -113.49890680  -113.31992080  -113.55999780
2.70000000     7.25000000     8.91221072  -113.58512176     1.00000000  -113.30527040  -113.49868310  -113.31986240  -113.55978480
2.70000000     7.50000000     9.15368778  -113.58495713     1.00000000  -113.30521740  -113.49851320  -113.31981630  -113.55961930
2.70000000     7.75000000     9.39561068  -113.58482626     1.00000000  -113.30517720  -113.49838220  -113.31977890  -113.55948880
2.70000000     8.00000000     9.63794584  -113.58472151     1.00000000  -113.30514560  -113.49827970  -113.31974830  -113.55938500
2.70000000     8.25000000     9.88066293  -113.58463749     1.00000000  -113.30511950  -113.49819800  -113.31972350  -113.55930200
2.70000000     8.50000000    10.12373449  -113.58457021     1.00000000  -113.30509710  -113.49813140  -113.31970340  -113.55923530
2.70000000     8.75000000    10.36713557  -113.58451531     1.00000000  -113.30507720  -113.49807610  -113.31968720  -113.55918080
2.70000000     9.00000000    10.61084351  -113.58447241     1.00000000  -113.30505930  -113.49802930  -113.31967400  -113.55913720
2.70000000     9.25000000    10.85483763  -113.58443777     1.00000000  -113.30504310  -113.49798950  -113.31966310  -113.55910150
2.70000000     9.50000000    11.09909906  -113.58440962     1.00000000  -113.30502880  -113.49795540  -113.31965410  -113.55907200
2.70000000     9.75000000    11.34361054  -113.58438697     1.00000000  -113.30501630  -113.49792530  -113.31964640  -113.55904740
2.70000000    10.00000000    11.58835623  -113.58436771     1.00000000  -113.30500540  -113.49790020  -113.31963990  -113.55902670


2.80000000     1.50000000     3.78021163  -112.90390322     1.00000000  -112.48908410  -112.66885950  -112.57806690  -112.83522470
2.80000000     1.75000000     3.97523584  -113.43349492     1.00000000  -113.07329580  -113.25825710  -113.12704880  -113.38154370
2.80000000     2.00000000     4.17612260  -113.65878257     1.00000000  -113.33130730  -113.52089640  -113.36487170  -113.61752550
2.80000000     2.25000000     4.38206572  -113.73583739     1.00000000  -113.42669040  -113.61992570  -113.44965100  -113.70104040
2.80000000     2.50000000     4.59238500  -113.74505199     1.00000000  -113.44561930  -113.64132190  -113.46347950  -113.71393810
2.80000000     2.75000000     4.80650601  -113.72651493     1.00000000  -113.43208790  -113.62939220  -113.44772300  -113.69747330
2.80000000     3.00000000     5.02394267  -113.70487403     1.00000000  -113.41260000  -113.61087680  -113.42743510  -113.67684770
2.80000000     3.25000000     5.24428260  -113.68693009     1.00000000  -113.39484170  -113.59480880  -113.40943600  -113.65954820
2.80000000     3.50000000     5.46717477  -113.66903256     1.00000000  -113.37749200  -113.57796030  -113.39199080  -113.64201600
2.80000000     3.75000000     5.69231939  -113.65142287     1.00000000  -113.36065200  -113.56135330  -113.37502000  -113.62474870
2.80000000     4.00000000     5.91945943  -113.63489824     1.00000000  -113.34504010  -113.54589490  -113.35923130  -113.60858170
2.80000000     4.25000000     6.14837377  -113.62010731     1.00000000  -113.33128080  -113.53219410  -113.34528120  -113.59415420
2.80000000     4.50000000     6.37887137  -113.60749520     1.00000000  -113.31985080  -113.52064230  -113.33367360  -113.58189610
2.80000000     4.75000000     6.61078664  -113.59728719     1.00000000  -113.31104570  -113.51142380  -113.32472810  -113.57202160
2.80000000     5.00000000     6.84397545  -113.58937403     1.00000000  -113.30487060  -113.50446310  -113.31849240  -113.56443980
2.80000000     5.25000000     7.07831195  -113.58349342     1.00000000  -113.30099360  -113.49927460  -113.31470780  -113.55881940
2.80000000     5.50000000     7.31368580  -113.58008793     1.00000000  -113.29889210  -113.49570990  -113.31269670  -113.55537040
2.80000000     5.75000000     7.55000000  -113.57805635     1.00000000  -113.29781400  -113.49366710  -113.31166780  -113.55334200
2.80000000     6.00000000     7.78716893  -113.57681523     1.00000000  -113.29724050  -113.49242150  -113.31113560  -113.55210530
2.80000000     6.25000000     8.02511682  -113.57602433     1.00000000  -113.29691470  -113.49161360  -113.31084790  -113.55131390


2.90000000     1.50000000     3.87427413  -112.90370591     1.00000000  -112.49052610  -112.66991270  -112.57953810  -112.83554050
2.90000000     1.75000000     4.06786185  -113.43241530     1.00000000  -113.07382970  -113.25844720  -113.12737640  -113.38092260
2.90000000     2.00000000     4.26731766  -113.65671515     1.00000000  -113.33084840  -113.52014940  -113.36411870  -113.61590990
2.90000000     2.25000000     4.47185644  -113.73238232     1.00000000  -113.42473500  -113.61775250  -113.44738180  -113.69801220
2.90000000     2.50000000     4.68081190  -113.73948318     1.00000000  -113.44137970  -113.63700370  -113.45892400  -113.70877970
2.90000000     2.75000000     4.89361829  -113.71832067     1.00000000  -113.42510680  -113.62236170  -113.44041010  -113.68965220
2.90000000     3.00000000     5.10979452  -113.70505717     1.00000000  -113.40483520  -113.60994550  -113.41897200  -113.67651340
2.90000000     3.25000000     5.32893047  -113.68242872     1.00000000  -113.38402460  -113.58973620  -113.39775020  -113.65470380
2.90000000     3.50000000     5.55067563  -113.65619482     1.00000000  -113.36475810  -113.56722170  -113.37878370  -113.62986410
2.90000000     3.75000000     5.77472943  -113.63838932     1.00000000  -113.34788190  -113.55000700  -113.36181180  -113.61225690
2.90000000     4.00000000     6.00083328  -113.62189803     1.00000000  -113.33240230  -113.53447490  -113.34616550  -113.59608540
2.90000000     4.25000000     6.22876392  -113.60724905     1.00000000  -113.31886490  -113.52088710  -113.33243980  -113.58178900
2.90000000     4.50000000     6.45832796  -113.59482903     1.00000000  -113.30771360  -113.50951700  -113.32111050  -113.56971840
2.90000000     4.75000000     6.68935722  -113.58481562     1.00000000  -113.29920870  -113.50048270  -113.31246310  -113.56003370
2.90000000     5.00000000     6.92170499  -113.57705189     1.00000000  -113.29330100  -113.49366810  -113.30648930  -113.55259850
2.90000000     5.25000000     7.15524283  -113.57098964     1.00000000  -113.28959820  -113.48859200  -113.30290640  -113.54690400
2.90000000     5.50000000     7.38985791  -113.56769495     1.00000000  -113.28762660  -113.48486950  -113.30105270  -113.54347450
2.90000000     5.75000000     7.62545081  -113.56571839     1.00000000  -113.28663590  -113.48286380  -113.30011260  -113.54149490
2.90000000     6.00000000     7.86193360  -113.56450624     1.00000000  -113.28610720  -113.48164990  -113.29962460  -113.54028800
2.90000000     6.25000000     8.09922836  -113.56373106     1.00000000  -113.28580280  -113.48086030  -113.29935760  -113.53951310
2.90000000     6.50000000     8.33726574  -113.56320855     1.00000000  -113.28561150  -113.48031640  -113.29919960  -113.53898780
2.90000000     6.75000000     8.57598391  -113.56283818     1.00000000  -113.28548140  -113.47992390  -113.29909670  -113.53861350
2.90000000     7.00000000     8.81532756  -113.56256456     1.00000000  -113.28538760  -113.47963280  -113.29902320  -113.53833660
2.90000000     7.25000000     9.05524710  -113.56235501     1.00000000  -113.28531780  -113.47941190  -113.29896640  -113.53812490
2.90000000     7.50000000     9.29569793  -113.56219020     1.00000000  -113.28526470  -113.47924310  -113.29892040  -113.53795970
2.90000000     7.75000000     9.53663987  -113.56205859     1.00000000  -113.28522370  -113.47911220  -113.29888260  -113.53782880
2.90000000     8.00000000     9.77803661  -113.56195287     1.00000000  -113.28519100  -113.47900930  -113.29885140  -113.53772430
2.90000000     8.25000000    10.01985529  -113.56186807     1.00000000  -113.28516390  -113.47892700  -113.29882580  -113.53764060
2.90000000     8.50000000    10.26206607  -113.56179998     1.00000000  -113.28514060  -113.47885980  -113.29880510  -113.53757320
2.90000000     8.75000000    10.50464183  -113.56174569     1.00000000  -113.28511990  -113.47880390  -113.29878830  -113.53751890
2.90000000     9.00000000    10.74755786  -113.56170070     1.00000000  -113.28510130  -113.47875660  -113.29877460  -113.53747380
2.90000000     9.25000000    10.99079160  -113.56166523     1.00000000  -113.28508470  -113.47871640  -113.29876320  -113.53743740
2.90000000     9.50000000    11.23432241  -113.56163664     1.00000000  -113.28507010  -113.47868200  -113.29875380  -113.53740750
2.90000000     9.75000000    11.47813138  -113.56161312     1.00000000  -113.28505730  -113.47865240  -113.29874570  -113.53738250
2.90000000    10.00000000    11.72220116  -113.56159368     1.00000000  -113.28504620  -113.47862630  -113.29873880  -113.53736130


3.00000000     1.50000000     3.96862697  -112.90169004     1.00000000  -112.48974280  -112.66872910  -112.57892910  -112.83389760
3.00000000     1.75000000     4.16082924  -113.42937854     1.00000000  -113.07213300  -113.25641310  -113.12559910  -113.37826310
3.00000000     2.00000000     4.35889894  -113.65287922     1.00000000  -113.32833230  -113.51737350  -113.36143190  -113.61244780
3.00000000     2.25000000     4.56207190  -113.72763648     1.00000000  -113.42117730  -113.61404150  -113.44362670  -113.69361990
3.00000000     2.50000000     4.76969601  -113.73345725     1.00000000  -113.43630160  -113.63196810  -113.45365320  -113.70308760
3.00000000     2.75000000     4.98121471  -113.71072935     1.00000000  -113.41802270  -113.61578720  -113.43311610  -113.68239910
3.00000000     3.00000000     5.19615242  -113.69566682     1.00000000  -113.39652790  -113.60177630  -113.41034510  -113.66751910
3.00000000     3.25000000     5.41410196  -113.67151924     1.00000000  -113.37419780  -113.57993850  -113.38760370  -113.64414910
3.00000000     3.50000000     5.63471383  -113.64896326     1.00000000  -113.35278840  -113.55918130  -113.36601450  -113.62221820
3.00000000     3.75000000     5.85768726  -113.62493231     1.00000000  -113.33447310  -113.53868180  -113.34801580  -113.59950740
3.00000000     4.00000000     6.08276253  -113.60833378     1.00000000  -113.31897290  -113.52243460  -113.33240180  -113.58301780
3.00000000     4.25000000     6.30971473  -113.59373617     1.00000000  -113.30557570  -113.50875940  -113.31882980  -113.56872430
3.00000000     4.50000000     6.53834842  -113.58143663     1.00000000  -113.29463180  -113.49745770  -113.30771250  -113.55675550
3.00000000     4.75000000     6.76849319  -113.57154752     1.00000000  -113.28634260  -113.48850620  -113.29928280  -113.54717990
3.00000000     5.00000000     7.00000000  -113.56390915     1.00000000  -113.28060110  -113.48174390  -113.29346990  -113.53984260
3.00000000     5.25000000     7.23273807  -113.55750099     1.00000000  -113.27696970  -113.47678910  -113.28996670  -113.53396770
3.00000000     5.50000000     7.46659226  -113.55428861     1.00000000  -113.27502640  -113.47273800  -113.28819980  -113.53048380
3.00000000     5.75000000     7.70146090  -113.55234542     1.00000000  -113.27408160  -113.47072820  -113.28731070  -113.52852500
3.00000000     6.00000000     7.93725393  -113.55115072     1.00000000  -113.27357690  -113.46952770  -113.28684760  -113.52733420
3.00000000     6.25000000     8.17389136  -113.55038358     1.00000000  -113.27328370  -113.46874860  -113.28659200  -113.52656820
3.00000000     6.50000000     8.41130192  -113.54986553     1.00000000  -113.27309720  -113.46820960  -113.28643880  -113.52604750
3.00000000     6.75000000     8.64942195  -113.54949677     1.00000000  -113.27296880  -113.46782010  -113.28633770  -113.52567530
3.00000000     7.00000000     8.88819442  -113.54922347     1.00000000  -113.27287530  -113.46753040  -113.28626450  -113.52539910
3.00000000     7.25000000     9.12756813  -113.54901346     1.00000000  -113.27280520  -113.46731060  -113.28620750  -113.52518750
3.00000000     7.50000000     9.36749700  -113.54884845     1.00000000  -113.27275160  -113.46714130  -113.28616110  -113.52502200
3.00000000     7.75000000     9.60793943  -113.54871624     1.00000000  -113.27270990  -113.46701030  -113.28612280  -113.52489070
3.00000000     8.00000000     9.84885780  -113.54861018     1.00000000  -113.27267660  -113.46690710  -113.28609120  -113.52478590
3.00000000     8.25000000    10.09021804  -113.54852494     1.00000000  -113.27264890  -113.46682440  -113.28606520  -113.52470180
3.00000000     8.50000000    10.33198916  -113.54845659     1.00000000  -113.27262510  -113.46675680  -113.28604410  -113.52463410
3.00000000     8.75000000    10.57414299  -113.54840173     1.00000000  -113.27260400  -113.46670050  -113.28602700  -113.52457930
3.00000000     9.00000000    10.81665383  -113.54835639     1.00000000  -113.27258510  -113.46665300  -113.28601300  -113.52453390
3.00000000     9.25000000    11.05949818  -113.54832091     1.00000000  -113.27256830  -113.46661250  -113.28600150  -113.52449740
3.00000000     9.50000000    11.30265456  -113.54829184     1.00000000  -113.27255350  -113.46657790  -113.28599180  -113.52446710
3.00000000     9.75000000    11.54610324  -113.54826809     1.00000000  -113.27254060  -113.46654820  -113.28598350  -113.52444190
3.00000000    10.00000000    11.78982612  -113.54824818     1.00000000  -113.27252940  -113.46652270  -113.28597640  -113.52442060


3.10000000     1.50000000     4.06324993  -112.89824621     1.00000000  -112.48736290  -112.66593420  -112.57678130  -112.83076380
3.10000000     1.75000000     4.25411565  -113.42491916     1.00000000  -113.06881710  -113.25275740  -113.12228360  -113.37411800
3.10000000     2.00000000     4.45084262  -113.64773926     1.00000000  -113.32430190  -113.51309730  -113.35731320  -113.60762100
3.10000000     2.25000000     4.65268740  -113.72189907     1.00000000  -113.41640380  -113.60915460  -113.43873370  -113.68817980
3.10000000     2.50000000     4.85901225  -113.72704279     1.00000000  -113.43058050  -113.62635620  -113.44781510  -113.69694960
3.10000000     2.75000000     5.06927016  -113.70356084     1.00000000  -113.41105880  -113.60945670  -113.42602880  -113.67551670
3.10000000     3.00000000     5.28299158  -113.68597075     1.00000000  -113.38768090  -113.59310790  -113.40128160  -113.65816410
3.10000000     3.25000000     5.49977272  -113.66033976     1.00000000  -113.36385030  -113.56973680  -113.37702880  -113.63328960
3.10000000     3.50000000     5.71926569  -113.63667956     1.00000000  -113.34134550  -113.54776450  -113.35436090  -113.61021590
3.10000000     3.75000000     5.94116992  -113.61603242     1.00000000  -113.32166650  -113.52865280  -113.33454070  -113.59010150
3.10000000     4.00000000     6.16522506  -113.59475612     1.00000000  -113.30536280  -113.51097960  -113.31844790  -113.57014780
3.10000000     4.25000000     6.39120489  -113.58012312     1.00000000  -113.29196490  -113.49657690  -113.30494210  -113.55558110
3.10000000     4.50000000     6.61891230  -113.56787518     1.00000000  -113.28114740  -113.48513070  -113.29397090  -113.54359620
3.10000000     4.75000000     6.84817494  -113.55805434     1.00000000  -113.27299260  -113.47613610  -113.28568770  -113.53405040
3.10000000     5.00000000     7.07884171  -113.55047347     1.00000000  -113.26733180  -113.46932780  -113.27995760  -113.52673360
3.10000000     5.25000000     7.31077971  -113.54374050     1.00000000  -113.26370580  -113.46439180  -113.27642370  -113.52064880
3.10000000     5.50000000     7.54387169  -113.54041321     1.00000000  -113.26168490  -113.45993810  -113.27469260  -113.51696510
3.10000000     5.75000000     7.77801389  -113.53848500     1.00000000  -113.26075990  -113.45788000  -113.27383160  -113.51500010
3.10000000     6.00000000     8.01311425  -113.53729774     1.00000000  -113.26026700  -113.45667970  -113.27338210  -113.51381440
3.10000000     6.25000000     8.24909086  -113.53653561     1.00000000  -113.25997900  -113.45590340  -113.27313240  -113.51305270
3.10000000     6.50000000     8.48587061  -113.53601877     1.00000000  -113.25979450  -113.45536670  -113.27298140  -113.51253360
3.10000000     6.75000000     8.72338810  -113.53565022     1.00000000  -113.25966640  -113.45497870  -113.27288090  -113.51216210
3.10000000     7.00000000     8.96158468  -113.53537692     1.00000000  -113.25957270  -113.45468960  -113.27280750  -113.51188610
3.10000000     7.25000000     9.20040760  -113.53516644     1.00000000  -113.25950190  -113.45447000  -113.27275010  -113.51167430
3.10000000     7.50000000     9.43980932  -113.53500090     1.00000000  -113.25944770  -113.45430050  -113.27270320  -113.51150840
3.10000000     7.75000000     9.67974690  -113.53486819     1.00000000  -113.25940530  -113.45416920  -113.27266440  -113.51137670
3.10000000     8.00000000     9.92018145  -113.53476148     1.00000000  -113.25937140  -113.45406580  -113.27263220  -113.51127140
3.10000000     8.25000000    10.16107770  -113.53467586     1.00000000  -113.25934320  -113.45398260  -113.27260590  -113.51118690
3.10000000     8.50000000    10.40240357  -113.53460722     1.00000000  -113.25931890  -113.45391460  -113.27258450  -113.51111890
3.10000000     8.75000000    10.64412984  -113.53455206     1.00000000  -113.25929740  -113.45385800  -113.27256700  -113.51106380
3.10000000     9.00000000    10.88622983  -113.53450770     1.00000000  -113.25927820  -113.45381010  -113.27255280  -113.51101890


3.20000000     1.50000000     4.15812458  -112.89379156     1.00000000  -112.48387140  -112.66201350  -112.57353560  -112.82657490
3.20000000     1.75000000     4.34770054  -113.41945177     1.00000000  -113.06436110  -113.24795280  -113.11787290  -113.36891790
3.20000000     2.00000000     4.54312668  -113.64166422     1.00000000  -113.31919130  -113.50774350  -113.35216420  -113.60181330
3.20000000     2.25000000     4.74368001  -113.71542890     1.00000000  -113.41074130  -113.60340120  -113.43300080  -113.68196490
3.20000000     2.50000000     4.94873721  -113.72028350     1.00000000  -113.42435650  -113.62026730  -113.44151870  -113.69042500
3.20000000     2.75000000     5.15776114  -113.69652308     1.00000000  -113.40416710  -113.60307650  -113.41906510  -113.66870700
3.20000000     3.00000000     5.37028863  -113.67628820     1.00000000  -113.37867670  -113.58430660  -113.39213460  -113.64878030
3.20000000     3.25000000     5.58591980  -113.64925252     1.00000000  -113.35341210  -113.55949260  -113.36643610  -113.62248430
3.20000000     3.50000000     5.80430874  -113.62450571     1.00000000  -113.32978680  -113.53639090  -113.34264700  -113.59830750
3.20000000     3.75000000     6.02515560  -113.60310226     1.00000000  -113.30937640  -113.51644990  -113.32211510  -113.57741270
3.20000000     4.00000000     6.24819974  -113.58472808     1.00000000  -113.29233280  -113.49961690  -113.30494190  -113.55957250
3.20000000     4.25000000     6.47321404  -113.56726920     1.00000000  -113.27855130  -113.48502030  -113.29119610  -113.54314050
3.20000000     4.50000000     6.70000000  -113.55472053     1.00000000  -113.26771870  -113.47310660  -113.28028900  -113.53080660
3.20000000     4.75000000     6.92838365  -113.54481287     1.00000000  -113.25960860  -113.46389450  -113.27208570  -113.52113220
3.20000000     5.00000000     7.15821207  -113.53720805     1.00000000  -113.25395080  -113.45693830  -113.26637670  -113.51374970
3.20000000     5.25000000     7.38935045  -113.53132119     1.00000000  -113.25027400  -113.45187410  -113.26272020  -113.50815640
3.20000000     5.50000000     7.62167960  -113.52575060     1.00000000  -113.24801590  -113.44822570  -113.26095580  -113.50333070
3.20000000     5.75000000     7.85509389  -113.52454166     1.00000000  -113.24713370  -113.44478350  -113.26010660  -113.50134160
3.20000000     6.00000000     8.08949937  -113.52335349     1.00000000  -113.24664430  -113.44357310  -113.25966330  -113.50015210


3.30000000     1.50000000     4.25323406  -112.88865575     1.00000000  -112.47964050  -112.65733860  -112.56953680  -112.82167200
3.30000000     1.75000000     4.44156504  -113.41329768     1.00000000  -113.05913830  -113.24236790  -113.11271250  -113.36299740
3.30000000     2.00000000     4.63573079  -113.63494407     1.00000000  -113.31334380  -113.50164760  -113.34630280  -113.59532760
3.30000000     2.25000000     4.83502844  -113.70844422     1.00000000  -113.40446150  -113.59703950  -113.42667730  -113.67520470
3.30000000     2.50000000     5.03884907  -113.71324841     1.00000000  -113.41776340  -113.61381240  -113.43487700  -113.68359500
3.30000000     2.75000000     5.24666561  -113.68946171     1.00000000  -113.39727260  -113.59654440  -113.41212380  -113.66183070
3.30000000     3.00000000     5.45802162  -113.66681867     1.00000000  -113.36976530  -113.57561920  -113.38312780  -113.63958040
3.30000000     3.25000000     5.67252149  -113.63850347     1.00000000  -113.34318730  -113.54948090  -113.35610870  -113.61198650
3.30000000     3.50000000     5.88982173  -113.61267193     1.00000000  -113.31842960  -113.52527440  -113.33117940  -113.58671570
3.30000000     3.75000000     6.10962356  -113.59054486     1.00000000  -113.29727110  -113.50457100  -113.30990660  -113.56508370
3.30000000     4.00000000     6.33166645  -113.57192818     1.00000000  -113.27977960  -113.48732620  -113.29227970  -113.54693880
3.30000000     4.25000000     6.55572269  -113.55613791     1.00000000  -113.26568540  -113.47301020  -113.27806700  -113.53165790


3.40000000     1.50000000     4.34856298  -112.88309287     1.00000000  -112.47495450  -112.65219390  -112.56505290  -112.81631820
3.40000000     1.75000000     4.53569179  -113.40670521     1.00000000  -113.05343740  -113.23628830  -113.10707070  -113.35661560
3.40000000     2.00000000     4.72863617  -113.62780505     1.00000000  -113.30702810  -113.49507180  -113.33997910  -113.58840060
3.40000000     2.25000000     4.92671290  -113.70112341     1.00000000  -113.39778490  -113.59028090  -113.41996730  -113.66808720
3.40000000     2.50000000     5.12932744  -113.70602405     1.00000000  -113.41093050  -113.60710990  -113.42800480  -113.67655560
3.40000000     2.75000000     5.33596289  -113.68234425     1.00000000  -113.39035820  -113.58988640  -113.40517060  -113.65487400
3.40000000     3.00000000     5.54616985  -113.65376303     1.00000000  -113.36110280  -113.56720510  -113.37284940  -113.62795720
3.40000000     3.25000000     5.75955727  -113.62824051     1.00000000  -113.33336950  -113.53987970  -113.34622150  -113.60195220
3.40000000     3.50000000     5.97578447  -113.60136254     1.00000000  -113.30751130  -113.51461670  -113.32018140  -113.57562900
3.40000000     3.75000000     6.19455406  -113.57848915     1.00000000  -113.28555970  -113.49315100  -113.29811450  -113.55324410
3.40000000     4.00000000     6.41560597  -113.55945070     1.00000000  -113.26761960  -113.47545710  -113.28004490  -113.53466790
3.40000000     4.25000000     6.63871222  -113.54370793     1.00000000  -113.25329960  -113.46100820  -113.26558890  -113.51936700
3.40000000     4.50000000     6.86367249  -113.53079709     1.00000000  -113.24222510  -113.44935650  -113.25440300  -113.50688800
3.40000000     4.75000000     7.09031029  -113.52056842     1.00000000  -113.23402900  -113.44025130  -113.24612500  -113.49704610
3.40000000     5.00000000     7.31846979  -113.51276096     1.00000000  -113.22826150  -113.43340690  -113.24031080  -113.48957270
3.40000000     5.25000000     7.54801298  -113.50686904     1.00000000  -113.22438020  -113.42839710  -113.23643530  -113.48399290
3.40000000     5.50000000     7.77881739  -113.50254093     1.00000000  -113.22185580  -113.42467100  -113.23397670  -113.47988600
3.40000000     5.75000000     8.01077400  -113.49644697     1.00000000  -113.22028460  -113.42176630  -113.23276410  -113.47495720


3.50000000     1.50000000     4.44409721  -112.87729920     1.00000000  -112.47002920  -112.64679640  -112.56029170  -112.81071660
3.50000000     1.75000000     4.63006479  -113.39986675     1.00000000  -113.04748010  -113.22993390  -113.10115610  -113.34997320
3.50000000     2.00000000     4.82182538  -113.62042403     1.00000000  -113.30045260  -113.48821900  -113.33338890  -113.58121690
3.50000000     2.25000000     5.01871497  -113.69360997     1.00000000  -113.39088720  -113.58329390  -113.41303530  -113.66076340
3.50000000     2.50000000     5.22015325  -113.69869891     1.00000000  -113.40397480  -113.60027200  -113.42100960  -113.66940250
3.50000000     2.75000000     5.42563360  -113.67520000     1.00000000  -113.38345270  -113.58317100  -113.39822460  -113.64787900
3.50000000     3.00000000     5.63471383  -113.64897080     1.00000000  -113.35278830  -113.55919200  -113.36601450  -113.62222690
