1.80000000     1.50000000     3.18850077  -112.57548266     1.00000000  -112.10386600  -112.27821720  -112.22532280  -112.48824480
1.80000000     1.75000000     3.42906110  -113.12006969     1.00000000  -112.70061900  -112.88017560  -112.78811750  -113.04908400
1.80000000     2.00000000     3.67088312  -113.36402506     1.00000000  -112.97669360  -113.16283940  -113.04406870  -113.30449800
1.80000000     2.25000000     3.91373297  -113.49563318     1.00000000  -113.12957710  -113.31271370  -113.18517480  -113.44100800
1.80000000     2.50000000     4.15743053  -113.53562460     1.00000000  -113.18118190  -113.36369400  -113.23166890  -113.48433620
1.80000000     2.75000000     4.40183501  -113.53999431     1.00000000  -113.19197410  -113.37367210  -113.24054950  -113.49053670
1.80000000     3.00000000     4.64683488  -113.52782900     1.00000000  -113.18353140  -113.36452020  -113.23157600  -113.47944550
1.80000000     3.25000000     4.89234067  -113.50868173     1.00000000  -113.16690310  -113.34730070  -113.21483100  -113.46102440
1.80000000     3.50000000     5.13827988  -113.48739578     1.00000000  -113.14765440  -113.32749600  -113.19549890  -113.44029550
1.80000000     3.75000000     5.38459311  -113.46639383     1.00000000  -113.12848030  -113.30773790  -113.17621230  -113.41975210
1.80000000     4.00000000     5.63123129  -113.44686315     1.00000000  -113.11066870  -113.28928530  -113.15829270  -113.40061600
1.80000000     4.25000000     5.87815351  -113.42940782     1.00000000  -113.09490540  -113.27280540  -113.14244080  -113.38351860
1.80000000     4.50000000     6.12532542  -113.41436022     1.00000000  -113.08162270  -113.25870450  -113.12905990  -113.36881550
1.80000000     4.75000000     6.37271798  -113.40189758     1.00000000  -113.07106980  -113.24720960  -113.11835960  -113.35669590
1.80000000     5.00000000     6.62030643  -113.39207633     1.00000000  -113.06329730  -113.23836480  -113.11036900  -113.34720780
1.80000000     5.25000000     6.86806961  -113.38482347     1.00000000  -113.05816400  -113.23203930  -113.10494190  -113.34025550
1.80000000     5.50000000     7.11598925  -113.37990153     1.00000000  -113.05533210  -113.22793560  -113.10178420  -113.33558670
1.80000000     5.75000000     7.36404956  -113.37695800     1.00000000  -113.05415000  -113.22560960  -113.10037810  -113.33283800
1.80000000     6.00000000     7.61223678  -113.37547528     1.00000000  -113.05380730  -113.22445260  -113.09995680  -113.33146500
1.80000000     6.25000000     7.86053889  -113.37478649     1.00000000  -113.05377420  -113.22388990  -113.09991950  -113.33082330
1.80000000     6.50000000     8.10894534  -113.37444929     1.00000000  -113.05382570  -113.22358910  -113.09999020  -113.33050330
1.80000000     6.75000000     8.35744682  -113.37426104     1.00000000  -113.05388410  -113.22340130  -113.10007170  -113.33031930
1.80000000     7.00000000     8.60603510  -113.37413780     1.00000000  -113.05392790  -113.22326520  -113.10013600  -113.33019480
1.80000000     7.25000000     8.85470288  -113.37404566     1.00000000  -113.05395510  -113.22315670  -113.10017930  -113.33009930
1.80000000     7.50000000     9.10344363  -113.37397034     1.00000000  -113.05396960  -113.22306630  -113.10020480  -113.33002020
1.80000000     7.75000000     9.35225153  -113.37390629     1.00000000  -113.05397520  -113.22298920  -113.10021720  -113.32995240
1.80000000     8.00000000     9.60112137  -113.37385047     1.00000000  -113.05397490  -113.22292300  -113.10022060  -113.32989330
1.80000000     8.25000000     9.85004845  -113.37380161     1.00000000  -113.05397070  -113.22286550  -113.10021830  -113.32984150
1.80000000     8.50000000    10.09902854  -113.37375764     1.00000000  -113.05396360  -113.22281500  -113.10021260  -113.32979530
1.80000000     8.75000000    10.34805780  -113.37371986     1.00000000  -113.05395460  -113.22277040  -113.10020510  -113.32975520
1.80000000     9.00000000    10.59713278  -113.37368659     1.00000000  -113.05394440  -113.22273090  -113.10019680  -113.32971990
1.80000000     9.25000000    10.84625032  -113.37365783     1.00000000  -113.05393380  -113.22269600  -113.10018840  -113.32968920
1.80000000     9.50000000    11.09540755  -113.37363292     1.00000000  -113.05392340  -113.22266520  -113.10018050  -113.32966250
1.80000000     9.75000000    11.34460187  -113.37361183     1.00000000  -113.05391350  -113.22263830  -113.10017340  -113.32963970
1.80000000    10.00000000    11.59383088  -113.37359411     1.00000000  -113.05390440  -113.22261480  -113.10016720  -113.32962030


1.90000000     1.50000000     3.28577918  -112.69283895     1.00000000  -112.23462280  -112.41062790  -112.34686920  -112.60981060
1.90000000     1.75000000     3.52584301  -113.23390933     1.00000000  -112.82729350  -113.00909230  -112.90586780  -113.16716940
1.90000000     2.00000000     3.76719963  -113.47511106     1.00000000  -113.09974710  -113.28755680  -113.15860800  -113.41929840
1.90000000     2.25000000     4.00961559  -113.59384861     1.00000000  -113.24101430  -113.42604830  -113.28847840  -113.54359470
1.90000000     2.50000000     4.25290975  -113.63101264     1.00000000  -113.28985220  -113.47430170  -113.33213800  -113.58410400
1.90000000     2.75000000     4.49693957  -113.63345288     1.00000000  -113.29887600  -113.48252440  -113.33911800  -113.58840470
1.90000000     3.00000000     4.74159146  -113.62008991     1.00000000  -113.28939800  -113.47234550  -113.32897460  -113.57614700
1.90000000     3.25000000     4.98677388  -113.60022533     1.00000000  -113.27213970  -113.45450850  -113.31151070  -113.55702320
1.90000000     3.50000000     5.23241224  -113.57849708     1.00000000  -113.25246890  -113.43429820  -113.29171390  -113.53585260
1.90000000     3.75000000     5.47844522  -113.55718600     1.00000000  -113.23299130  -113.41425360  -113.27209740  -113.51499940
1.90000000     4.00000000     5.72482193  -113.53740272     1.00000000  -113.21495530  -113.39559080  -113.25392120  -113.49561720
1.90000000     4.25000000     5.97149983  -113.51972655     1.00000000  -113.19903090  -113.37895340  -113.23786400  -113.47831160
1.90000000     4.50000000     6.21844309  -113.50449194     1.00000000  -113.18565800  -113.36474790  -113.22434180  -113.46344030
1.90000000     4.75000000     6.46562128  -113.49191849     1.00000000  -113.17513040  -113.35322610  -113.21361550  -113.45122940
1.90000000     5.00000000     6.71300847  -113.48213536     1.00000000  -113.16758530  -113.34449030  -113.20580650  -113.44179530
1.90000000     5.25000000     6.96058236  -113.47513743     1.00000000  -113.16294840  -113.33845080  -113.20086450  -113.43510540
1.90000000     5.50000000     7.20832373  -113.47072108     1.00000000  -113.16073070  -113.33478070  -113.19840530  -113.43092800
1.90000000     5.75000000     7.45621587  -113.46838278     1.00000000  -113.15996630  -113.33286530  -113.19753940  -113.42873110
1.90000000     6.00000000     7.70424423  -113.46728343     1.00000000  -113.15980900  -113.33194160  -113.19736940  -113.42769550
1.90000000     6.25000000     7.95239608  -113.46675688     1.00000000  -113.15984350  -113.33147540  -113.19742320  -113.42719490
1.90000000     6.50000000     8.20066019  -113.46647684     1.00000000  -113.15991550  -113.33120670  -113.19752200  -113.42692370
1.90000000     6.75000000     8.44902667  -113.46630454     1.00000000  -113.15997670  -113.33102530  -113.19760900  -113.42675240
1.90000000     7.00000000     8.69748675  -113.46618247     1.00000000  -113.16001730  -113.33088680  -113.19767140  -113.42662790
1.90000000     7.25000000     8.94603263  -113.46608629     1.00000000  -113.16004010  -113.33077350  -113.19771060  -113.42652810
1.90000000     7.50000000     9.19465736  -113.46600559     1.00000000  -113.16005040  -113.33067850  -113.19773180  -113.42644390
1.90000000     7.75000000     9.44335471  -113.46593612     1.00000000  -113.16005270  -113.33059790  -113.19774020  -113.42637130
1.90000000     8.00000000     9.69211908  -113.46587533     1.00000000  -113.16005000  -113.33052910  -113.19774040  -113.42630800
1.90000000     8.25000000     9.94094545  -113.46582226     1.00000000  -113.16004410  -113.33046990  -113.19773550  -113.42625280
1.90000000     8.50000000    10.18982927  -113.46577600     1.00000000  -113.16003580  -113.33041840  -113.19772790  -113.42620470
1.90000000     8.75000000    10.43876643  -113.46573581     1.00000000  -113.16002610  -113.33037330  -113.19771900  -113.42616280
1.90000000     9.00000000    10.68775322  -113.46570084     1.00000000  -113.16001550  -113.33033360  -113.19770980  -113.42612630
1.90000000     9.25000000    10.93678623  -113.46567059     1.00000000  -113.16000460  -113.33029880  -113.19770100  -113.42609470
1.90000000     9.50000000    11.18586238  -113.46564497     1.00000000  -113.15999390  -113.33026810  -113.19769280  -113.42606760
1.90000000     9.75000000    11.43497885  -113.46562313     1.00000000  -113.15998390  -113.33024140  -113.19768550  -113.42604440
1.90000000    10.00000000    11.68413306  -113.46560480     1.00000000  -113.15997470  -113.33021810  -113.19767920  -113.42602470


2.00000000     1.50000000     3.38321628  -112.77897550     1.00000000  -112.33160660  -112.50895300  -112.43652250  -112.69937850
2.00000000     1.75000000     3.62279972  -113.31643818     1.00000000  -112.92024150  -113.10391660  -112.99171830  -113.25319140
2.00000000     2.00000000     3.86370331  -113.55447173     1.00000000  -113.19196400  -113.37872030  -113.24415740  -113.50201110
2.00000000     2.25000000     4.10569466  -113.66184016     1.00000000  -113.31965470  -113.50647620  -113.36070050  -113.61522020
2.00000000     2.50000000     4.34859219  -113.69606330     1.00000000  -113.36556010  -113.55180390  -113.40139990  -113.65277320
2.00000000     2.75000000     4.59225211  -113.69641755     1.00000000  -113.37259570  -113.55805270  -113.40630700  -113.65500380
2.00000000     3.00000000     4.83655919  -113.68177347     1.00000000  -113.36193880  -113.54670750  -113.39489580  -113.64148410
2.00000000     3.25000000     5.08142010  -113.66118226     1.00000000  -113.34399610  -113.52820480  -113.37669300  -113.62164050
2.00000000     3.50000000     5.32675846  -113.63904380     1.00000000  -113.32390730  -113.50760190  -113.35645570  -113.60005730
2.00000000     3.75000000     5.57251120  -113.61747489     1.00000000  -113.30415710  -113.48731270  -113.33655290  -113.57894480
2.00000000     4.00000000     5.81862582  -113.59750076     1.00000000  -113.28593630  -113.46848840  -113.31817120  -113.55937570
2.00000000     4.25000000     6.06505827  -113.57966443     1.00000000  -113.26989500  -113.45174480  -113.30196710  -113.54192180
2.00000000     4.50000000     6.31177133  -113.56431715     1.00000000  -113.25648820  -113.43748770  -113.28837780  -113.52695190
2.00000000     4.75000000     6.55873331  -113.55172846     1.00000000  -113.24607310  -113.42600370  -113.27773580  -113.51473780
2.00000000     5.00000000     6.80591714  -113.54210377     1.00000000  -113.23888580  -113.41745030  -113.27027680  -113.50546710
2.00000000     5.25000000     7.05329947  -113.53549900     1.00000000  -113.23484160  -113.41175740  -113.26597770  -113.49915930
2.00000000     5.50000000     7.30086015  -113.53165364     1.00000000  -113.23315280  -113.40850610  -113.26414720  -113.49551130
2.00000000     5.75000000     7.54858161  -113.52975380     1.00000000  -113.23265840  -113.40688540  -113.26361660  -113.49370920
2.00000000     6.00000000     7.79644853  -113.52885344     1.00000000  -113.23260250  -113.40609440  -113.26357230  -113.49285140
2.00000000     6.25000000     8.04444747  -113.52839565     1.00000000  -113.23266790  -113.40567380  -113.26366400  -113.49241180
2.00000000     6.50000000     8.29256658  -113.52813325     1.00000000  -113.23274480  -113.40541450  -113.26376950  -113.49215530
2.00000000     6.75000000     8.54079539  -113.52796051     1.00000000  -113.23280200  -113.40522970  -113.26385330  -113.49198250
2.00000000     7.00000000     8.78912460  -113.52783246     1.00000000  -113.23283650  -113.40508430  -113.26391000  -113.49185170
2.00000000     7.25000000     9.03754595  -113.52772918     1.00000000  -113.23285350  -113.40496440  -113.26394360  -113.49174500
2.00000000     7.50000000     9.28605202  -113.52764194     1.00000000  -113.23285900  -113.40486390  -113.26395970  -113.49165460
2.00000000     7.75000000     9.53463620  -113.52756661     1.00000000  -113.23285770  -113.40477910  -113.26396410  -113.49157670
2.00000000     8.00000000     9.78329254  -113.52750101     1.00000000  -113.23285230  -113.40470740  -113.26396090  -113.49150920
2.00000000     8.25000000    10.03201567  -113.52744392     1.00000000  -113.23284440  -113.40464630  -113.26395350  -113.49145070
2.00000000     8.50000000    10.28080073  -113.52739453     1.00000000  -113.23283490  -113.40459360  -113.26394410  -113.49140010
2.00000000     8.75000000    10.52964335  -113.52735175     1.00000000  -113.23282420  -113.40454780  -113.26393400  -113.49135630
2.00000000     9.00000000    10.77853954  -113.52731513     1.00000000  -113.23281290  -113.40450770  -113.26392400  -113.49131860
2.00000000     9.25000000    11.02748566  -113.52728385     1.00000000  -113.23280150  -113.40447250  -113.26391460  -113.49128620
2.00000000     9.50000000    11.27647841  -113.52725711     1.00000000  -113.23279040  -113.40444180  -113.26390600  -113.49125840
2.00000000     9.75000000    11.52551477  -113.52723450     1.00000000  -113.23278000  -113.40441500  -113.26389840  -113.49123470
2.00000000    10.00000000    11.77459197  -113.52721568     1.00000000  -113.23277050  -113.40439170  -113.26389180  -113.49121470


2.10000000     1.50000000     3.48079877  -112.84128033     1.00000000  -112.40444050  -112.58114030  -112.50479530  -112.76477410
2.10000000     1.75000000     3.71991757  -113.37536820     1.00000000  -112.99060590  -113.17279210  -113.05685370  -113.31504820
2.10000000     2.00000000     3.96038046  -113.61007294     1.00000000  -113.25701440  -113.44388160  -113.30380920  -113.56032150
2.10000000     2.25000000     4.20195669  -113.70539318     1.00000000  -113.37357770  -113.56219950  -113.40027410  -113.66075680
2.10000000     2.50000000     4.44446473  -113.73857890     1.00000000  -113.41647700  -113.60441540  -113.44732840  -113.69825510
2.10000000     2.75000000     4.68775996  -113.73669866     1.00000000  -113.42133100  -113.60847920  -113.45000530  -113.69825100
2.10000000     3.00000000     4.93172587  -113.72067670     1.00000000  -113.40934860  -113.59582090  -113.43721510  -113.68336080
2.10000000     3.25000000     5.17626765  -113.69933793     1.00000000  -113.39066290  -113.57660080  -113.41823960  -113.66277000
2.10000000     3.50000000     5.42130735  -113.67681723     1.00000000  -113.37015750  -113.55561830  -113.39757660  -113.64079950
2.10000000     3.75000000     5.66678040  -113.65504110     1.00000000  -113.35016350  -113.53512860  -113.37742480  -113.61947780
2.10000000     4.00000000     5.91263281  -113.63493358     1.00000000  -113.33179570  -113.51619730  -113.35888480  -113.59978010
2.10000000     4.25000000     6.15881916  -113.61700392     1.00000000  -113.31567910  -113.49939960  -113.34258800  -113.58224160
2.10000000     4.50000000     6.40530094  -113.60161020     1.00000000  -113.30228960  -113.48513640  -113.32899940  -113.56723460
2.10000000     4.75000000     6.65204531  -113.58907244     1.00000000  -113.29205980  -113.47372830  -113.31853760  -113.55507710
2.10000000     5.00000000     6.89902410  -113.57966541     1.00000000  -113.28531110  -113.46537440  -113.31154340  -113.54601920
2.10000000     5.25000000     7.14621299  -113.57348550     1.00000000  -113.28183630  -113.46000750  -113.30788670  -113.54010970
2.10000000     5.50000000     7.39359093  -113.57010493     1.00000000  -113.28053260  -113.45708320  -113.30650900  -113.53688530
2.10000000     5.75000000     7.64113954  -113.56846630     1.00000000  -113.28019980  -113.45564500  -113.30616940  -113.53531940
2.10000000     6.00000000     7.88884277  -113.56766149     1.00000000  -113.28019550  -113.45492280  -113.30618540  -113.53454830
2.10000000     6.25000000     8.13668648  -113.56722868     1.00000000  -113.28027110  -113.45451810  -113.30628920  -113.53413040
2.10000000     6.50000000     8.38465822  -113.56696570     1.00000000  -113.28034400  -113.45425560  -113.30639120  -113.53387230
2.10000000     6.75000000     8.63274697  -113.56678525     1.00000000  -113.28039360  -113.45406160  -113.30646760  -113.53369120
2.10000000     7.00000000     8.88094290  -113.56664820     1.00000000  -113.28042050  -113.45390720  -113.30651700  -113.53355140
2.10000000     7.25000000     9.12923729  -113.56653671     1.00000000  -113.28043100  -113.45377970  -113.30654410  -113.53343670
2.10000000     7.50000000     9.37762231  -113.56644244     1.00000000  -113.28043150  -113.45367340  -113.30655510  -113.53333970
2.10000000     7.75000000     9.62609095  -113.56636107     1.00000000  -113.28042640  -113.45358440  -113.30655540  -113.53325640
2.10000000     8.00000000     9.87463688  -113.56629066     1.00000000  -113.28041820  -113.45350970  -113.30654900  -113.53318470
2.10000000     8.25000000    10.12325443  -113.56623000     1.00000000  -113.28040830  -113.45344640  -113.30653930  -113.53312310
2.10000000     8.50000000    10.37193844  -113.56617767     1.00000000  -113.28039720  -113.45339230  -113.30652810  -113.53307010
2.10000000     8.75000000    10.62068423  -113.56613279     1.00000000  -113.28038540  -113.45334550  -113.30651680  -113.53302460
2.10000000     9.00000000    10.86948758  -113.56609445     1.00000000  -113.28037320  -113.45330480  -113.30650590  -113.53298560
2.10000000     9.25000000    11.11834461  -113.56606193     1.00000000  -113.28036100  -113.45326920  -113.30649590  -113.53295230
2.10000000     9.50000000    11.36725181  -113.56603444     1.00000000  -113.28034940  -113.45323810  -113.30648690  -113.53292390
2.10000000     9.75000000    11.61620593  -113.56601116     1.00000000  -113.28033840  -113.45321100  -113.30647890  -113.53289970
2.10000000    10.00000000    11.86520404  -113.56599164     1.00000000  -113.28032850  -113.45318750  -113.30647200  -113.53287920


2.20000000     1.50000000     3.57851473  -112.88629000     1.00000000  -112.45415770  -112.63327910  -112.54910260  -112.81153060
2.20000000     1.75000000     3.81718425  -113.41685200     1.00000000  -113.03549740  -113.22187740  -113.09724700  -113.35865940
2.20000000     2.00000000     4.05721870  -113.64801826     1.00000000  -113.30259890  -113.48946600  -113.34528760  -113.60046760
2.20000000     2.25000000     4.29838941  -113.73462507     1.00000000  -113.40605430  -113.59925290  -113.43823230  -113.69407890
2.20000000     2.50000000     4.54051533  -113.76455985     1.00000000  -113.44891900  -113.63852260  -113.47596660  -113.72665260
2.20000000     2.75000000     4.78345141  -113.76029634     1.00000000  -113.45143960  -113.64019680  -113.47628770  -113.72424980
2.20000000     3.00000000     5.02708020  -113.74278955     1.00000000  -113.43798910  -113.62607890  -113.46200170  -113.70787270
2.20000000     3.25000000     5.27130565  -113.72067636     1.00000000  -113.41849990  -113.60608940  -113.44221070  -113.68650220
2.20000000     3.50000000     5.51604851  -113.69780192     1.00000000  -113.39757960  -113.58474520  -113.42113290  -113.66417110
2.20000000     3.75000000     5.76124285  -113.67587890     1.00000000  -113.37737290  -113.56410820  -113.40076910  -113.64269930
2.20000000     4.00000000     6.00683337  -113.65571280     1.00000000  -113.35889840  -113.54513480  -113.38211800  -113.62294560
2.20000000     4.25000000     6.25277339  -113.63776110     1.00000000  -113.34274730  -113.52834450  -113.36577950  -113.60539210
2.20000000     4.50000000     6.49902323  -113.62237697     1.00000000  -113.32941450  -113.51411770  -113.35224470  -113.59040150
2.20000000     4.75000000     6.74554897  -113.60990456     1.00000000  -113.31940510  -113.50278060  -113.34201670  -113.57831110
2.20000000     5.00000000     6.99232142  -113.60067409     1.00000000  -113.31308960  -113.49456180  -113.33550050  -113.56941950
2.20000000     5.25000000     7.23931536  -113.59482604     1.00000000  -113.31006900  -113.48941720  -113.33236140  -113.56381010
2.20000000     5.50000000     7.48650885  -113.59174347     1.00000000  -113.30901380  -113.48669130  -113.33127000  -113.56085220
2.20000000     5.75000000     7.73388277  -113.59023778     1.00000000  -113.30876940  -113.48534460  -113.33103190  -113.55940560
2.20000000     6.00000000     7.98142034  -113.58946852     1.00000000  -113.30878620  -113.48464650  -113.33107190  -113.55866600
2.20000000     6.25000000     8.22910679  -113.58903662     1.00000000  -113.30885940  -113.48423890  -113.33117380  -113.55824750
2.20000000     6.50000000     8.47692908  -113.58876352     1.00000000  -113.30892340  -113.48396550  -113.33126700  -113.55797890
2.20000000     6.75000000     8.72487561  -113.58857130     1.00000000  -113.30896340  -113.48376030  -113.33133400  -113.55778620
2.20000000     7.00000000     8.97293611  -113.58842380     1.00000000  -113.30898200  -113.48359590  -113.33137520  -113.55763610
2.20000000     7.25000000     9.22110136  -113.58830357     1.00000000  -113.30898590  -113.48346060  -113.33139580  -113.55751300
2.20000000     7.50000000     9.46936314  -113.58820243     1.00000000  -113.30898130  -113.48334790  -113.33140170  -113.55740930
2.20000000     7.75000000     9.71771405  -113.58811556     1.00000000  -113.30897240  -113.48325460  -113.33139800  -113.55732090
2.20000000     8.00000000     9.96614741  -113.58804075     1.00000000  -113.30896140  -113.48317690  -113.33138870  -113.55724530
2.20000000     8.25000000    10.21465722  -113.58797645     1.00000000  -113.30894940  -113.48311150  -113.33137670  -113.55718060
2.20000000     8.50000000    10.46323803  -113.58792154     1.00000000  -113.30893670  -113.48305580  -113.33136400  -113.55712540
2.20000000     8.75000000    10.71188490  -113.58787459     1.00000000  -113.30892350  -113.48300790  -113.33135140  -113.55707820
2.20000000     9.00000000    10.96059332  -113.58783495     1.00000000  -113.30891020  -113.48296630  -113.33133970  -113.55703810
2.20000000     9.25000000    11.20935921  -113.58780117     1.00000000  -113.30889720  -113.48293010  -113.33132900  -113.55700380
2.20000000     9.50000000    11.45817882  -113.58777266     1.00000000  -113.30888480  -113.48289850  -113.33131940  -113.55697460
2.20000000     9.75000000    11.70704872  -113.58774880     1.00000000  -113.30887330  -113.48287100  -113.33131100  -113.55694990
2.20000000    10.00000000    11.95596578  -113.58772846     1.00000000  -113.30886280  -113.48284720  -113.33130370  -113.55692880


2.30000000     1.50000000     3.67635353  -112.91745925     1.00000000  -112.49040770  -112.67003460  -112.58230350  -112.84433560
2.30000000     1.75000000     3.91458868  -113.44498831     1.00000000  -113.06869480  -113.25597100  -113.12734910  -113.38854920
2.30000000     2.00000000     4.15420675  -113.67286012     1.00000000  -113.33356590  -113.52031250  -113.37320390  -113.62706970
2.30000000     2.25000000     4.39498156  -113.75586114     1.00000000  -113.43372390  -113.62534620  -113.46299250  -113.71664590
2.30000000     2.50000000     4.63673292  -113.77864861     1.00000000  -113.46777470  -113.65913020  -113.49195300  -113.74270490
2.30000000     2.75000000     4.87931566  -113.77182174     1.00000000  -113.46785300  -113.65817130  -113.48983210  -113.73770470
2.30000000     3.00000000     5.12261169  -113.75271894     1.00000000  -113.45280280  -113.64245010  -113.47393680  -113.71972140
2.30000000     3.25000000     5.36652399  -113.72980911     1.00000000  -113.43245150  -113.62164820  -113.45328430  -113.69754410
2.30000000     3.50000000     5.61097220  -113.70662760     1.00000000  -113.41112420  -113.59997770  -113.43180590  -113.67489650
2.30000000     3.75000000     5.85588919  -113.68464223     1.00000000  -113.39074570  -113.57926970  -113.41127510  -113.65335720
2.30000000     4.00000000     6.10121852  -113.66451903     1.00000000  -113.37221490  -113.56034650  -113.39256810  -113.63364670
2.30000000     4.25000000     6.34691237  -113.64664334     1.00000000  -113.35607310  -113.54364960  -113.37623860  -113.61617320
2.30000000     4.50000000     6.59292999  -113.63132279     1.00000000  -113.34281660  -113.52950310  -113.36278710  -113.60125110
2.30000000     4.75000000     6.83923644  -113.61886288     1.00000000  -113.33299800  -113.51818320  -113.35277470  -113.58917660
2.30000000     5.00000000     7.08580160  -113.60963306     1.00000000  -113.32700710  -113.50992860  -113.34663170  -113.58027800
2.30000000     5.25000000     7.33259937  -113.60390646     1.00000000  -113.32427900  -113.50481350  -113.34383150  -113.57476240
2.30000000     5.50000000     7.57960703  -113.60094329     1.00000000  -113.32335980  -113.50213820  -113.34289730  -113.57190140
2.30000000     5.75000000     7.82680471  -113.59947713     1.00000000  -113.32315320  -113.50080410  -113.34270330  -113.57048510
2.30000000     6.00000000     8.07417495  -113.59870714     1.00000000  -113.32317060  -113.50009560  -113.34274520  -113.56974120
2.30000000     6.25000000     8.32170237  -113.59826050     1.00000000  -113.32323350  -113.49967100  -113.34283690  -113.56930700
2.30000000     6.50000000     8.56937335  -113.59797051     1.00000000  -113.32328550  -113.49938120  -113.34291820  -113.56902160
2.30000000     6.75000000     8.81717578  -113.59776467     1.00000000  -113.32331490  -113.49916250  -113.34297480  -113.56881530
2.30000000     7.00000000     9.06509890  -113.59760600     1.00000000  -113.32332500  -113.49898770  -113.34300770  -113.56865430
2.30000000     7.25000000     9.31313305  -113.59747719     1.00000000  -113.32332230  -113.49884460  -113.34302180  -113.56852290
2.30000000     7.50000000     9.56126960  -113.59736895     1.00000000  -113.32331280  -113.49872680  -113.34302270  -113.56841280
2.30000000     7.75000000     9.80950078  -113.59727674     1.00000000  -113.32330020  -113.49862940  -113.34301520  -113.56831950
2.30000000     8.00000000    10.05781959  -113.59719767     1.00000000  -113.32328640  -113.49854870  -113.34300310  -113.56824010
2.30000000     8.25000000    10.30621968  -113.59713015     1.00000000  -113.32327220  -113.49848120  -113.34298900  -113.56817260
2.30000000     8.50000000    10.55469532  -113.59707314     1.00000000  -113.32325770  -113.49842330  -113.34297470  -113.56811530
2.30000000     8.75000000    10.80324130  -113.59702445     1.00000000  -113.32324320  -113.49837420  -113.34296110  -113.56806660
2.30000000     9.00000000    11.05185286  -113.59698345     1.00000000  -113.32322880  -113.49833160  -113.34294850  -113.56802530
2.30000000     9.25000000    11.30052569  -113.59694859     1.00000000  -113.32321480  -113.49829470  -113.34293710  -113.56799010
2.30000000     9.50000000    11.54925583  -113.59691925     1.00000000  -113.32320160  -113.49826250  -113.34292700  -113.56796020
2.30000000     9.75000000    11.79803964  -113.59689468     1.00000000  -113.32318940  -113.49823450  -113.34291810  -113.56793490
2.30000000    10.00000000    12.04687381  -113.59687382     1.00000000  -113.32317830  -113.49821020  -113.34291030  -113.56791330


2.40000000     1.50000000     3.77430562  -112.93756945     1.00000000  -112.51879560  -112.69493360  -112.60975220  -112.86621470
2.40000000     1.75000000     4.01212081  -113.46284874     1.00000000  -113.09684150  -113.27863210  -113.15368260  -113.40795780
2.40000000     2.00000000     4.25133436  -113.68802042     1.00000000  -113.35361660  -113.54014400  -113.39103650  -113.64362590
2.40000000     2.25000000     4.49172287  -113.76775343     1.00000000  -113.45069240  -113.64163270  -113.47778300  -113.72982210
2.40000000     2.50000000     4.73310731  -113.78457058     1.00000000  -113.47686270  -113.67027950  -113.49887590  -113.75021940
2.40000000     2.75000000     4.97534273  -113.77481200     1.00000000  -113.47438780  -113.66624610  -113.49423720  -113.74223350
2.40000000     3.00000000     5.21831063  -113.75399672     1.00000000  -113.45762350  -113.64877980  -113.47663110  -113.72252120
2.40000000     3.25000000     5.46191325  -113.73029275     1.00000000  -113.43636220  -113.62714910  -113.45507810  -113.69953480
2.40000000     3.50000000     5.70606929  -113.70689408     1.00000000  -113.41465300  -113.60522620  -113.43322920  -113.67665610
2.40000000     3.75000000     5.95071065  -113.68498552     1.00000000  -113.39416690  -113.58456950  -113.41259800  -113.65518310
2.40000000     4.00000000     6.19577983  -113.66506538     1.00000000  -113.37565490  -113.56583990  -113.39391270  -113.63567060
2.40000000     4.25000000     6.44122801  -113.64742507     1.00000000  -113.35958290  -113.54937990  -113.37765590  -113.61843150
2.40000000     4.50000000     6.68701344  -113.63226860     1.00000000  -113.34640750  -113.53541110  -113.36429670  -113.60367820
2.40000000     4.75000000     6.93310026  -113.61972226     1.00000000  -113.33666710  -113.52404170  -113.35439090  -113.59153310
2.40000000     5.00000000     7.17945748  -113.61012148     1.00000000  -113.33077700  -113.51543410  -113.34839460  -113.58227530
2.40000000     5.25000000     7.42605819  -113.60415184     1.00000000  -113.32814780  -113.51000500  -113.34572980  -113.57649540
2.40000000     5.50000000     7.67287890  -113.60110701     1.00000000  -113.32726660  -113.50718560  -113.34484870  -113.57353190
2.40000000     5.75000000     7.91989906  -113.59959499     1.00000000  -113.32705800  -113.50577840  -113.34465740  -113.57206030
2.40000000     6.00000000     8.16710056  -113.59878957     1.00000000  -113.32706060  -113.50502360  -113.34468560  -113.57127700
2.40000000     6.25000000     8.41446743  -113.59831571     1.00000000  -113.32710720  -113.50456760  -113.34476140  -113.57081400
2.40000000     6.50000000     8.66198549  -113.59800654     1.00000000  -113.32714510  -113.50425590  -113.34482890  -113.57050840
2.40000000     6.75000000     8.90964214  -113.59778544     1.00000000  -113.32716320  -113.50402180  -113.34487460  -113.57028680
2.40000000     7.00000000     9.15742614  -113.59761550     1.00000000  -113.32716470  -113.50383620  -113.34489910  -113.57011470
2.40000000     7.25000000     9.40532743  -113.59747709     1.00000000  -113.32715570  -113.50368550  -113.34490690  -113.56997440
2.40000000     7.50000000     9.65333696  -113.59736240     1.00000000  -113.32714140  -113.50356220  -113.34490310  -113.56985820
2.40000000     7.75000000     9.90144661  -113.59726500     1.00000000  -113.32712520  -113.50346100  -113.34489200  -113.56976020
2.40000000     8.00000000    10.14964903  -113.59718219     1.00000000  -113.32710870  -113.50337750  -113.34487720  -113.56967740
2.40000000     8.25000000    10.39793758  -113.59711177     1.00000000  -113.32709230  -113.50330780  -113.34486120  -113.56960730
2.40000000     8.50000000    10.64630624  -113.59705215     1.00000000  -113.32707610  -113.50324890  -113.34484540  -113.56954800
2.40000000     8.75000000    10.89474951  -113.59700190     1.00000000  -113.32706020  -113.50319860  -113.34483060  -113.56949790
2.40000000     9.00000000    11.14326242  -113.59695944     1.00000000  -113.32704460  -113.50315510  -113.34481720  -113.56945540
2.40000000     9.25000000    11.39184041  -113.59692379     1.00000000  -113.32702970  -113.50311730  -113.34480510  -113.56941940
2.40000000     9.50000000    11.64047930  -113.59689378     1.00000000  -113.32701570  -113.50308450  -113.34479450  -113.56938890
2.40000000     9.75000000    11.88917528  -113.59686842     1.00000000  -113.32700280  -113.50305590  -113.34478510  -113.56936290
2.40000000    10.00000000    12.13792484  -113.59684711     1.00000000  -113.32699110  -113.50303120  -113.34477690  -113.56934090


2.50000000     1.50000000     3.87236240  -112.95124999     1.00000000  -112.53096250  -112.71106970  -112.61945430  -112.88036520
2.50000000     1.75000000     4.10977156  -113.47386180     1.00000000  -113.10447990  -113.29286190  -113.15937290  -113.41985850
2.50000000     2.00000000     4.34859219  -113.69595124     1.00000000  -113.35591840  -113.55178070  -113.39180210  -113.65270360
2.50000000     2.25000000     4.58860390  -113.77227066     1.00000000  -113.44737760  -113.64998030  -113.47325250  -113.73557620
2.50000000     2.50000000     4.82962913  -113.78641769     1.00000000  -113.47950020  -113.67615100  -113.49973870  -113.75327070
2.50000000     2.75000000     5.07152337  -113.77196668     1.00000000  -113.47398290  -113.66737360  -113.49226330  -113.74060250
2.50000000     3.00000000     5.31416796  -113.74930649     1.00000000  -113.45540690  -113.64801120  -113.47286030  -113.71902470
2.50000000     3.25000000     5.55746460  -113.72487129     1.00000000  -113.43321330  -113.62559690  -113.45039000  -113.69528720
2.50000000     3.50000000     5.80133128  -113.70143081     1.00000000  -113.41118480  -113.60357450  -113.42823640  -113.67234560
2.50000000     3.75000000     6.04569899  -113.67982220     1.00000000  -113.39069950  -113.58316670  -113.40761430  -113.65115340
2.50000000     4.00000000     6.29050937  -113.66035550     1.00000000  -113.37232880  -113.56484760  -113.38907300  -113.63207750
2.50000000     4.25000000     6.53571265  -113.64322038     1.00000000  -113.35643530  -113.54885940  -113.37299660  -113.61533020
2.50000000     4.50000000     6.78126622  -113.62851555     1.00000000  -113.34338050  -113.53532660  -113.35976570  -113.60102250
2.50000000     4.75000000     7.02713337  -113.61604138     1.00000000  -113.33356550  -113.52409870  -113.34980530  -113.58897600
2.50000000     5.00000000     7.27328228  -113.60545152     1.00000000  -113.32738580  -113.51472500  -113.34355960  -113.57881380


2.60000000     1.50000000     3.97051611  -112.95827433     1.00000000  -112.54018040  -112.72034100  -112.62787310  -112.88813850
2.60000000     1.75000000     4.20753267  -113.47898377     1.00000000  -113.11195390  -113.30061660  -113.16579070  -113.42581400
2.60000000     2.00000000     4.44597168  -113.69890235     1.00000000  -113.37151590  -113.55744590  -113.40625370  -113.65648910
2.60000000     2.25000000     4.68561599  -113.77306024     1.00000000  -113.46318970  -113.65324660  -113.48757700  -113.73704150
2.60000000     2.50000000     4.92628970  -113.78191489     1.00000000  -113.47975660  -113.67431370  -113.49906780  -113.74960540
2.60000000     2.75000000     5.16784900  -113.76533346     1.00000000  -113.46889870  -113.66379730  -113.48602620  -113.73491010
2.60000000     3.00000000     5.41017526  -113.74063525     1.00000000  -113.44840030  -113.64235780  -113.46473360  -113.71128190
2.60000000     3.25000000     5.65316985  -113.71565610     1.00000000  -113.42530140  -113.61932370  -113.44137340  -113.68697270
2.60000000     3.50000000     5.89675015  -113.69248453     1.00000000  -113.40308120  -113.59748020  -113.41904190  -113.66426760
2.60000000     3.75000000     6.14084647  -113.67148334     1.00000000  -113.38276740  -113.57759240  -113.39859790  -113.64365070
2.60000000     4.00000000     6.38539963  -113.65274217     1.00000000  -113.36471800  -113.55992050  -113.38037810  -113.62527080
2.60000000     4.25000000     6.63035907  -113.63639909     1.00000000  -113.34918450  -113.54464410  -113.36466010  -113.60928520
2.60000000     4.50000000     6.87568138  -113.62260441     1.00000000  -113.33643370  -113.53191830  -113.35173390  -113.59584950
2.60000000     4.75000000     7.12132905  -113.61140479     1.00000000  -113.32668190  -113.52176160  -113.34183910  -113.58500370
2.60000000     5.00000000     7.36726954  -113.60241904     1.00000000  -113.31992340  -113.51380620  -113.33499900  -113.57637570
2.60000000     5.25000000     7.61347447  -113.59011922     1.00000000  -113.31597770  -113.50392290  -113.33112620  -113.56495020
2.60000000     5.50000000     7.85991899  -113.58469855     1.00000000  -113.31465860  -113.49783010  -113.32989670  -113.55930310
2.60000000     5.75000000     8.10658125  -113.58254773     1.00000000  -113.31429320  -113.49552580  -113.32957200  -113.55710350
2.60000000     6.00000000     8.35344196  -113.58148694     1.00000000  -113.31421120  -113.49441820  -113.32952400  -113.55603100
2.60000000     6.25000000     8.60048403  -113.58088925     1.00000000  -113.31420460  -113.49379830  -113.32955020  -113.55543020
2.60000000     6.50000000     8.84769228  -113.58051289     1.00000000  -113.31420680  -113.49340270  -113.32958390  -113.55505160
2.60000000     6.75000000     9.09505314  -113.58025201     1.00000000  -113.31420040  -113.49312220  -113.32960600  -113.55478790
2.60000000     7.00000000     9.34255451  -113.58005674     1.00000000  -113.31418460  -113.49290930  -113.32961380  -113.55458980
2.60000000     7.25000000     9.59018549  -113.57990215     1.00000000  -113.31416320  -113.49274120  -113.32960950  -113.55443290
2.60000000     7.50000000     9.83793631  -113.57977516     1.00000000  -113.31414000  -113.49260710  -113.32959670  -113.55430490
2.60000000     7.75000000    10.08579812  -113.57966872     1.00000000  -113.31411710  -113.49249860  -113.32957910  -113.55419850
2.60000000     8.00000000    10.33376295  -113.57957929     1.00000000  -113.31409540  -113.49240980  -113.32955950  -113.55410960
2.60000000     8.25000000    10.58182356  -113.57950390     1.00000000  -113.31407500  -113.49233630  -113.32953990  -113.55403500
2.60000000     8.50000000    10.82997335  -113.57944062     1.00000000  -113.31405550  -113.49227450  -113.32952140  -113.55397240
2.60000000     8.75000000    11.07820635  -113.57938751     1.00000000  -113.31403690  -113.49222180  -113.32950460  -113.55391970
2.60000000     9.00000000    11.32651707  -113.57934305     1.00000000  -113.31401910  -113.49217640  -113.32948950  -113.55387530
2.60000000     9.25000000    11.57490051  -113.57930570     1.00000000  -113.31400230  -113.49213720  -113.32947620  -113.55383780
2.60000000     9.50000000    11.82335210  -113.57927433     1.00000000  -113.31398680  -113.49210310  -113.32946440  -113.55380600
2.60000000     9.75000000    12.07186763  -113.57924773     1.00000000  -113.31397260  -113.49207350  -113.32945410  -113.55377890
2.60000000    10.00000000    12.32044321  -113.57922548     1.00000000  -113.31395990  -113.49204790  -113.32944510  -113.55375600


2.70000000     1.50000000     4.06875973  -112.95987149     1.00000000  -112.54922530  -112.72443430  -112.63777920  -112.89094180
2.70000000     1.75000000     4.30539662  -113.47949930     1.00000000  -113.12263120  -113.30345620  -113.17636570  -113.42722750
2.70000000     2.00000000     4.54346502  -113.69796151     1.00000000  -113.37307700  -113.55868890  -113.40706400  -113.65624990
2.70000000     2.25000000     4.78275116  -113.76986058     1.00000000  -113.46254520  -113.65224840  -113.48614830  -113.73453520
2.70000000     2.50000000     5.02308102  -113.77573573     1.00000000  -113.47656830  -113.67024770  -113.49513550  -113.74408730
2.70000000     2.75000000     5.26431166  -113.75661446     1.00000000  -113.46094320  -113.65726270  -113.47721280  -113.72685650
2.70000000     3.00000000     5.50632469  -113.72942947     1.00000000  -113.43827860  -113.63346230  -113.45382010  -113.70079570
2.70000000     3.25000000     5.74902129  -113.70431011     1.00000000  -113.41438410  -113.61019210  -113.42967120  -113.67631050
2.70000000     3.50000000     5.99231843  -113.68181459     1.00000000  -113.39218310  -113.58891360  -113.40736340  -113.65424050
2.70000000     3.75000000     6.23614580  -113.66158653     1.00000000  -113.37224030  -113.56970310  -113.38729130  -113.63436120
2.70000000     4.00000000     6.48044356  -113.64353152     1.00000000  -113.35467150  -113.55265700  -113.36954850  -113.61664430
2.70000000     4.25000000     6.72516045  -113.62781880     1.00000000  -113.33964440  -113.53797760  -113.35433230  -113.60127560
2.70000000     4.50000000     6.97025231  -113.61469946     1.00000000  -113.32740710  -113.52588730  -113.34191900  -113.58850010
2.70000000     4.75000000     7.21568095  -113.60435857     1.00000000  -113.31817790  -113.51651620  -113.33255890  -113.57848790
2.70000000     5.00000000     7.46141313  -113.59683281     1.00000000  -113.31196810  -113.50973890  -113.32631080  -113.57122470
2.70000000     5.25000000     7.70741981  -113.59204469     1.00000000  -113.30840650  -113.50526150  -113.32277360  -113.56655140
2.70000000     5.50000000     7.95367553  -113.58922868     1.00000000  -113.30665220  -113.50262920  -113.32104980  -113.56380560
2.70000000     5.75000000     8.20015785  -113.58760070     1.00000000  -113.30585610  -113.50110880  -113.32028710  -113.56222100
2.70000000     6.00000000     8.44684693  -113.58663859     1.00000000  -113.30550110  -113.50019720  -113.31996780  -113.56128220
2.70000000     6.25000000     8.69372517  -113.58604129     1.00000000  -113.30533550  -113.49961340  -113.31983800  -113.56069500
2.70000000     6.50000000     8.94077691  -113.58564617     1.00000000  -113.30524830  -113.49921080  -113.31978470  -113.56030220
2.70000000     6.75000000     9.18798813  -113.58536775     1.00000000  -113.30519380  -113.49891740  -113.31975990  -113.56002280
2.70000000     7.00000000     9.43534632  -113.58516050     1.00000000  -113.30515440  -113.49869480  -113.31974380  -113.55981350
2.70000000     7.25000000     9.68284021  -113.58499899     1.00000000  -113.30512410  -113.49852260  -113.31972930  -113.55965050
2.70000000     7.50000000     9.93045965  -113.58486940     1.00000000  -113.30510040  -113.49838820  -113.31971450  -113.55952050
2.70000000     7.75000000    10.17819548  -113.58476340     1.00000000  -113.30508180  -113.49828240  -113.31969950  -113.55941510
2.70000000     8.00000000    10.42603939  -113.58467630     1.00000000  -113.30506690  -113.49819840  -113.31968520  -113.55932920
2.70000000     8.25000000    10.67398387  -113.58460453     1.00000000  -113.30505420  -113.49813080  -113.31967240  -113.55925890
2.70000000     8.50000000    10.92202207  -113.58454569     1.00000000  -113.30504280  -113.49807530  -113.31966130  -113.55920130
2.70000000     8.75000000    11.17014773  -113.58449612     1.00000000  -113.30503200  -113.49802900  -113.31965190  -113.55915310
2.70000000     9.00000000    11.41835516  -113.58445652     1.00000000  -113.30502160  -113.49798980  -113.31964390  -113.55911400
2.70000000     9.25000000    11.66663914  -113.58442377     1.00000000  -113.30501170  -113.49795620  -113.31963710  -113.55908140
2.70000000     9.50000000    11.91499489  -113.58439656     1.00000000  -113.30500240  -113.49792730  -113.31963130  -113.55905410
2.70000000     9.75000000    12.16341800  -113.58437443     1.00000000  -113.30499390  -113.49790160  -113.31962620  -113.55903120
2.70000000    10.00000000    12.41190444  -113.58435572     1.00000000  -113.30498640  -113.49788020  -113.31962190  -113.55901200


2.80000000     1.50000000     4.16708692  -112.95908338     1.00000000  -112.54997320  -112.72488600  -112.63845580  -112.89064240
2.80000000     1.75000000     4.40335656  -113.47739488     1.00000000  -113.12238460  -113.30289710  -113.17575250  -113.42565950
2.80000000     2.00000000     4.64106502  -113.69430229     1.00000000  -113.37143880  -113.55674630  -113.40492700  -113.65315780
2.80000000     2.25000000     4.88000206  -113.76431020     1.00000000  -113.45906160  -113.64845150  -113.48212750  -113.72955110
2.80000000     2.50000000     5.11999567  -113.76783945     1.00000000  -113.47089940  -113.66405390  -113.48894160  -113.73673490
2.80000000     2.75000000     5.36090396  -113.74578630     1.00000000  -113.45183500  -113.64824500  -113.46757670  -113.71660830
2.80000000     3.00000000     5.60260893  -113.71675281     1.00000000  -113.42626730  -113.62256360  -113.44126230  -113.68868160
2.80000000     3.25000000     5.84501175  -113.69226285     1.00000000  -113.40183070  -113.59985420  -113.41654840  -113.66479580
2.80000000     3.50000000     6.08802907  -113.67056488     1.00000000  -113.37988380  -113.57928820  -113.39447870  -113.64348910
2.80000000     3.75000000     6.33159012  -113.65067904     1.00000000  -113.36037070  -113.56038660  -113.37483380  -113.62393890
2.80000000     4.00000000     6.57563450  -113.63280473     1.00000000  -113.34323850  -113.54354530  -113.35752460  -113.60641030
2.80000000     4.25000000     6.82011031  -113.61726159     1.00000000  -113.32864290  -113.52908510  -113.34273610  -113.59122780
2.80000000     4.50000000     7.06497277  -113.60430885     1.00000000  -113.31684990  -113.51722410  -113.33076580  -113.57864050
2.80000000     4.75000000     7.31018302  -113.59405214     1.00000000  -113.30808630  -113.50801930  -113.32187930  -113.56874230
2.80000000     5.00000000     7.55570720  -113.58643293     1.00000000  -113.30234010  -113.50124210  -113.31611910  -113.56142190
2.80000000     5.25000000     7.80151568  -113.58158233     1.00000000  -113.29916860  -113.49670660  -113.31298300  -113.55668890
2.80000000     5.50000000     8.04758240  -113.57876102     1.00000000  -113.29764950  -113.49408170  -113.31149060  -113.55394150
2.80000000     5.75000000     8.29388437  -113.57714199     1.00000000  -113.29696270  -113.49258060  -113.31083270  -113.55236870
2.80000000     6.00000000     8.54040125  -113.57618410     1.00000000  -113.29665130  -113.49167940  -113.31055420  -113.55143580
2.80000000     6.25000000     8.78711495  -113.57558471     1.00000000  -113.29650000  -113.49109840  -113.31043750  -113.55084800
2.80000000     6.50000000     9.03400934  -113.57518545     1.00000000  -113.29641520  -113.49069510  -113.31038630  -113.55045220
2.80000000     6.75000000     9.28107000  -113.57490279     1.00000000  -113.29635870  -113.49039830  -113.31035930  -113.55016880
2.80000000     7.00000000     9.52828399  -113.57469103     1.00000000  -113.29631630  -113.49017300  -113.31034010  -113.54995560
2.80000000     7.25000000     9.77563969  -113.57452581     1.00000000  -113.29628290  -113.48999860  -113.31032240  -113.54978940
2.80000000     7.50000000    10.02312661  -113.57439301     1.00000000  -113.29625640  -113.48986220  -113.31030470  -113.54965660
2.80000000     7.75000000    10.27073525  -113.57428449     1.00000000  -113.29623550  -113.48975480  -113.31028740  -113.54954900
2.80000000     8.00000000    10.51845702  -113.57419533     1.00000000  -113.29621870  -113.48966950  -113.31027120  -113.54946130
2.80000000     8.25000000    10.76628412  -113.57412213     1.00000000  -113.29620440  -113.48960080  -113.31025690  -113.54938970
2.80000000     8.50000000    11.01420942  -113.57406202     1.00000000  -113.29619160  -113.48954440  -113.31024470  -113.54933100
2.80000000     8.75000000    11.26222646  -113.57401287     1.00000000  -113.29617970  -113.48949730  -113.31023430  -113.54928280
2.80000000     9.00000000    11.51032929  -113.57397133     1.00000000  -113.29616830  -113.48945730  -113.31022560  -113.54924220
2.80000000     9.25000000    11.75851249  -113.57393796     1.00000000  -113.29615760  -113.48942310  -113.31021810  -113.54920900
2.80000000     9.50000000    12.00677107  -113.57391036     1.00000000  -113.29614760  -113.48939370  -113.31021180  -113.54918130
2.80000000     9.75000000    12.25510045  -113.57388803     1.00000000  -113.29613860  -113.48936750  -113.31020630  -113.54915810
2.80000000    10.00000000    12.50349642  -113.57386890     1.00000000  -113.29613050  -113.48934570  -113.31020150  -113.54913850


2.90000000     1.50000000     4.26549188  -112.95589132     1.00000000  -112.54797310  -112.72260790  -112.63655900  -112.88784260
2.90000000     1.75000000     4.50140621  -113.47307760     1.00000000  -113.11956530  -113.29978780  -113.17273820  -113.42177850
2.90000000     2.00000000     4.73876510  -113.68871031     1.00000000  -113.36750020  -113.55252590  -113.40066450  -113.64803160
2.90000000     2.25000000     4.97736190  -113.75718314     1.00000000  -113.45362050  -113.64273500  -113.47632550  -113.72289090
2.90000000     2.50000000     5.21702677  -113.75886181     1.00000000  -113.46363180  -113.65645070  -113.48131820  -113.72820670
2.90000000     2.75000000     5.45761900  -113.73419485     1.00000000  -113.44230380  -113.63812350  -113.45775360  -113.70550850
2.90000000     3.00000000     5.69902115  -113.70352065     1.00000000  -113.41326660  -113.61073620  -113.42789120  -113.67590270


3.00000000     1.50000000     4.36396937  -112.95096160     1.00000000  -112.54400980  -112.71838460  -112.63278820  -112.88323890
3.00000000     1.75000000     4.59953984  -113.46717747     1.00000000  -113.11490740  -113.29486280  -113.16798930  -113.41624270
3.00000000     2.00000000     4.83655919  -113.68177353     1.00000000  -113.36193880  -113.54670740  -113.39489580  -113.64148410
3.00000000     2.25000000     5.07482443  -113.74903462     1.00000000  -113.44686180  -113.63573610  -113.46932810  -113.71513160
3.00000000     2.50000000     5.31416796  -113.74930629     1.00000000  -113.45540690  -113.64801100  -113.47286030  -113.71902450
3.00000000     2.75000000     5.55445039  -113.72321759     1.00000000  -113.43244670  -113.62819660  -113.44768890  -113.69488200
3.00000000     3.00000000     5.79555496  -113.70115054     1.00000000  -113.40160220  -113.60769720  -113.41549730  -113.67317480
3.00000000     3.25000000     6.03738316  -113.67468704     1.00000000  -113.37713310  -113.58353120  -113.39062150  -113.64748420
3.00000000     3.50000000     6.27985139  -113.64702035     1.00000000  -113.35439270  -113.56012880  -113.36798650  -113.62137320
3.00000000     3.75000000     6.52288829  -113.62601797     1.00000000  -113.33474990  -113.53891500  -113.34832680  -113.60029240
3.00000000     4.00000000     6.76643257  -113.60774550     1.00000000  -113.31782600  -113.52153620  -113.33126550  -113.58232000
3.00000000     4.25000000     7.01043136  -113.59220937     1.00000000  -113.30361830  -113.50707280  -113.31687460  -113.56714070
3.00000000     4.50000000     7.25483879  -113.57939442     1.00000000  -113.29229310  -113.49540780  -113.30537210  -113.55471030
3.00000000     4.75000000     7.49961492  -113.56916029     1.00000000  -113.28395720  -113.48628670  -113.29692120  -113.54485580
3.00000000     5.00000000     7.74472479  -113.56107573     1.00000000  -113.27846170  -113.47928980  -113.29147650  -113.53716480
3.00000000     5.25000000     7.99013768  -113.55605436     1.00000000  -113.27544750  -113.47410730  -113.28859650  -113.53210560
3.00000000     5.50000000     8.23582651  -113.55321956     1.00000000  -113.27404950  -113.47135200  -113.28725020  -113.52930640
3.00000000     5.75000000     8.48176729  -113.55159779     1.00000000  -113.27341210  -113.46982510  -113.28664880  -113.52772340
3.00000000     6.00000000     8.72793873  -113.55063159     1.00000000  -113.27311090  -113.46891020  -113.28638340  -113.52678050
3.00000000     6.25000000     8.97432185  -113.55002086     1.00000000  -113.27295410  -113.46831680  -113.28626290  -113.52618110
3.00000000     6.50000000     9.22089967  -113.54961005     1.00000000  -113.27285920  -113.46790280  -113.28620250  -113.52577410
3.00000000     6.75000000     9.46765699  -113.54931684     1.00000000  -113.27279260  -113.46759730  -113.28616570  -113.52548080
3.00000000     7.00000000     9.71458012  -113.54909589     1.00000000  -113.27274130  -113.46736510  -113.28613770  -113.52525920
3.00000000     7.25000000     9.96165674  -113.54892317     1.00000000  -113.27270060  -113.46718530  -113.28611260  -113.52508620
3.00000000     7.50000000    10.20887571  -113.54878412     1.00000000  -113.27266840  -113.46704460  -113.28608900  -113.52494780
3.00000000     7.75000000    10.45622691  -113.54867081     1.00000000  -113.27264290  -113.46693390  -113.28606690  -113.52483590
3.00000000     8.00000000    10.70370120  -113.54857797     1.00000000  -113.27262220  -113.46684590  -113.28604710  -113.52474490
3.00000000     8.25000000    10.95129022  -113.54850187     1.00000000  -113.27260480  -113.46677480  -113.28602990  -113.52467060
3.00000000     8.50000000    11.19898636  -113.54843974     1.00000000  -113.27258940  -113.46671640  -113.28601530  -113.52460990


3.10000000     1.50000000     4.46251457  -112.94480497     1.00000000  -112.53868370  -112.71281290  -112.62768000  -112.87736370
3.10000000     1.75000000     4.69775219  -113.46017555     1.00000000  -113.10897190  -113.28867960  -113.16201750  -113.40955380
3.10000000     2.00000000     4.93444171  -113.67393337     1.00000000  -113.35526680  -113.53980000  -113.38809020  -113.63397510
3.10000000     2.25000000     5.17238382  -113.74026072     1.00000000  -113.43925000  -113.62791570  -113.46155940  -113.70668690
3.10000000     2.50000000     5.41141329  -113.73951922     1.00000000  -113.44666720  -113.63914090  -113.46397240  -113.70955070
3.10000000     2.75000000     5.65139214  -113.71282732     1.00000000  -113.42258210  -113.61863980  -113.43768550  -113.68477370
3.10000000     3.00000000     5.89220438  -113.69041038     1.00000000  -113.39180680  -113.59798180  -113.40549080  -113.66277510
3.10000000     3.25000000     6.13375186  -113.66261730     1.00000000  -113.36597730  -113.57240870  -113.37926160  -113.63572660
3.10000000     3.50000000     6.37595101  -113.63743232     1.00000000  -113.34216100  -113.54893000  -113.35527710  -113.61113320
3.10000000     3.75000000     6.61873029  -113.61318096     1.00000000  -113.32171860  -113.52841140  -113.33485920  -113.58822640
3.10000000     4.00000000     6.86202813  -113.59448635     1.00000000  -113.30458000  -113.51028700  -113.31766620  -113.56972740
3.10000000     4.25000000     7.10579126  -113.57897179     1.00000000  -113.29041790  -113.49559440  -113.30333680  -113.55448140
3.10000000     4.50000000     7.34997339  -113.56639846     1.00000000  -113.27922170  -113.48380670  -113.29196330  -113.54216190
3.10000000     4.75000000     7.59453410  -113.55631288     1.00000000  -113.27097380  -113.47465880  -113.28359820  -113.53239250
3.10000000     5.00000000     7.83943796  -113.54781451     1.00000000  -113.26542490  -113.46772240  -113.27808770  -113.52445270
3.10000000     5.25000000     8.08465379  -113.54229509     1.00000000  -113.26222240  -113.46163430  -113.27517610  -113.51877370
3.10000000     5.50000000     8.33015404  -113.53944328     1.00000000  -113.26080480  -113.45862740  -113.27383880  -113.51587850
3.10000000     5.75000000     8.57591427  -113.53780344     1.00000000  -113.26016000  -113.45704930  -113.27323700  -113.51426660
3.10000000     6.00000000     8.82191278  -113.53682536     1.00000000  -113.25985010  -113.45611340  -113.27296560  -113.51330890
3.10000000     6.25000000     9.06813015  -113.53620447     1.00000000  -113.25968470  -113.45550740  -113.27283770  -113.51269860
3.10000000     6.50000000     9.31454904  -113.53578640     1.00000000  -113.25958230  -113.45508590  -113.27277040  -113.51228430
3.10000000     6.75000000     9.56115386  -113.53548693     1.00000000  -113.25950970  -113.45477510  -113.27272790  -113.51198510
3.10000000     7.00000000     9.80793059  -113.53526194     1.00000000  -113.25945380  -113.45453820  -113.27269520  -113.51175920
3.10000000     7.25000000    10.05486658  -113.53508548     1.00000000  -113.25940950  -113.45435540  -113.27266640  -113.51158270
3.10000000     7.50000000    10.30195036  -113.53494352     1.00000000  -113.25937450  -113.45421250  -113.27263980  -113.51144160
3.10000000     7.75000000    10.54917156  -113.53482788     1.00000000  -113.25934670  -113.45410010  -113.27261550  -113.51132760
3.10000000     8.00000000    10.79652074  -113.53473334     1.00000000  -113.25932430  -113.45401070  -113.27259400  -113.51123500
3.10000000     8.25000000    11.04398929  -113.53465603     1.00000000  -113.25930540  -113.45393840  -113.27257540  -113.51115950
3.10000000     8.50000000    11.29156937  -113.53459291     1.00000000  -113.25928870  -113.45387890  -113.27255970  -113.51109780
3.10000000     8.75000000    11.53925380  -113.53454141     1.00000000  -113.25927350  -113.45382910  -113.27254660  -113.51104720
3.10000000     9.00000000    11.78703599  -113.53449912     1.00000000  -113.25925940  -113.45378690  -113.27253570  -113.51100540
3.10000000     9.25000000    12.03490993  -113.53446317     1.00000000  -113.25924630  -113.45375070  -113.27252640  -113.51096990
3.10000000     9.50000000    12.28287003  -113.53443450     1.00000000  -113.25923440  -113.45371950  -113.27251850  -113.51094090
3.10000000     9.75000000    12.53091121  -113.53441057     1.00000000  -113.25922370  -113.45369270  -113.27251160  -113.51091650
3.10000000    10.00000000    12.77902872  -113.53439076     1.00000000  -113.25921430  -113.45366950  -113.27250580  -113.51089600


3.20000000     1.50000000     4.56112309  -112.93781203     1.00000000  -112.53244900  -112.70634360  -112.62164680  -112.87062340
3.20000000     1.75000000     4.79603842  -113.45244089     1.00000000  -113.10218510  -113.28165880  -113.15521640  -113.40209490
3.20000000     2.00000000     5.03240749  -113.66552182     1.00000000  -113.34787110  -113.53218530  -113.38060400  -113.62585020
3.20000000     2.25000000     5.27003471  -113.73114517     1.00000000  -113.43112400  -113.61960550  -113.45332800  -113.69785350
3.20000000     2.50000000     5.50875725  -113.72972529     1.00000000  -113.43770950  -113.63011210  -113.45492060  -113.70002250
3.20000000     2.75000000     5.74843867  -113.70300637     1.00000000  -113.41293750  -113.60949650  -113.42795180  -113.67518540
3.20000000     3.00000000     5.98896383  -113.67983681     1.00000000  -113.38197890  -113.58828570  -113.39552050  -113.65249860
3.20000000     3.25000000     6.23023502  -113.65082761     1.00000000  -113.35485120  -113.56144640  -113.36799370  -113.62421480
3.20000000     3.50000000     6.47216881  -113.62474439     1.00000000  -113.33002010  -113.53699830  -113.34299930  -113.59869730
3.20000000     3.75000000     6.71469357  -113.60263710     1.00000000  -113.30893130  -113.51615720  -113.32177060  -113.57702470
3.20000000     4.00000000     6.95774750  -113.58279126     1.00000000  -113.29148060  -113.49838710  -113.30422690  -113.55790910
3.20000000     4.25000000     7.20127704  -113.56683480     1.00000000  -113.27728270  -113.48362340  -113.28989880  -113.54235930
3.20000000     4.50000000     7.44523550  -113.55410519     1.00000000  -113.26616480  -113.47182440  -113.27863360  -113.52993960


3.30000000     1.50000000     4.65979093  -112.93028454     1.00000000  -112.52564460  -112.69931030  -112.61500600  -112.86332830
3.30000000     1.75000000     4.89439408  -113.44425550     1.00000000  -113.09486820  -113.27411590  -113.14788770  -113.39415750
3.30000000     2.00000000     5.13045177  -113.65678734     1.00000000  -113.34004320  -113.52414830  -113.37270790  -113.61736820
3.30000000     2.25000000     5.36777209  -113.72188969     1.00000000  -113.42273150  -113.61104620  -113.44485960  -113.68884410
3.30000000     2.50000000     5.60619471  -113.72006238     1.00000000  -113.42873040  -113.62110340  -113.44587810  -113.69058920
3.30000000     2.75000000     5.84558475  -113.69368220     1.00000000  -113.40362640  -113.60073120  -113.41858230  -113.66605520


3.40000000     1.50000000     4.75851438  -112.92245501     1.00000000  -112.51852040  -112.69195850  -112.60800170  -112.85571510
3.40000000     1.75000000     4.99281507  -113.43583443     1.00000000  -113.08726110  -113.26628520  -113.14026250  -113.38596260
3.40000000     2.00000000     5.22857012  -113.64791540     1.00000000  -113.33200120  -113.51590140  -113.36460700  -113.60872260
3.40000000     2.25000000     5.46559134  -113.71263619     1.00000000  -113.41425370  -113.60241350  -113.43631990  -113.67981070
3.40000000     2.50000000     5.70372088  -113.71061365     1.00000000  -113.41985980  -113.61223210  -113.43695810  -113.68134390
3.40000000     2.75000000     5.94282551  -113.68477348     1.00000000  -113.39469080  -113.59229880  -113.40960260  -113.65731250
3.40000000     3.00000000     6.18279211  -113.65638921     1.00000000  -113.36311800  -113.56978410  -113.37661320  -113.63083010
3.40000000     3.25000000     6.42352407  -113.62870071     1.00000000  -113.33374220  -113.54070090  -113.34672130  -113.60256210
3.40000000     3.50000000     6.66493846  -113.60083205     1.00000000  -113.30687500  -113.51442550  -113.31967960  -113.57524080
3.40000000     3.75000000     6.90696372  -113.57739383     1.00000000  -113.28440040  -113.49234850  -113.29707170  -113.55227110
3.40000000     4.00000000     7.14953782  -113.55798455     1.00000000  -113.26625600  -113.47417380  -113.27878030  -113.53328170
3.40000000     4.25000000     7.39260672  -113.54196982     1.00000000  -113.25187590  -113.45937760  -113.26425080  -113.51767970
3.40000000     4.50000000     7.63612319  -113.52917681     1.00000000  -113.24084310  -113.44768920  -113.25307550  -113.50525890
3.40000000     4.75000000     7.88004572  -113.51936779     1.00000000  -113.23281630  -113.43881780  -113.24492660  -113.49576500


3.50000000     1.50000000     4.85729006  -112.91450068     1.00000000  -112.51125910  -112.68446750  -112.60082050  -112.84796280
3.50000000     1.75000000     5.09129759  -113.42734027     1.00000000  -113.07954180  -113.25834050  -113.13251600  -113.37767670
3.50000000     2.00000000     5.32675846  -113.63904380     1.00000000  -113.32390730  -113.50760190  -113.35645570  -113.60005730
3.50000000     2.25000000     5.56348812  -113.70348872     1.00000000  -113.40582290  -113.59383190  -113.42783140  -113.67086340
3.50000000     2.50000000     5.80133128  -113.70143088     1.00000000  -113.41118480  -113.60357410  -113.42823640  -113.67234550
3.50000000     2.75000000     6.04015637  -113.67622379     1.00000000  -113.38613910  -113.58417390  -113.40100950  -113.64891040
3.50000000     3.00000000     6.27985139  -113.64708434     1.00000000  -113.35439280  -113.55989120  -113.36798650  -113.62132890
3.50000000     3.25000000     6.52032039  -113.61856708     1.00000000  -113.32404700  -113.53118030  -113.33697220  -113.59264130
3.50000000     3.50000000     6.76148078  -113.58989178     1.00000000  -113.29624650  -113.50409450  -113.30899070  -113.56451030
3.50000000     3.75000000     7.00326116  -113.56578960     1.00000000  -113.27302290  -113.48135890  -113.28563020  -113.54087740
3.50000000     4.00000000     7.24559944  -113.54597631     1.00000000  -113.25444570  -113.46280420  -113.26690530  -113.52149190
3.50000000     4.25000000     7.48844148  -113.52985914     1.00000000  -113.23990370  -113.44788530  -113.25220990  -113.50577910
3.50000000     4.50000000     7.73173979  -113.51709199     1.00000000  -113.22887120  -113.43619810  -113.24102980  -113.49337420
3.50000000     4.75000000     7.97545263  -113.50739433     1.00000000  -113.22092260  -113.42739650  -113.23295030  -113.48397530
3.50000000     5.00000000     8.21954312  -113.50045136     1.00000000  -113.21554950  -113.42108210  -113.22747070  -113.47723950
3.50000000     5.25000000     8.46397859  -113.49583527     1.00000000  -113.21217640  -113.41674800  -113.22402470  -113.47271270
3.50000000     5.50000000     8.70872999  -113.49252503     1.00000000  -113.21034430  -113.41366380  -113.22223840  -113.46948880
3.50000000     5.75000000     8.95377141  -113.49079933     1.00000000  -113.20958050  -113.41173520  -113.22157710  -113.46770600
3.50000000     6.00000000     9.19907968  -113.48985654     1.00000000  -113.20917800  -113.41070950  -113.22122090  -113.46674050
3.50000000     6.25000000     9.44463400  -113.48921670     1.00000000  -113.20890350  -113.41002750  -113.22098040  -113.46609060
3.50000000     6.50000000     9.69041567  -113.48875099     1.00000000  -113.20869470  -113.40952780  -113.22079920  -113.46561680
3.50000000     6.75000000     9.93640782  -113.48839706     1.00000000  -113.20852830  -113.40914630  -113.22065440  -113.46525620
3.50000000     7.00000000    10.18259519  -113.48811989     1.00000000  -113.20839310  -113.40884800  -113.22053490  -113.46497380
3.50000000     7.25000000    10.42896396  -113.48789902     1.00000000  -113.20828250  -113.40861150  -113.22043480  -113.46474890
3.50000000     7.50000000    10.67550157  -113.48771984     1.00000000  -113.20819170  -113.40842370  -113.22035050  -113.46456760
3.50000000     7.75000000    10.92219658  -113.48757400     1.00000000  -113.20811670  -113.40827270  -113.22027950  -113.46442050
3.50000000     8.00000000    11.16903857  -113.48745361     1.00000000  -113.20805420  -113.40815030  -113.22021980  -113.46429980
3.50000000     8.25000000    11.41601800  -113.48735584     1.00000000  -113.20800170  -113.40805010  -113.22016960  -113.46420150
3.50000000     8.50000000    11.66312615  -113.48727555     1.00000000  -113.20795710  -113.40796720  -113.22012720  -113.46412060
3.50000000     8.75000000    11.91035499  -113.48720888     1.00000000  -113.20791900  -113.40789810  -113.22009140  -113.46405340
3.50000000     9.00000000    12.15769717  -113.48715339     1.00000000  -113.20788630  -113.40784000  -113.22006090  -113.46399730
3.50000000     9.25000000    12.40514590  -113.48710687     1.00000000  -113.20785820  -113.40779080  -113.22003470  -113.46395010
3.50000000     9.50000000    12.65269494  -113.48706765     1.00000000  -113.20783410  -113.40774880  -113.22001200  -113.46391010
3.50000000     9.75000000    12.90033852  -113.48703445     1.00000000  -113.20781340  -113.40771290  -113.21999240  -113.46387610
3.50000000    10.00000000    13.14807128  -113.48700623     1.00000000  -113.20779560  -113.40768190  -113.21997530  -113.46384700
