1.80000000     1.50000000     3.25028309  -112.59323673     1.00000000  -112.12198800  -112.29475210  -112.24374490  -112.50555140
1.80000000     1.75000000     3.49607830  -113.13425488     1.00000000  -112.71533250  -112.89344050  -112.80306840  -113.06294160
1.80000000     2.00000000     3.74243061  -113.37489515     1.00000000  -112.98837210  -113.17274290  -113.05598020  -113.31502820
1.80000000     2.25000000     3.98923680  -113.50689654     1.00000000  -113.14108980  -113.32346010  -113.19699000  -113.45212650
1.80000000     2.50000000     4.23641754  -113.54527865     1.00000000  -113.19111260  -113.37287810  -113.24185630  -113.49385540
1.80000000     2.75000000     4.48391090  -113.54809446     1.00000000  -113.20043580  -113.38139770  -113.24921120  -113.49852880
1.80000000     3.00000000     4.73166781  -113.53460880     1.00000000  -113.19080620  -113.37110360  -113.23896740  -113.48617100
1.80000000     3.25000000     4.97964895  -113.51439245     1.00000000  -113.17323130  -113.35301900  -113.22118990  -113.46674380
1.80000000     3.50000000     5.22782240  -113.49226647     1.00000000  -113.15318000  -113.33250760  -113.20100800  -113.44521750
1.80000000     3.75000000     5.47616201  -113.47060778     1.00000000  -113.13328610  -113.31212180  -113.18100050  -113.42402820
1.80000000     4.00000000     5.72464617  -113.45054241     1.00000000  -113.11480720  -113.29308580  -113.16244000  -113.40434340
1.80000000     4.25000000     5.97325683  -113.43261490     1.00000000  -113.09840950  -113.27605170  -113.14598510  -113.38674800
1.80000000     4.50000000     6.22197882  -113.41711083     1.00000000  -113.08450810  -113.26141620  -113.13200990  -113.37156290
1.80000000     4.75000000     6.47079932  -113.40418485     1.00000000  -113.07334070  -113.24939420  -113.12071180  -113.35895860
1.80000000     5.00000000     6.71970737  -113.39388791     1.00000000  -113.06496200  -113.24002980  -113.11212910  -113.34898060
1.80000000     5.25000000     6.96869360  -113.38616373     1.00000000  -113.05925220  -113.23320820  -113.10614030  -113.34155020
1.80000000     5.50000000     7.21774992  -113.38080789     1.00000000  -113.05592540  -113.22866360  -113.10248740  -113.33644480
1.80000000     5.75000000     7.46686931  -113.37749133     1.00000000  -113.05441540  -113.22599100  -113.10072340  -113.33332780
1.80000000     6.00000000     7.71604566  -113.37575567     1.00000000  -113.05391350  -113.22462210  -113.10011610  -113.33171270
1.80000000     6.25000000     7.96527363  -113.37494039     1.00000000  -113.05381430  -113.22395500  -113.09999970  -113.33095060
1.80000000     6.50000000     8.21454852  -113.37454721     1.00000000  -113.05383970  -113.22360720  -113.10003850  -113.33057700
1.80000000     6.75000000     8.46386618  -113.37433554     1.00000000  -113.05388830  -113.22339890  -113.10010800  -113.33037030
1.80000000     7.00000000     8.71322294  -113.37420416     1.00000000  -113.05392890  -113.22325450  -113.10016910  -113.33023760
1.80000000     7.25000000     8.96261554  -113.37411032     1.00000000  -113.05395540  -113.22314300  -113.10021280  -113.33014010
1.80000000     7.50000000     9.21204107  -113.37403579     1.00000000  -113.05396970  -113.22305160  -113.10023970  -113.33006140
1.80000000     7.75000000     9.46149693  -113.37397207     1.00000000  -113.05397520  -113.22297450  -113.10025310  -113.32999400
1.80000000     8.00000000     9.71098077  -113.37391495     1.00000000  -113.05397460  -113.22290850  -113.10025640  -113.32993420
1.80000000     8.25000000     9.96049049  -113.37386268     1.00000000  -113.05396990  -113.22285130  -113.10025250  -113.32988020
1.80000000     8.50000000    10.21002420  -113.37381437     1.00000000  -113.05396260  -113.22280150  -113.10024390  -113.32983110
1.80000000     8.75000000    10.45958018  -113.37376872     1.00000000  -113.05395350  -113.22275780  -113.10023260  -113.32978580
1.80000000     9.00000000    10.70915687  -113.37372810     1.00000000  -113.05394350  -113.22271950  -113.10022000  -113.32974560
1.80000000     9.25000000    10.95875286  -113.37369171     1.00000000  -113.05393330  -113.22268600  -113.10020750  -113.32970990
1.80000000     9.50000000    11.20836686  -113.37365987     1.00000000  -113.05392340  -113.22265690  -113.10019590  -113.32967880
1.80000000     9.75000000    11.45799769  -113.37363279     1.00000000  -113.05391410  -113.22263160  -113.10018550  -113.32965220
1.80000000    10.00000000    11.70764427  -113.37361027     1.00000000  -113.05390570  -113.22260980  -113.10017680  -113.32962990


1.90000000     1.50000000     3.34906673  -112.70989753     1.00000000  -112.25223160  -112.42668910  -112.36481260  -112.62652600
1.90000000     1.75000000     3.59464267  -113.24761473     1.00000000  -112.84164760  -113.02204980  -112.92047930  -113.18062420
1.90000000     2.00000000     3.84078949  -113.48572707     1.00000000  -113.11115120  -113.29746880  -113.17024940  -113.42968170
1.90000000     2.25000000     4.08740405  -113.60418959     1.00000000  -113.25156180  -113.43583850  -113.29932750  -113.55377780
1.90000000     2.50000000     4.33440652  -113.63986780     1.00000000  -113.29894770  -113.48266730  -113.34148230  -113.59281570
1.90000000     2.75000000     4.58173416  -113.64079163     1.00000000  -113.30655560  -113.48948030  -113.34698610  -113.59563050
1.90000000     3.00000000     4.82933700  -113.62612894     1.00000000  -113.29591220  -113.47816300  -113.33560630  -113.58212240
1.90000000     3.25000000     5.07717479  -113.60523611     1.00000000  -113.27773880  -113.45947000  -113.31716100  -113.56202440
1.90000000     3.50000000     5.32521472  -113.58272891     1.00000000  -113.25732630  -113.43859390  -113.29658630  -113.54011150
1.90000000     3.75000000     5.57342981  -113.56083325     1.00000000  -113.23721680  -113.41799560  -113.27633460  -113.51868480
1.90000000     4.00000000     5.82179765  -113.54059405     1.00000000  -113.21861540  -113.39884380  -113.25760870  -113.49883680
1.90000000     4.25000000     6.07029948  -113.52252464     1.00000000  -113.20215880  -113.38175540  -113.24103920  -113.48111950
1.90000000     4.50000000     6.31891951  -113.50691575     1.00000000  -113.18825730  -113.36711170  -113.22700440  -113.46585250
1.90000000     4.75000000     6.56764431  -113.49394955     1.00000000  -113.17718220  -113.35514600  -113.21574250  -113.45323160
1.90000000     5.00000000     6.81646241  -113.48374073     1.00000000  -113.16906470  -113.34595180  -113.20737150  -113.44336130
1.90000000     5.25000000     7.06536395  -113.47629784     1.00000000  -113.16386370  -113.33945740  -113.20186820  -113.43622320
1.90000000     5.50000000     7.31434042  -113.47145340     1.00000000  -113.16119770  -113.33537960  -113.19894100  -113.43162200
1.90000000     5.75000000     7.56338441  -113.46878329     1.00000000  -113.16018120  -113.33317190  -113.19779830  -113.42910390
1.90000000     6.00000000     7.81248947  -113.46750026     1.00000000  -113.15990990  -113.33208780  -113.19750110  -113.42789110
1.90000000     6.25000000     8.06164994  -113.46688621     1.00000000  -113.15989520  -113.33154350  -113.19749970  -113.42730550
1.90000000     6.50000000     8.31086083  -113.46656554     1.00000000  -113.15994550  -113.33123760  -113.19757410  -113.42699450
1.90000000     6.75000000     8.56011774  -113.46637493     1.00000000  -113.15999680  -113.33103850  -113.19765050  -113.42680500
1.90000000     7.00000000     8.80941676  -113.46624520     1.00000000  -113.16003250  -113.33089140  -113.19770870  -113.42667260
1.90000000     7.25000000     9.05875442  -113.46614667     1.00000000  -113.16005250  -113.33077380  -113.19774670  -113.42657000
1.90000000     7.50000000     9.30812761  -113.46606541     1.00000000  -113.16006080  -113.33067630  -113.19776760  -113.42648480
1.90000000     7.75000000     9.55753356  -113.46599500     1.00000000  -113.16006130  -113.33059400  -113.19777550  -113.42641120
1.90000000     8.00000000     9.80696975  -113.46593232     1.00000000  -113.16005700  -113.33052400  -113.19777430  -113.42634630
1.90000000     8.25000000    10.05643394  -113.46587549     1.00000000  -113.16004960  -113.33046390  -113.19776720  -113.42628830
1.90000000     8.50000000    10.30592410  -113.46582398     1.00000000  -113.16004020  -113.33041200  -113.19775640  -113.42623640
1.90000000     8.75000000    10.55543839  -113.46577745     1.00000000  -113.16002970  -113.33036700  -113.19774390  -113.42619010
1.90000000     9.00000000    10.80497513  -113.46573597     1.00000000  -113.16001870  -113.33032770  -113.19773090  -113.42614910
1.90000000     9.25000000    11.05453281  -113.46569927     1.00000000  -113.16000770  -113.33029360  -113.19771830  -113.42611310
1.90000000     9.50000000    11.30411003  -113.46566752     1.00000000  -113.15999720  -113.33026400  -113.19770690  -113.42608200
1.90000000     9.75000000    11.55370554  -113.46564069     1.00000000  -113.15998730  -113.33023840  -113.19769680  -113.42605560
1.90000000    10.00000000    11.80331816  -113.46561832     1.00000000  -113.15997840  -113.33021630  -113.19768830  -113.42603340


2.00000000     1.50000000     3.44792049  -112.79527653     1.00000000  -112.34859410  -112.52446140  -112.45386590  -112.71542870
2.00000000     1.75000000     3.69328422  -113.32963639     1.00000000  -112.93414380  -113.11648450  -113.00589470  -113.26619160
2.00000000     2.00000000     3.93923101  -113.56480186     1.00000000  -113.20255980  -113.38845340  -113.25508960  -113.51217170
2.00000000     2.25000000     4.18565808  -113.67126341     1.00000000  -113.32925910  -113.51533110  -113.37059980  -113.62447800
2.00000000     2.50000000     4.43248533  -113.70413687     1.00000000  -113.37385320  -113.55938390  -113.40992960  -113.66070010
2.00000000     2.75000000     4.67964943  -113.70302435     1.00000000  -113.37953050  -113.56427900  -113.41341790  -113.66149680
2.00000000     3.00000000     4.92709970  -113.68709509     1.00000000  -113.36772070  -113.55178970  -113.40079510  -113.64673550
2.00000000     3.25000000     5.17479508  -113.66549759     1.00000000  -113.34888230  -113.53242660  -113.38164570  -113.62593210
2.00000000     3.50000000     5.42270197  -113.64261944     1.00000000  -113.32810030  -113.51118300  -113.36068530  -113.60364140
2.00000000     3.75000000     5.67079265  -113.62051767     1.00000000  -113.30779340  -113.49039730  -113.34021780  -113.58200830
2.00000000     4.00000000     5.91904400  -113.60014699     1.00000000  -113.28909730  -113.47116410  -113.32136640  -113.56203890
2.00000000     4.25000000     6.16743663  -113.58199186     1.00000000  -113.27261720  -113.45405950  -113.30473340  -113.54425200
2.00000000     4.50000000     6.41595411  -113.56634676     1.00000000  -113.25876870  -113.43945800  -113.29071120  -113.52896830
2.00000000     4.75000000     6.66458249  -113.55344161     1.00000000  -113.24787490  -113.42761880  -113.27959780  -113.51642450
2.00000000     5.00000000     6.91330980  -113.54345843     1.00000000  -113.24015870  -113.41868470  -113.27161440  -113.50678780
2.00000000     5.25000000     7.16212573  -113.53645795     1.00000000  -113.23559560  -113.41259980  -113.26678810  -113.50008430
2.00000000     5.50000000     7.41102136  -113.53223258     1.00000000  -113.23353900  -113.40900130  -113.26457000  -113.49606520
2.00000000     5.75000000     7.65998892  -113.53007576     1.00000000  -113.23285500  -113.40715080  -113.26383640  -113.49401400
2.00000000     6.00000000     7.90902161  -113.52904094     1.00000000  -113.23271150  -113.40623620  -113.26369800  -113.49302470
2.00000000     6.25000000     8.15811348  -113.52851589     1.00000000  -113.23273530  -113.40575250  -113.26374520  -113.49251890
2.00000000     6.50000000     8.40725925  -113.52821939     1.00000000  -113.23279110  -113.40546060  -113.26382860  -113.49222870
2.00000000     6.75000000     8.65645428  -113.52802979     1.00000000  -113.23283670  -113.40525820  -113.26390100  -113.49203880
2.00000000     7.00000000     8.90569444  -113.52789374     1.00000000  -113.23286410  -113.40510290  -113.26395190  -113.49189950
2.00000000     7.25000000     9.15497602  -113.52778676     1.00000000  -113.23287620  -113.40497690  -113.26398230  -113.49178850
2.00000000     7.50000000     9.40429575  -113.52769753     1.00000000  -113.23287790  -113.40487220  -113.26399650  -113.49169560
2.00000000     7.75000000     9.65365067  -113.52762016     1.00000000  -113.23287340  -113.40478440  -113.26399890  -113.49161550
2.00000000     8.00000000     9.90303811  -113.52755171     1.00000000  -113.23286530  -113.40471030  -113.26399350  -113.49154540
2.00000000     8.25000000    10.15245569  -113.52749061     1.00000000  -113.23285510  -113.40464730  -113.26398330  -113.49148360
2.00000000     8.50000000    10.40190123  -113.52743619     1.00000000  -113.23284370  -113.40459330  -113.26397050  -113.49142910
2.00000000     8.75000000    10.65137276  -113.52738794     1.00000000  -113.23283170  -113.40454670  -113.26395690  -113.49138120
2.00000000     9.00000000    10.90086851  -113.52734547     1.00000000  -113.23281950  -113.40450640  -113.26394330  -113.49133930
2.00000000     9.25000000    11.15038685  -113.52730839     1.00000000  -113.23280760  -113.40447150  -113.26393060  -113.49130290
2.00000000     9.50000000    11.39992630  -113.52727653     1.00000000  -113.23279620  -113.40444120  -113.26391910  -113.49127160
2.00000000     9.75000000    11.64948549  -113.52724966     1.00000000  -113.23278570  -113.40441510  -113.26390910  -113.49124510
2.00000000    10.00000000    11.89906319  -113.52722725     1.00000000  -113.23277610  -113.40439250  -113.26390060  -113.49122280


2.10000000     1.50000000     3.54683852  -112.85705119     1.00000000  -112.41905060  -112.59603090  -112.51863670  -112.78000380
2.10000000     1.75000000     3.79199694  -113.38810023     1.00000000  -113.00093510  -113.18486400  -113.06717150  -113.32751110
2.10000000     2.00000000     4.03774913  -113.62129509     1.00000000  -113.26725810  -113.45332340  -113.31022130  -113.57007200
2.10000000     2.25000000     4.28399291  -113.71590327     1.00000000  -113.38226260  -113.57015850  -113.41859860  -113.67213140
2.10000000     2.50000000     4.53064813  -113.74588132     1.00000000  -113.42398560  -113.61123650  -113.45505790  -113.70541330
2.10000000     2.75000000     4.77765107  -113.74259448     1.00000000  -113.42754280  -113.61400530  -113.45638020  -113.70403530
2.10000000     3.00000000     5.02495045  -113.72529141     1.00000000  -113.41441310  -113.60019180  -113.44239520  -113.68790360
2.10000000     3.25000000     5.27250455  -113.70294916     1.00000000  -113.39483770  -113.58008880  -113.42249050  -113.66634800
2.10000000     3.50000000     5.52027912  -113.67970097     1.00000000  -113.37367180  -113.55847030  -113.40114050  -113.64367980
2.10000000     3.75000000     5.76824573  -113.65741958     1.00000000  -113.35317980  -113.53751910  -113.38047800  -113.62186700
2.10000000     4.00000000     6.01638064  -113.63695935     1.00000000  -113.33441260  -113.51823710  -113.36153570  -113.60181680
2.10000000     4.25000000     6.26466386  -113.61876809     1.00000000  -113.31794220  -113.50115440  -113.34488720  -113.58400830
2.10000000     4.50000000     6.51307842  -113.60315412     1.00000000  -113.30419870  -113.48663850  -113.33094770  -113.56876950
2.10000000     4.75000000     6.76160985  -113.59039343     1.00000000  -113.29357180  -113.47497850  -113.32009160  -113.55637880
2.10000000     5.00000000     7.01024572  -113.58073032     1.00000000  -113.28636610  -113.46635220  -113.31263920  -113.54705860
2.10000000     5.25000000     7.25897529  -113.57424259     1.00000000  -113.28245840  -113.46068870  -113.30853830  -113.54084360
2.10000000     5.50000000     7.50778926  -113.57056983     1.00000000  -113.28087210  -113.45749900  -113.30686570  -113.53733490
2.10000000     5.75000000     7.75667950  -113.56874305     1.00000000  -113.28039420  -113.45588790  -113.30637440  -113.53558540
2.10000000     6.00000000     8.00563889  -113.56783549     1.00000000  -113.28031750  -113.45506830  -113.30631480  -113.53471300
2.10000000     6.25000000     8.25466119  -113.56734673     1.00000000  -113.28035460  -113.45460970  -113.30637880  -113.53423970
2.10000000     6.50000000     8.50374086  -113.56705313     1.00000000  -113.28040540  -113.45431640  -113.30645860  -113.53395090
2.10000000     6.75000000     8.75287300  -113.56685567     1.00000000  -113.28044110  -113.45410390  -113.30652210  -113.53375240
2.10000000     7.00000000     9.00205327  -113.56670932     1.00000000  -113.28045850  -113.45393790  -113.30656350  -113.53360270
2.10000000     7.25000000     9.25127777  -113.56659271     1.00000000  -113.28046220  -113.45380260  -113.30658570  -113.53348220
2.10000000     7.50000000     9.50054301  -113.56649502     1.00000000  -113.28045730  -113.45369050  -113.30659310  -113.53338120
2.10000000     7.75000000     9.74984589  -113.56641064     1.00000000  -113.28044780  -113.45359720  -113.30659020  -113.53329460
2.10000000     8.00000000     9.99918357  -113.56633691     1.00000000  -113.28043610  -113.45351900  -113.30658080  -113.53321960
2.10000000     8.25000000    10.24855352  -113.56627189     1.00000000  -113.28042320  -113.45345300  -113.30656780  -113.53315420
2.10000000     8.50000000    10.49795345  -113.56621480     1.00000000  -113.28040970  -113.45339690  -113.30655320  -113.53309730
2.10000000     8.75000000    10.74738125  -113.56616480     1.00000000  -113.28039610  -113.45334880  -113.30653840  -113.53304780
2.10000000     9.00000000    10.99683505  -113.56612126     1.00000000  -113.28038260  -113.45330730  -113.30652420  -113.53300490
2.10000000     9.25000000    11.24631310  -113.56608362     1.00000000  -113.28036960  -113.45327140  -113.30651120  -113.53296790
2.10000000     9.50000000    11.49581383  -113.56605167     1.00000000  -113.28035730  -113.45324040  -113.30649950  -113.53293640
2.10000000     9.75000000    11.74533579  -113.56602463     1.00000000  -113.28034600  -113.45321350  -113.30648940  -113.53290960
2.10000000    10.00000000    11.99487766  -113.56600212     1.00000000  -113.28033570  -113.45319030  -113.30648070  -113.53288710


2.20000000     1.50000000     3.64581559  -112.89958275     1.00000000  -112.46904080  -112.64747510  -112.56820770  -112.82612940
2.20000000     1.75000000     3.89077540  -113.42872994     1.00000000  -113.05199680  -113.23340090  -113.11437180  -113.37052410
2.20000000     2.00000000     4.13633836  -113.65766380     1.00000000  -113.31243160  -113.49853580  -113.35542490  -113.60994650
2.20000000     2.25000000     4.38240310  -113.74211597     1.00000000  -113.41365140  -113.60638690  -113.44607380  -113.70147750
2.20000000     2.50000000     4.62888959  -113.77111711     1.00000000  -113.45566230  -113.64462810  -113.48291200  -113.73307410
2.20000000     2.75000000     4.87573386  -113.76550687     1.00000000  -113.45694610  -113.64505690  -113.48194440  -113.72935430
2.20000000     3.00000000     5.12288421  -113.74671371     1.00000000  -113.44234530  -113.62975910  -113.46647020  -113.71172460
2.20000000     3.25000000     5.37029836  -113.72356661     1.00000000  -113.42195430  -113.60884230  -113.44574580  -113.68935480
2.20000000     3.50000000     5.61794147  -113.69994499     1.00000000  -113.40038460  -113.58683830  -113.42399380  -113.66630490
2.20000000     3.75000000     5.86578454  -113.67751139     1.00000000  -113.37971680  -113.56574400  -113.40315230  -113.64433950
2.20000000     4.00000000     6.11380325  -113.65700667     1.00000000  -113.36090050  -113.54644960  -113.38415060  -113.62425220
2.20000000     4.25000000     6.36197705  -113.63883399     1.00000000  -113.34447120  -113.52942920  -113.36753020  -113.60647370
2.20000000     4.50000000     6.61028849  -113.62330529     1.00000000  -113.33087790  -113.51503610  -113.35373370  -113.59133030
2.20000000     4.75000000     6.85872261  -113.61073321     1.00000000  -113.32058030  -113.50357490  -113.34321660  -113.57913110
2.20000000     5.00000000     7.10726654  -113.60140311     1.00000000  -113.31392530  -113.49523900  -113.33635730  -113.57013290
2.20000000     5.25000000     7.35590916  -113.59538872     1.00000000  -113.31058740  -113.48993420  -113.33289260  -113.56435810
2.20000000     5.50000000     7.60464078  -113.59212090     1.00000000  -113.30932620  -113.48703970  -113.33158860  -113.56122000
2.20000000     5.75000000     7.85345295  -113.59048495     1.00000000  -113.30896860  -113.48557180  -113.33123380  -113.55964590
2.20000000     6.00000000     8.10233825  -113.58963608     1.00000000  -113.30892240  -113.48479750  -113.33120930  -113.55882770
2.20000000     6.25000000     8.35129014  -113.58915613     1.00000000  -113.30895820  -113.48434270  -113.33127340  -113.55836140
2.20000000     6.50000000     8.60030284  -113.58885398     1.00000000  -113.30899820  -113.48403930  -113.33134320  -113.55806350
2.20000000     6.75000000     8.84937121  -113.58864420     1.00000000  -113.30902200  -113.48381450  -113.33139530  -113.55785270
2.20000000     7.00000000     9.09849068  -113.58848597     1.00000000  -113.30902900  -113.48363680  -113.33142660  -113.55769120
2.20000000     7.25000000     9.34765717  -113.58835920     1.00000000  -113.30902430  -113.48349210  -113.33144040  -113.55756080
2.20000000     7.50000000     9.59686701  -113.58825312     1.00000000  -113.30901300  -113.48337280  -113.33144120  -113.55745180
2.20000000     7.75000000     9.84611692  -113.58816262     1.00000000  -113.30899870  -113.48327350  -113.33143330  -113.55735910
2.20000000     8.00000000    10.09540392  -113.58808375     1.00000000  -113.30898330  -113.48319140  -113.33142010  -113.55727940
2.20000000     8.25000000    10.34472533  -113.58801511     1.00000000  -113.30896770  -113.48312260  -113.33140450  -113.55721070
2.20000000     8.50000000    10.59407872  -113.58795546     1.00000000  -113.30895220  -113.48306430  -113.33138810  -113.55715140
2.20000000     8.75000000    10.84346190  -113.58790386     1.00000000  -113.30893690  -113.48301460  -113.33137220  -113.55710040
2.20000000     9.00000000    11.09287284  -113.58785933     1.00000000  -113.30892200  -113.48297180  -113.33135730  -113.55705650
2.20000000     9.25000000    11.34230971  -113.58782113     1.00000000  -113.30890780  -113.48293490  -113.33134390  -113.55701890
2.20000000     9.50000000    11.59177085  -113.58778875     1.00000000  -113.30889450  -113.48290300  -113.33133190  -113.55698690
2.20000000     9.75000000    11.84125472  -113.58776133     1.00000000  -113.30888230  -113.48287540  -113.33132150  -113.55695970
2.20000000    10.00000000    12.09075991  -113.58773840     1.00000000  -113.30887120  -113.48285160  -113.33131260  -113.55693680


2.30000000     1.50000000     3.74484700  -112.93085942     1.00000000  -112.50795660  -112.68347590  -112.60129980  -112.85807410
2.30000000     1.75000000     3.98961472  -113.45614849     1.00000000  -113.08557150  -113.26684330  -113.14487090  -113.39972590
2.30000000     2.00000000     4.23499376  -113.68204125     1.00000000  -113.34292790  -113.52893650  -113.38285020  -113.63608790
2.30000000     2.25000000     4.48088369  -113.76297724     1.00000000  -113.44094300  -113.63198500  -113.47044700  -113.72362220
2.30000000     2.50000000     4.72720479  -113.78453418     1.00000000  -113.47379280  -113.66460780  -113.49815070  -113.74846780
2.30000000     2.75000000     4.97389301  -113.77639670     1.00000000  -113.47268170  -113.66242220  -113.49479750  -113.74218160
2.30000000     3.00000000     5.22089630  -113.75597619     1.00000000  -113.45646430  -113.64547370  -113.47770480  -113.72290950
2.30000000     3.25000000     5.46817197  -113.73196197     1.00000000  -113.43517300  -113.62366420  -113.45608610  -113.69965950
2.30000000     3.50000000     5.71568467  -113.70796546     1.00000000  -113.41317650  -113.60126930  -113.43391470  -113.67622650
2.30000000     3.75000000     5.96340488  -113.68542023     1.00000000  -113.39234370  -113.58006660  -113.41291050  -113.65414820
2.30000000     4.00000000     6.21130777  -113.66493267     1.00000000  -113.37350340  -113.56081230  -113.39388160  -113.63408350
2.30000000     4.25000000     6.45937232  -113.64684334     1.00000000  -113.35714510  -113.54390760  -113.37732860  -113.61639730
2.30000000     4.50000000     6.70758058  -113.63144163     1.00000000  -113.34373020  -113.52966670  -113.36371470  -113.60138850
2.30000000     4.75000000     6.95591718  -113.61903632     1.00000000  -113.33377440  -113.51837180  -113.35356280  -113.58935740
2.30000000     5.00000000     7.20436883  -113.60994665     1.00000000  -113.32761870  -113.51021970  -113.34725220  -113.58058480
2.30000000     5.25000000     7.45292404  -113.60426403     1.00000000  -113.32470940  -113.50514080  -113.34426590  -113.57510960
2.30000000     5.50000000     7.70157278  -113.60123906     1.00000000  -113.32365310  -113.50241420  -113.34319060  -113.57219000
2.30000000     5.75000000     7.95030627  -113.59969836     1.00000000  -113.32335890  -113.50101290  -113.34290690  -113.57070150
2.30000000     6.00000000     8.19911680  -113.59887006     1.00000000  -113.32332040  -113.50024950  -113.34289210  -113.56990040
2.30000000     6.25000000     8.44799756  -113.59838247     1.00000000  -113.32334620  -113.49978460  -113.34294680  -113.56942550
2.30000000     6.50000000     8.69694253  -113.59806484     1.00000000  -113.32337240  -113.49946600  -113.34300330  -113.56911220
2.30000000     6.75000000     8.94594634  -113.59784081     1.00000000  -113.32338330  -113.49922680  -113.34304290  -113.56888710
2.30000000     7.00000000     9.19500421  -113.59767019     1.00000000  -113.32337980  -113.49903730  -113.34306380  -113.56871340
2.30000000     7.25000000     9.44411186  -113.59753338     1.00000000  -113.32336700  -113.49888330  -113.34306940  -113.56857320
2.30000000     7.50000000     9.69326547  -113.59741930     1.00000000  -113.32334960  -113.49875720  -113.34306390  -113.56845660
2.30000000     7.75000000     9.94246156  -113.59732216     1.00000000  -113.32333070  -113.49865340  -113.34305120  -113.56835800
2.30000000     8.00000000    10.19169703  -113.59723862     1.00000000  -113.32331180  -113.49856760  -113.34303460  -113.56827400
2.30000000     8.25000000    10.44096906  -113.59716666     1.00000000  -113.32329350  -113.49849600  -113.34301650  -113.56820220
2.30000000     8.50000000    10.69027509  -113.59710477     1.00000000  -113.32327580  -113.49843560  -113.34299850  -113.56814080
2.30000000     8.75000000    10.93961279  -113.59705143     1.00000000  -113.32325880  -113.49838430  -113.34298150  -113.56808820
2.30000000     9.00000000    11.18898005  -113.59700624     1.00000000  -113.32324250  -113.49833960  -113.34296590  -113.56804330
2.30000000     9.25000000    11.43837493  -113.59696743     1.00000000  -113.32322710  -113.49830160  -113.34295190  -113.56800500
2.30000000     9.50000000    11.68779567  -113.59693462     1.00000000  -113.32321270  -113.49826880  -113.34293950  -113.56797250
2.30000000     9.75000000    11.93724064  -113.59690674     1.00000000  -113.32319960  -113.49824040  -113.34292880  -113.56794480
2.30000000    10.00000000    12.18670836  -113.59688349     1.00000000  -113.32318770  -113.49821590  -113.34291950  -113.56792150


2.40000000     1.50000000     3.84392857  -112.95080591     1.00000000  -112.53246270  -112.70773370  -112.62372470  -112.87933860
2.40000000     1.75000000     4.08851049  -113.47358734     1.00000000  -113.10786610  -113.28889630  -113.16498230  -113.41856300
2.40000000     2.00000000     4.33371078  -113.69667050     1.00000000  -113.36245900  -113.54826450  -113.40014010  -113.65211970
2.40000000     2.25000000     4.57943013  -113.77443844     1.00000000  -113.45750750  -113.64785430  -113.48481250  -113.73636910
2.40000000     2.50000000     4.82558923  -113.78995458     1.00000000  -113.48224530  -113.67529720  -113.50440800  -113.75549160
2.40000000     2.75000000     5.07212407  -113.77884702     1.00000000  -113.47859240  -113.66998420  -113.49856310  -113.74617830
2.40000000     3.00000000     5.31898240  -113.75663816     1.00000000  -113.46062170  -113.65120530  -113.47972700  -113.72509880
2.40000000     3.25000000     5.56612117  -113.73169908     1.00000000  -113.43834460  -113.62843640  -113.45713520  -113.70090940
2.40000000     3.50000000     5.81350463  -113.70735627     1.00000000  -113.41590370  -113.60566780  -113.43453150  -113.67711900
2.40000000     3.75000000     6.06110280  -113.68478216     1.00000000  -113.39492970  -113.58442720  -113.41339240  -113.65500710
2.40000000     4.00000000     6.30889042  -113.66442257     1.00000000  -113.37610520  -113.56530900  -113.39438060  -113.63507140
2.40000000     4.25000000     6.55684600  -113.64652373     1.00000000  -113.35985300  -113.54861480  -113.37793530  -113.61758120
2.40000000     4.50000000     6.80495118  -113.63129486     1.00000000  -113.34661960  -113.53457200  -113.36451370  -113.60275410
2.40000000     4.75000000     7.05319018  -113.61894089     1.00000000  -113.33693840  -113.52335100  -113.35466700  -113.59078530
2.40000000     5.00000000     7.30154935  -113.60983092     1.00000000  -113.33113060  -113.51514410  -113.34875380  -113.58198580
2.40000000     5.25000000     7.55001682  -113.60424091     1.00000000  -113.32848580  -113.51006030  -113.34606920  -113.57657250
2.40000000     5.50000000     7.79858226  -113.60130082     1.00000000  -113.32753900  -113.50735690  -113.34511850  -113.57371720
2.40000000     5.75000000     8.04723657  -113.59978185     1.00000000  -113.32726820  -113.50595440  -113.34486270  -113.57224250
2.40000000     6.00000000     8.29597176  -113.59894432     1.00000000  -113.32722200  -113.50517270  -113.34484160  -113.57142890
2.40000000     6.25000000     8.54478078  -113.59843867     1.00000000  -113.32723210  -113.50468670  -113.34488120  -113.57093480
2.40000000     6.50000000     8.79365736  -113.59810433     1.00000000  -113.32724270  -113.50434900  -113.34492250  -113.57060390
2.40000000     6.75000000     9.04259592  -113.59786496     1.00000000  -113.32724060  -113.50409440  -113.34494920  -113.57036340
2.40000000     7.00000000     9.29159147  -113.59768207     1.00000000  -113.32722680  -113.50389310  -113.34496000  -113.57017760
2.40000000     7.25000000     9.54063956  -113.59753536     1.00000000  -113.32720620  -113.50373040  -113.34495770  -113.57002790
2.40000000     7.50000000     9.78973617  -113.59741263     1.00000000  -113.32718290  -113.50359780  -113.34494620  -113.56990340
2.40000000     7.75000000    10.03887770  -113.59730985     1.00000000  -113.32715960  -113.50348930  -113.34492910  -113.56979950
2.40000000     8.00000000    10.28806088  -113.59722199     1.00000000  -113.32713730  -113.50340000  -113.34490930  -113.56971150
2.40000000     8.25000000    10.53728275  -113.59714689     1.00000000  -113.32711640  -113.50332580  -113.34488890  -113.56963680
2.40000000     8.50000000    10.78654064  -113.59708290     1.00000000  -113.32709660  -113.50326340  -113.34486920  -113.56957340
2.40000000     8.75000000    11.03583210  -113.59702828     1.00000000  -113.32707780  -113.50321050  -113.34485110  -113.56951950
2.40000000     9.00000000    11.28515490  -113.59698176     1.00000000  -113.32706000  -113.50316510  -113.34483470  -113.56947360
2.40000000     9.25000000    11.53450703  -113.59694219     1.00000000  -113.32704340  -113.50312600  -113.34482010  -113.56943450
2.40000000     9.50000000    11.78388660  -113.59690866     1.00000000  -113.32702800  -113.50309230  -113.34480730  -113.56940130
2.40000000     9.75000000    12.03329193  -113.59688051     1.00000000  -113.32701400  -113.50306310  -113.34479610  -113.56937320
2.40000000    10.00000000    12.28272143  -113.59685697     1.00000000  -113.32700140  -113.50303790  -113.34478640  -113.56934950


2.50000000     1.50000000     3.94305651  -112.96378379     1.00000000  -112.54418430  -112.72317520  -112.63294950  -112.89278270
2.50000000     1.75000000     4.18745871  -113.48392665     1.00000000  -113.11510210  -113.30247460  -113.17024200  -113.42979320
2.50000000     2.00000000     4.43248533  -113.70404071     1.00000000  -113.36448600  -113.55936040  -113.40057850  -113.66063500
2.50000000     2.25000000     4.67803826  -113.78214432     1.00000000  -113.46615890  -113.65602000  -113.47999650  -113.74171140
2.50000000     2.50000000     4.92403877  -113.79208537     1.00000000  -113.48447900  -113.68068280  -113.50484330  -113.75853520
2.50000000     2.75000000     5.17042296  -113.77562060     1.00000000  -113.47766100  -113.67073880  -113.49604460  -113.74416650
2.50000000     3.00000000     5.41713848  -113.75142260     1.00000000  -113.45780510  -113.64992770  -113.47534420  -113.72108120
2.50000000     3.25000000     5.66414204  -113.72554314     1.00000000  -113.43447020  -113.62617590  -113.45171130  -113.69593530
2.50000000     3.50000000     5.91139754  -113.70097070     1.00000000  -113.41159530  -113.60313240  -113.42868890  -113.67189870
2.50000000     3.75000000     6.15887462  -113.67856478     1.00000000  -113.39054490  -113.58202390  -113.40748200  -113.64994120
2.50000000     4.00000000     6.40654762  -113.65856950     1.00000000  -113.37182120  -113.56324580  -113.38857380  -113.63035970
2.50000000     4.25000000     6.65439465  -113.64110333     1.00000000  -113.35574470  -113.54697340  -113.37230630  -113.61329690
2.50000000     4.50000000     6.90239697  -113.62620647     1.00000000  -113.34268630  -113.53329140  -113.35906840  -113.59881190
2.50000000     4.75000000     7.15053842  -113.61373975     1.00000000  -113.33310640  -113.52207120  -113.34935000  -113.58677370
2.50000000     5.00000000     7.39880501  -113.60396721     1.00000000  -113.32735230  -113.51328840  -113.34354190  -113.57734900


2.60000000     1.50000000     4.04222741  -112.96919217     1.00000000  -112.55697620  -112.73166160  -112.64617430  -112.89954720
2.60000000     1.75000000     4.28645574  -113.48797800     1.00000000  -113.12908770  -113.30948720  -113.18368810  -113.43491080
2.60000000     2.00000000     4.53131363  -113.70638009     1.00000000  -113.37925300  -113.56447330  -113.41420270  -113.66383250
2.60000000     2.25000000     4.77670427  -113.77875312     1.00000000  -113.46908980  -113.65854510  -113.49364730  -113.74261520
2.60000000     2.50000000     5.02254956  -113.78648264     1.00000000  -113.48418510  -113.67851260  -113.50360620  -113.75405430
2.60000000     2.75000000     5.26878586  -113.76880974     1.00000000  -113.47220380  -113.66692730  -113.48941630  -113.73827250
2.60000000     3.00000000     5.51536081  -113.74234286     1.00000000  -113.45030080  -113.64387150  -113.46670720  -113.71293010
2.60000000     3.25000000     5.76223093  -113.71564030     1.00000000  -113.42587870  -113.61923520  -113.44200360  -113.68693870
2.60000000     3.50000000     6.00935984  -113.69118804     1.00000000  -113.40266160  -113.59622580  -113.41865360  -113.66299130
2.60000000     3.75000000     6.25671688  -113.66942119     1.00000000  -113.38170580  -113.57565810  -113.39754900  -113.64163690
2.60000000     4.00000000     6.50427602  -113.65029988     1.00000000  -113.36328200  -113.55764850  -113.37894180  -113.62289010
2.60000000     4.25000000     6.75201503  -113.63380717     1.00000000  -113.34756810  -113.54224040  -113.36303550  -113.60676000
2.60000000     4.50000000     6.99991481  -113.61995109     1.00000000  -113.33480020  -113.52947900  -113.35008660  -113.59327120
2.60000000     4.75000000     7.24795887  -113.60848881     1.00000000  -113.32519940  -113.51920650  -113.34033990  -113.58221490
2.60000000     5.00000000     7.49613288  -113.59684702     1.00000000  -113.31884740  -113.50974230  -113.33395030  -113.57134740
2.60000000     5.25000000     7.74442435  -113.58794517     1.00000000  -113.31584200  -113.50102300  -113.33104630  -113.56252560
2.60000000     5.50000000     7.99282234  -113.58428821     1.00000000  -113.31481170  -113.49721660  -113.33005810  -113.55882150
2.60000000     5.75000000     8.24131721  -113.58252737     1.00000000  -113.31448140  -113.49543020  -113.32975680  -113.55705580
2.60000000     6.00000000     8.48990046  -113.58156790     1.00000000  -113.31438130  -113.49447280  -113.32968690  -113.55610150
2.60000000     6.25000000     8.73856454  -113.58098947     1.00000000  -113.31434650  -113.49388970  -113.32968410  -113.55552610
2.60000000     6.50000000     8.98730274  -113.58060636     1.00000000  -113.31432190  -113.49349370  -113.32969160  -113.55514310
2.60000000     6.75000000     9.23610908  -113.58033306     1.00000000  -113.31429300  -113.49320170  -113.32969250  -113.55486750
2.60000000     7.00000000     9.48497820  -113.58012621     1.00000000  -113.31425940  -113.49297470  -113.32968370  -113.55465710
2.60000000     7.25000000     9.73390527  -113.57996140     1.00000000  -113.31422410  -113.49279510  -113.32966670  -113.55448970
2.60000000     7.50000000     9.98288597  -113.57982644     1.00000000  -113.31418990  -113.49265070  -113.32964430  -113.55435310
2.60000000     7.75000000    10.23191637  -113.57971354     1.00000000  -113.31415840  -113.49253380  -113.32961910  -113.55423970
2.60000000     8.00000000    10.48099294  -113.57961847     1.00000000  -113.31412980  -113.49243830  -113.32959340  -113.55414490
2.60000000     8.25000000    10.73011246  -113.57953832     1.00000000  -113.31410380  -113.49235940  -113.32956880  -113.55406540
2.60000000     8.50000000    10.97927201  -113.57947047     1.00000000  -113.31407990  -113.49229340  -113.32954620  -113.55399840
2.60000000     8.75000000    11.22846892  -113.57941340     1.00000000  -113.31405780  -113.49223750  -113.32952580  -113.55394200
2.60000000     9.00000000    11.47770076  -113.57936503     1.00000000  -113.31403730  -113.49218970  -113.32950780  -113.55389420
2.60000000     9.25000000    11.72696530  -113.57932426     1.00000000  -113.31401840  -113.49214870  -113.32949200  -113.55385380
2.60000000     9.50000000    11.97626050  -113.57928964     1.00000000  -113.31400110  -113.49211330  -113.32947810  -113.55381940
2.60000000     9.75000000    12.22558448  -113.57926057     1.00000000  -113.31398550  -113.49208270  -113.32946600  -113.55379030
2.60000000    10.00000000    12.47493552  -113.57923602     1.00000000  -113.31397150  -113.49205630  -113.32945550  -113.55376560


2.70000000     1.50000000     4.14143818  -112.97104018     1.00000000  -112.56084300  -112.73523930  -112.64968340  -112.90202360
2.70000000     1.75000000     4.38549829  -113.48829397     1.00000000  -113.13178160  -113.31185890  -113.18573520  -113.43591070
2.70000000     2.00000000     4.63019225  -113.70485356     1.00000000  -113.38027220  -113.56517490  -113.41444700  -113.66302040
2.70000000     2.25000000     4.87542463  -113.77501625     1.00000000  -113.46795450  -113.65704720  -113.49170930  -113.73958280
2.70000000     2.50000000     5.12111808  -113.77969118     1.00000000  -113.48049860  -113.67389290  -113.49917160  -113.74794520
2.70000000     2.75000000     5.36720928  -113.75986089     1.00000000  -113.46405450  -113.66006360  -113.48041490  -113.72995370
2.70000000     3.00000000     5.61364591  -113.73082571     1.00000000  -113.43981350  -113.63466170  -113.45541810  -113.70213000
2.70000000     3.25000000     5.86038442  -113.70371845     1.00000000  -113.41436940  -113.60953060  -113.42970180  -113.67570050
2.70000000     3.50000000     6.10738819  -113.68023626     1.00000000  -113.39109390  -113.58732660  -113.40629540  -113.65266230
2.70000000     3.75000000     6.35462631  -113.65986148     1.00000000  -113.37060290  -113.56794710  -113.38565490  -113.63262510
2.70000000     4.00000000     6.60207245  -113.64196917     1.00000000  -113.35282330  -113.55100550  -113.36768950  -113.61504810
2.70000000     4.25000000     6.84970406  -113.62646269     1.00000000  -113.33777250  -113.53648400  -113.35244570  -113.59986770
2.70000000     4.50000000     7.09750172  -113.61355992     1.00000000  -113.32564140  -113.52457850  -113.34014080  -113.58729780
2.70000000     4.75000000     7.34544864  -113.60345607     1.00000000  -113.31665230  -113.51542520  -113.33103360  -113.57751780
2.70000000     5.00000000     7.59353019  -113.59619767     1.00000000  -113.31082980  -113.50888120  -113.32518700  -113.57051200
2.70000000     5.25000000     7.84173360  -113.59160858     1.00000000  -113.30768670  -113.50468720  -113.32206090  -113.56606690
2.70000000     5.50000000     8.09004764  -113.58893014     1.00000000  -113.30622860  -113.50226020  -113.32062710  -113.56348200
2.70000000     5.75000000     8.33846244  -113.58740222     1.00000000  -113.30560600  -113.50087500  -113.32003500  -113.56200960
2.70000000     6.00000000     8.58696925  -113.58650890     1.00000000  -113.30534780  -113.50004820  -113.31981170  -113.56114520
2.70000000     6.25000000     8.83556031  -113.58595543     1.00000000  -113.30523670  -113.49951690  -113.31973690  -113.56060500
2.70000000     6.50000000     9.08422870  -113.58558884     1.00000000  -113.30518150  -113.49914710  -113.31971660  -113.56024240
2.70000000     6.75000000     9.33296823  -113.58532953     1.00000000  -113.30514660  -113.49887460  -113.31971240  -113.55998290


2.80000000     1.50000000     4.24068603  -112.96963581     1.00000000  -112.56099160  -112.73511990  -112.64973640  -112.90112110
2.80000000     1.75000000     4.48458333  -113.48560650     1.00000000  -113.13099460  -113.31077140  -113.18455320  -113.43377570
2.80000000     2.00000000     4.72911803  -113.70063184     1.00000000  -113.37812220  -113.56272130  -113.41177460  -113.65938140
2.80000000     2.25000000     4.97419612  -113.76892410     1.00000000  -113.46398060  -113.65274660  -113.48718260  -113.73406870
2.80000000     2.50000000     5.21974106  -113.77119151     1.00000000  -113.47432230  -113.66713420  -113.49246470  -113.74000290
2.80000000     2.75000000     5.46568993  -113.74863689     1.00000000  -113.45459480  -113.65068350  -113.47042550  -113.71932200
2.80000000     3.00000000     5.71199055  -113.71784853     1.00000000  -113.42757230  -113.62346680  -113.44262480  -113.68971620
2.80000000     3.25000000     5.95859931  -113.69150755     1.00000000  -113.40138630  -113.59900100  -113.41614230  -113.66401090
2.80000000     3.50000000     6.20547946  -113.67001170     1.00000000  -113.37862810  -113.57855570  -113.39321450  -113.64286970
2.80000000     3.75000000     6.45259987  -113.65024250     1.00000000  -113.35888880  -113.55971800  -113.37331960  -113.62341360
2.80000000     4.00000000     6.69993393  -113.63227600     1.00000000  -113.34171920  -113.54281410  -113.35596380  -113.60580230
2.80000000     4.25000000     6.94745884  -113.61665320     1.00000000  -113.32716900  -113.52831270  -113.34122010  -113.59055410
2.80000000     4.50000000     7.19515490  -113.60365353     1.00000000  -113.31549540  -113.51644360  -113.32937730  -113.57793520
2.80000000     4.75000000     7.44300502  -113.59337184     1.00000000  -113.30694590  -113.50723860  -113.32072620  -113.56802420
2.80000000     5.00000000     7.69099430  -113.58588460     1.00000000  -113.30151750  -113.50051400  -113.31529790  -113.56080960
2.80000000     5.25000000     7.93910971  -113.58119521     1.00000000  -113.29865400  -113.49621530  -113.31246140  -113.55626360
2.80000000     5.50000000     8.18733978  -113.57849795     1.00000000  -113.29733810  -113.49376920  -113.31117020  -113.55365950
2.80000000     5.75000000     8.43567439  -113.57696730     1.00000000  -113.29677120  -113.49238200  -113.31063300  -113.55218430
2.80000000     6.00000000     8.68410456  -113.57606772     1.00000000  -113.29652940  -113.49155170  -113.31042550  -113.55131440
2.80000000     6.25000000     8.93262233  -113.57550688     1.00000000  -113.29641920  -113.49101520  -113.31035150  -113.55076750
2.80000000     6.50000000     9.18122058  -113.57513325     1.00000000  -113.29635960  -113.49063940  -113.31032690  -113.55039820
2.80000000     6.75000000     9.42989295  -113.57486744     1.00000000  -113.29631920  -113.49036190  -113.31031720  -113.55013270
2.80000000     7.00000000     9.67863372  -113.57466820     1.00000000  -113.29628750  -113.49014870  -113.31030960  -113.54993200
2.80000000     7.25000000     9.92743776  -113.57451198     1.00000000  -113.29626130  -113.48998210  -113.31030000  -113.54977450
2.80000000     7.50000000    10.17630041  -113.57438577     1.00000000  -113.29624000  -113.48985070  -113.31028800  -113.54964780
2.80000000     7.75000000    10.42521749  -113.57428191     1.00000000  -113.29622270  -113.48974650  -113.31027470  -113.54954440
2.80000000     8.00000000    10.67418519  -113.57419600     1.00000000  -113.29620840  -113.48966330  -113.31026140  -113.54945960
2.80000000     8.25000000    10.92320004  -113.57412460     1.00000000  -113.29619610  -113.48959580  -113.31024920  -113.54938960
2.80000000     8.50000000    11.17225889  -113.57406555     1.00000000  -113.29618480  -113.48954030  -113.31023850  -113.54933190
2.80000000     8.75000000    11.42135887  -113.57401510     1.00000000  -113.29617410  -113.48949390  -113.31022920  -113.54928310
2.80000000     9.00000000    11.67049734  -113.57397429     1.00000000  -113.29616370  -113.48945460  -113.31022140  -113.54924320
2.80000000     9.25000000    11.91967188  -113.57394032     1.00000000  -113.29615380  -113.48942100  -113.31021450  -113.54920980
2.80000000     9.50000000    12.16888029  -113.57391176     1.00000000  -113.29614460  -113.48939210  -113.31020860  -113.54918160
2.80000000     9.75000000    12.41812051  -113.57388842     1.00000000  -113.29613620  -113.48936640  -113.31020350  -113.54915790
2.80000000    10.00000000    12.66739068  -113.57386849     1.00000000  -113.29612860  -113.48934500  -113.31019900  -113.54913790


2.90000000     1.50000000     4.33996841  -112.96585309     1.00000000  -112.55843760  -112.73232380  -112.64724380  -112.89775120
2.90000000     1.75000000     4.58370812  -113.48074609     1.00000000  -113.12768380  -113.30719010  -113.18101260  -113.42937280
2.90000000     2.00000000     4.82808807  -113.69451378     1.00000000  -113.37371130  -113.55803160  -113.40701630  -113.65374670
2.90000000     2.25000000     5.07301574  -113.76126875     1.00000000  -113.45806720  -113.64654080  -113.48089460  -113.72689260
2.90000000     2.50000000     5.31841546  -113.76159766     1.00000000  -113.46653940  -113.65895000  -113.48431920  -113.73087050
2.90000000     2.75000000     5.56422477  -113.73641229     1.00000000  -113.44441600  -113.64003760  -113.45993060  -113.70762530
2.90000000     3.00000000     5.81039169  -113.70408730     1.00000000  -113.41443930  -113.61113710  -113.42912360  -113.67641840
2.90000000     3.25000000     6.05687262  -113.68153890     1.00000000  -113.38840720  -113.59085640  -113.40261230  -113.65461830
2.90000000     3.50000000     6.30363072  -113.65965080     1.00000000  -113.36632250  -113.56971240  -113.38034180  -113.63297080
2.90000000     3.75000000     6.55063466  -113.63881707     1.00000000  -113.34678140  -113.54986420  -113.36068660  -113.61247540
2.90000000     4.00000000     6.79785766  -113.62048502     1.00000000  -113.32978330  -113.53263260  -113.34352120  -113.59451430
2.90000000     4.25000000     7.04527665  -113.60478482     1.00000000  -113.31544280  -113.51811010  -113.32899400  -113.57920910
2.90000000     4.50000000     7.29287168  -113.59177967     1.00000000  -113.30399720  -113.50630880  -113.31738370  -113.56661070
2.90000000     4.75000000     7.54062542  -113.58142904     1.00000000  -113.29563910  -113.49706620  -113.30894090  -113.55664340
2.90000000     5.00000000     7.78852271  -113.57374529     1.00000000  -113.29032680  -113.49008820  -113.30367560  -113.54921800
2.90000000     5.25000000     8.03655027  -113.56898543     1.00000000  -113.28754970  -113.48560390  -113.30095780  -113.54456480
2.90000000     5.50000000     8.28469641  -113.56627494     1.00000000  -113.28628000  -113.48310920  -113.29972320  -113.54193610
2.90000000     5.75000000     8.53295077  -113.56473802     1.00000000  -113.28572630  -113.48170430  -113.29920280  -113.54045090
2.90000000     6.00000000     8.78130419  -113.56383043     1.00000000  -113.28548250  -113.48086290  -113.29899490  -113.53957200
2.90000000     6.25000000     9.02974847  -113.56326088     1.00000000  -113.28536530  -113.48031700  -113.29891480  -113.53901620
2.90000000     6.50000000     9.27827634  -113.56287905     1.00000000  -113.28529810  -113.47993470  -113.29888290  -113.53863930
2.90000000     6.75000000     9.52688124  -113.56260709     1.00000000  -113.28525090  -113.47965060  -113.29886670  -113.53836750
2.90000000     7.00000000     9.77555729  -113.56240240     1.00000000  -113.28521340  -113.47943290  -113.29885350  -113.53816170
2.90000000     7.25000000    10.02429921  -113.56224179     1.00000000  -113.28518280  -113.47926280  -113.29883940  -113.53800010
2.90000000     7.50000000    10.27310221  -113.56211202     1.00000000  -113.28515780  -113.47912880  -113.29882390  -113.53787020
2.90000000     7.75000000    10.52196195  -113.56200535     1.00000000  -113.28513760  -113.47902260  -113.29880790  -113.53776430
2.90000000     8.00000000    10.77087451  -113.56191739     1.00000000  -113.28512100  -113.47893770  -113.29879250  -113.53767760
2.90000000     8.25000000    11.01983629  -113.56184470     1.00000000  -113.28510680  -113.47886880  -113.29877860  -113.53760630
2.90000000     8.50000000    11.26884405  -113.56178439     1.00000000  -113.28509390  -113.47881210  -113.29876660  -113.53754740
2.90000000     8.75000000    11.51789479  -113.56173445     1.00000000  -113.28508180  -113.47876460  -113.29875640  -113.53749860


3.00000000     1.50000000     4.43928300  -112.96035856     1.00000000  -112.55396090  -112.72763020  -112.64290360  -112.89260910
3.00000000     1.75000000     4.68287012  -113.47434172     1.00000000  -113.12257920  -113.30184550  -113.17577740  -113.42335830
3.00000000     2.00000000     4.92709970  -113.68709499     1.00000000  -113.36772070  -113.55178960  -113.40079510  -113.64673540
3.00000000     2.25000000     5.17188074  -113.75262082     1.00000000  -113.45086810  -113.63908250  -113.47344420  -113.71864680
3.00000000     2.50000000     5.41713848  -113.75142234     1.00000000  -113.45780510  -113.64992760  -113.47534420  -113.72108100
3.00000000     2.75000000     5.66281098  -113.72447031     1.00000000  -113.43385090  -113.62925300  -113.44915280  -113.69607250
3.00000000     3.00000000     5.90884652  -113.69023707     1.00000000  -113.40101330  -113.59826690  -113.41546020  -113.66288720


3.10000000     1.50000000     4.53862770  -112.95366039     1.00000000  -112.54815450  -112.72162880  -112.63725080  -112.88622400
3.10000000     1.75000000     4.78206701  -113.46687405     1.00000000  -113.11623500  -113.29528700  -113.16935570  -113.41623110
3.10000000     2.00000000     5.02615047  -113.67881822     1.00000000  -113.36066170  -113.54450610  -113.39358020  -113.63880890
3.10000000     2.25000000     5.27078856  -113.74338758     1.00000000  -113.44285650  -113.63084320  -113.46526380  -113.70975590
3.10000000     2.50000000     5.51590751  -113.74103080     1.00000000  -113.44857920  -113.64049290  -113.46596180  -113.71101610
3.10000000     2.75000000     5.76144593  -113.71312026     1.00000000  -113.42327440  -113.61879860  -113.43843340  -113.68502650
3.10000000     3.00000000     6.00735239  -113.69105128     1.00000000  -113.39185610  -113.59843830  -113.40558970  -113.66335660
3.10000000     3.25000000     6.25358348  -113.66281931     1.00000000  -113.36576980  -113.57257670  -113.37908270  -113.63592070
3.10000000     3.50000000     6.50010230  -113.63727333     1.00000000  -113.34184680  -113.54885330  -113.35496210  -113.61100380
3.10000000     3.75000000     6.74687731  -113.61363533     1.00000000  -113.32134110  -113.52817550  -113.33439300  -113.58842070
3.10000000     4.00000000     6.99388140  -113.59457762     1.00000000  -113.30410150  -113.51038150  -113.31703990  -113.56979810
3.10000000     4.25000000     7.24109112  -113.57903265     1.00000000  -113.28990320  -113.49566220  -113.30266110  -113.55452120
3.10000000     4.50000000     7.48848610  -113.56656917     1.00000000  -113.27872330  -113.48380960  -113.29131310  -113.54225080
3.10000000     4.75000000     7.73604858  -113.55637531     1.00000000  -113.27050820  -113.47463340  -113.28300140  -113.53240480
3.10000000     5.00000000     7.98376298  -113.54702828     1.00000000  -113.26498240  -113.46770040  -113.27759170  -113.52392860
3.10000000     5.25000000     8.23161556  -113.54202517     1.00000000  -113.26191700  -113.46122630  -113.27485620  -113.51845290
3.10000000     5.50000000     8.47959423  -113.53924479     1.00000000  -113.26061710  -113.45840800  -113.27363340  -113.51567010
3.10000000     5.75000000     8.72768824  -113.53767032     1.00000000  -113.26004160  -113.45691070  -113.27310350  -113.51412940
3.10000000     6.00000000     8.97588801  -113.53673628     1.00000000  -113.25977390  -113.45602480  -113.27287680  -113.51321820
3.10000000     6.25000000     9.22418501  -113.53614453     1.00000000  -113.25963480  -113.45545160  -113.27277710  -113.51263860
3.10000000     6.50000000     9.47257159  -113.53574554     1.00000000  -113.25954920  -113.45505090  -113.27272810  -113.51224420
3.10000000     6.75000000     9.72104090  -113.53545952     1.00000000  -113.25948740  -113.45475400  -113.27269770  -113.51195880
3.10000000     7.00000000     9.96958674  -113.53524449     1.00000000  -113.25943860  -113.45452610  -113.27267340  -113.51174270
3.10000000     7.25000000    10.21820353  -113.53507499     1.00000000  -113.25939910  -113.45434880  -113.27265050  -113.51157280
3.10000000     7.50000000    10.46688621  -113.53493876     1.00000000  -113.25936730  -113.45420940  -113.27262820  -113.51143680
3.10000000     7.75000000    10.71563019  -113.53482709     1.00000000  -113.25934160  -113.45409900  -113.27260690  -113.51132620
3.10000000     8.00000000    10.96443131  -113.53473524     1.00000000  -113.25932060  -113.45401060  -113.27258750  -113.51123580
3.10000000     8.25000000    11.21328576  -113.53465960     1.00000000  -113.25930280  -113.45393900  -113.27257050  -113.51116170
3.10000000     8.50000000    11.46219007  -113.53459726     1.00000000  -113.25928690  -113.45387990  -113.27255600  -113.51110070
3.10000000     8.75000000    11.71114105  -113.53454584     1.00000000  -113.25927230  -113.45383040  -113.27254380  -113.51105030
3.10000000     9.00000000    11.96013580  -113.53450333     1.00000000  -113.25925870  -113.45378830  -113.27253350  -113.51100840
3.10000000     9.25000000    12.20917163  -113.53446665     1.00000000  -113.25924600  -113.45375230  -113.27252460  -113.51097250
3.10000000     9.50000000    12.45824608  -113.53443709     1.00000000  -113.25923440  -113.45372130  -113.27251700  -113.51094300
3.10000000     9.75000000    12.70735688  -113.53441232     1.00000000  -113.25922390  -113.45369460  -113.27251040  -113.51091810
3.10000000    10.00000000    12.95650194  -113.53439152     1.00000000  -113.25921460  -113.45367150  -113.27250470  -113.51089700


3.20000000     1.50000000     4.63800056  -112.94614999     1.00000000  -112.54146390  -112.71475800  -112.63069600  -112.87899920
3.20000000     1.75000000     4.88129669  -113.45871020     1.00000000  -113.10906960  -113.28792590  -113.16213740  -113.40837030
3.20000000     2.00000000     5.12523810  -113.67001630     1.00000000  -113.35291800  -113.53655810  -113.38572610  -113.63031180
3.20000000     2.25000000     5.36973684  -113.73385767     1.00000000  -113.43437470  -113.62215950  -113.45666530  -113.70052150
3.20000000     2.50000000     5.61472011  -113.73066502     1.00000000  -113.43917330  -113.63093670  -113.45645310  -113.70093100
3.20000000     2.75000000     5.86012714  -113.70252449     1.00000000  -113.41297180  -113.60892140  -113.42803410  -113.67467710
3.20000000     3.00000000     6.10590684  -113.68030999     1.00000000  -113.38192090  -113.58860710  -113.39550170  -113.65292270
3.20000000     3.25000000     6.35201594  -113.65090577     1.00000000  -113.35455990  -113.56152340  -113.36772300  -113.62429570
3.20000000     3.50000000     6.59841759  -113.62455150     1.00000000  -113.32963780  -113.53690500  -113.34260900  -113.59853910
3.20000000     3.75000000     6.84508020  -113.60240492     1.00000000  -113.30854200  -113.51587690  -113.32135390  -113.57677110
3.20000000     4.00000000     7.09197653  -113.58307148     1.00000000  -113.29107310  -113.49804980  -113.30374960  -113.55795800
3.20000000     4.25000000     7.33908300  -113.56716054     1.00000000  -113.27686810  -113.48333220  -113.28939440  -113.54245170
3.20000000     4.50000000     7.58637908  -113.55431434     1.00000000  -113.26577440  -113.47156320  -113.27816230  -113.52996950
3.20000000     4.75000000     7.83384680  -113.54429018     1.00000000  -113.25763240  -113.46251850  -113.26991710  -113.52027890
3.20000000     5.00000000     8.08147040  -113.53663445     1.00000000  -113.25207000  -113.45581660  -113.26430900  -113.51295520
3.20000000     5.25000000     8.32923598  -113.52710511     1.00000000  -113.24854120  -113.45083270  -113.26124740  -113.50509120
3.20000000     5.50000000     8.57713124  -113.52539550     1.00000000  -113.24709120  -113.44547430  -113.25999650  -113.50212840
3.20000000     5.75000000     8.82514524  -113.52379086     1.00000000  -113.24648960  -113.44389090  -113.25944970  -113.50053900
3.20000000     6.00000000     9.07326824  -113.52283881     1.00000000  -113.24620460  -113.44297230  -113.25920900  -113.49960500
3.20000000     6.25000000     9.32149156  -113.52223573     1.00000000  -113.24605270  -113.44238120  -113.25909790  -113.49901190
3.20000000     6.50000000     9.56980737  -113.52182655     1.00000000  -113.24595730  -113.44196980  -113.25903980  -113.49860720
3.20000000     6.75000000     9.81820866  -113.52153377     1.00000000  -113.24588830  -113.44166570  -113.25900250  -113.49831490
3.20000000     7.00000000    10.06668910  -113.52131324     1.00000000  -113.24583400  -113.44143290  -113.25897270  -113.49809350
3.20000000     7.25000000    10.31524297  -113.52113984     1.00000000  -113.24579040  -113.44125200  -113.25894570  -113.49791980
3.20000000     7.50000000    10.56386510  -113.52100026     1.00000000  -113.24575540  -113.44111000  -113.25892020  -113.49778070
3.20000000     7.75000000    10.81255076  -113.52088643     1.00000000  -113.24572730  -113.44099760  -113.25889650  -113.49766800
3.20000000     8.00000000    11.06129568  -113.52079288     1.00000000  -113.24570430  -113.44090750  -113.25887520  -113.49757590
3.20000000     8.25000000    11.31009595  -113.52071595     1.00000000  -113.24568480  -113.44083450  -113.25885670  -113.49750050
3.20000000     8.50000000    11.55894799  -113.52065263     1.00000000  -113.24566760  -113.44077430  -113.25884110  -113.49743850
3.20000000     8.75000000    11.80784852  -113.52060051     1.00000000  -113.24565180  -113.44072370  -113.25882800  -113.49738730
3.20000000     9.00000000    12.05679456  -113.52055747     1.00000000  -113.24563720  -113.44068080  -113.25881690  -113.49734480
3.20000000     9.25000000    12.30578332  -113.52052150     1.00000000  -113.24562370  -113.44064400  -113.25880740  -113.49730910
3.20000000     9.50000000    12.55481228  -113.52049035     1.00000000  -113.24561130  -113.44061240  -113.25879930  -113.49727840
3.20000000     9.75000000    12.80387908  -113.52046535     1.00000000  -113.24560030  -113.44058500  -113.25879220  -113.49725310
3.20000000    10.00000000    13.05298156  -113.52044449     1.00000000  -113.24559050  -113.44056140  -113.25878610  -113.49723180


3.30000000     1.50000000     4.73739981  -112.93813002     1.00000000  -112.53421990  -112.70734140  -112.62355510  -112.87124290
3.30000000     1.75000000     4.98055717  -113.45013159     1.00000000  -113.10139720  -113.28006870  -113.15442070  -113.40006420
3.30000000     2.00000000     5.22436050  -113.66093514     1.00000000  -113.34477680  -113.52822690  -113.37750010  -113.62150010
3.30000000     2.25000000     5.46872338  -113.72423548     1.00000000  -113.42567040  -113.61327270  -113.44787440  -113.69115820
3.30000000     2.50000000     5.71357403  -113.72047949     1.00000000  -113.42979300  -113.62145020  -113.44700060  -113.69099010
3.30000000     2.75000000     5.95885233  -113.69270310     1.00000000  -113.40310540  -113.59968400  -113.41809820  -113.66505710
3.30000000     3.00000000     6.20450755  -113.66886637     1.00000000  -113.37222450  -113.57902210  -113.38568630  -113.64213500
3.30000000     3.25000000     6.45049663  -113.63946665     1.00000000  -113.34369170  -113.55083480  -113.35674920  -113.61311180
3.30000000     3.50000000     6.69678278  -113.61226247     1.00000000  -113.31774870  -113.52531120  -113.33061300  -113.58648430
3.30000000     3.75000000     6.94333438  -113.58944889     1.00000000  -113.29600000  -113.50374820  -113.30871230  -113.56409730
3.30000000     4.00000000     7.19012414  -113.57021678     1.00000000  -113.27824310  -113.48574000  -113.29080720  -113.54528170
3.30000000     4.25000000     7.43712834  -113.55425863     1.00000000  -113.26399150  -113.47100540  -113.27640690  -113.52973880
3.30000000     4.50000000     7.68432631  -113.54145910     1.00000000  -113.25296780  -113.45931470  -113.26524660  -113.51731440
3.30000000     4.75000000     7.93169992  -113.53158870     1.00000000  -113.24491790  -113.45040660  -113.25708670  -113.50777010
3.30000000     5.00000000     8.17923325  -113.52430817     1.00000000  -113.23939830  -113.44391200  -113.25149470  -113.50075790
3.30000000     5.25000000     8.42691220  -113.51901140     1.00000000  -113.23579230  -113.43931630  -113.24786630  -113.49570610
3.30000000     5.50000000     8.67472433  -113.50997565     1.00000000  -113.23350320  -113.43593060  -113.24643140  -113.48876690
3.30000000     5.75000000     8.92265851  -113.51010794     1.00000000  -113.23282280  -113.43090430  -113.24586200  -113.48711250
3.30000000     6.00000000     9.17070487  -113.50914375     1.00000000  -113.23255570  -113.42994360  -113.24560530  -113.48615100
3.30000000     6.25000000     9.41885453  -113.50853181     1.00000000  -113.23242010  -113.42933590  -113.24548220  -113.48554230
3.30000000     6.50000000     9.66709954  -113.50811354     1.00000000  -113.23233760  -113.42892220  -113.24541510  -113.48512780
3.30000000     6.75000000     9.91543273  -113.50781242     1.00000000  -113.23227900  -113.42862020  -113.24537100  -113.48482840
3.30000000     7.00000000    10.16384765  -113.50758391     1.00000000  -113.23223180  -113.42839250  -113.24533610  -113.48460190
3.30000000     7.25000000    10.41233845  -113.50740441     1.00000000  -113.23219290  -113.42821550  -113.24530520  -113.48442440
3.30000000     7.50000000    10.66089981  -113.50726000     1.00000000  -113.23216080  -113.42807680  -113.24527670  -113.48428250
3.30000000     7.75000000    10.90952692  -113.50714250     1.00000000  -113.23213450  -113.42796660  -113.24525060  -113.48416760
3.30000000     8.00000000    11.15821538  -113.50704652     1.00000000  -113.23211250  -113.42787780  -113.24522760  -113.48407400
3.30000000     8.25000000    11.40696117  -113.50696781     1.00000000  -113.23209340  -113.42780540  -113.24520770  -113.48399740
3.30000000     8.50000000    11.65576064  -113.50690336     1.00000000  -113.23207630  -113.42774520  -113.24519100  -113.48393450
3.30000000     8.75000000    11.90461040  -113.50685026     1.00000000  -113.23206050  -113.42769450  -113.24517700  -113.48388250
3.30000000     9.00000000    12.15350738  -113.50681271     1.00000000  -113.23203620  -113.42763620  -113.24516520  -113.48383940
3.30000000     9.25000000    12.40244873  -113.50677556     1.00000000  -113.23202360  -113.42760100  -113.24515520  -113.48380330
3.30000000     9.50000000    12.65143183  -113.50674479     1.00000000  -113.23201220  -113.42757050  -113.24514650  -113.48377300
3.30000000     9.75000000    12.90045426  -113.50671752     1.00000000  -113.23200200  -113.42754430  -113.24513910  -113.48374650
3.30000000    10.00000000    13.14951379  -113.50669601     1.00000000  -113.23199290  -113.42752150  -113.24513260  -113.48372490


3.40000000     1.50000000     4.83682383  -112.92983339     1.00000000  -112.52666610  -112.69961630  -112.61607050  -112.86318970
3.40000000     1.75000000     5.07984667  -113.44135165     1.00000000  -113.09345230  -113.27194230  -113.14643320  -113.39153030
3.40000000     2.00000000     5.32351572  -113.65175837     1.00000000  -113.33645170  -113.51971750  -113.36910310  -113.61256340
3.40000000     2.25000000     5.56774614  -113.71466223     1.00000000  -113.41692200  -113.60435530  -113.43905410  -113.68181640
3.40000000     2.50000000     5.81246717  -113.71056478     1.00000000  -113.42057170  -113.61215620  -113.43772080  -113.68129320
3.40000000     2.75000000     6.05761934  -113.68356774     1.00000000  -113.39373920  -113.59102720  -113.40867510  -113.65608660
3.40000000     3.00000000     6.30315234  -113.65786224     1.00000000  -113.36291920  -113.56964190  -113.37639370  -113.63171930
3.40000000     3.25000000     6.54902336  -113.62857832     1.00000000  -113.33335080  -113.54068380  -113.34633060  -113.60247780
3.40000000     3.50000000     6.79519568  -113.60059270     1.00000000  -113.30640990  -113.51427120  -113.31919310  -113.57502880
3.40000000     3.75000000     7.04163772  -113.57710393     1.00000000  -113.28394890  -113.49209550  -113.29658440  -113.55198910
3.40000000     4.00000000     7.28832212  -113.55759608     1.00000000  -113.26583510  -113.47381370  -113.27832300  -113.53289800


3.50000000     1.50000000     4.93627111  -112.92143795     1.00000000  -112.51898090  -112.69175570  -112.60842770  -112.85501710
3.50000000     1.75000000     5.17916350  -113.43253037     1.00000000  -113.08540880  -113.26371520  -113.13834720  -113.38293170
3.50000000     2.00000000     5.42270197  -113.64261944     1.00000000  -113.32810030  -113.51118300  -113.36068530  -113.60364140
3.50000000     2.25000000     5.66680322  -113.70523813     1.00000000  -113.40825760  -113.59552930  -113.43032290  -113.67260290
3.50000000     2.50000000     5.91139754  -113.70097060     1.00000000  -113.41159530  -113.60313230  -113.42868890  -113.67189860
3.50000000     2.75000000     6.15642615  -113.67499081     1.00000000  -113.38487750  -113.58284990  -113.39975930  -113.64764620
3.50000000     3.00000000     6.40183919  -113.64796815     1.00000000  -113.35409470  -113.56028990  -113.36758640  -113.62202300
