1.80000000     1.50000000     3.28754648  -112.60363781     1.00000000  -112.13200750  -112.30382820  -112.25444000  -112.51554910
1.80000000     1.75000000     3.53649386  -113.14263290     1.00000000  -112.72336590  -112.90060400  -112.81177930  -113.07096780
1.80000000     2.00000000     3.78557998  -113.38142869     1.00000000  -112.99478100  -113.17811530  -113.06300120  -113.32122160
1.80000000     2.25000000     4.03477915  -113.51357676     1.00000000  -113.14739570  -113.32925370  -113.20384860  -113.45856510
1.80000000     2.50000000     4.28407164  -113.55106675     1.00000000  -113.19663790  -113.37789410  -113.24781750  -113.49942470
1.80000000     2.75000000     4.53344204  -113.55299742     1.00000000  -113.20521270  -113.38568870  -113.25432420  -113.50325700
1.80000000     3.00000000     4.78287818  -113.53873461     1.00000000  -113.19494700  -113.37481340  -113.24335950  -113.49018260
1.80000000     3.25000000     5.03237029  -113.51788296     1.00000000  -113.17683160  -113.35626400  -113.22498610  -113.47017590
1.80000000     3.50000000     5.28191042  -113.49525198     1.00000000  -113.15630480  -113.33535260  -113.20430720  -113.44818110
1.80000000     3.75000000     5.53149208  -113.47319281     1.00000000  -113.13598920  -113.31460800  -113.18387280  -113.42660630
1.80000000     4.00000000     5.78110990  -113.45279852     1.00000000  -113.11713490  -113.29524590  -113.16492950  -113.40659220
1.80000000     4.25000000     6.03075937  -113.43458117     1.00000000  -113.10039430  -113.27791020  -113.14811540  -113.38869940
1.80000000     4.50000000     6.28043674  -113.41880139     1.00000000  -113.08616340  -113.26298510  -113.13378900  -113.37322930
1.80000000     4.75000000     6.53013879  -113.40559532     1.00000000  -113.07466550  -113.25067440  -113.12213980  -113.36033790
1.80000000     5.00000000     6.77986280  -113.39501260     1.00000000  -113.06595250  -113.24101850  -113.11320860  -113.35006940
1.80000000     5.25000000     7.02960643  -113.38700434     1.00000000  -113.05991530  -113.23391080  -113.10688700  -113.34235320
1.80000000     5.50000000     7.27936766  -113.38138560     1.00000000  -113.05629540  -113.22910480  -113.10293550  -113.33698450
1.80000000     5.75000000     7.52914474  -113.37784192     1.00000000  -113.05457890  -113.22621890  -113.10094560  -113.33364220
1.80000000     6.00000000     7.77893614  -113.37594370     1.00000000  -113.05397290  -113.22471270  -113.10021590  -113.33187090
1.80000000     6.25000000     8.02874053  -113.37504642     1.00000000  -113.05383070  -113.22397660  -113.10004780  -113.33103020
1.80000000     6.50000000     8.27855672  -113.37461769     1.00000000  -113.05384020  -113.22359820  -113.10006710  -113.33062230
1.80000000     6.75000000     8.52838369  -113.37439210     1.00000000  -113.05388400  -113.22337800  -113.10013040  -113.33040220
1.80000000     7.00000000     8.77822051  -113.37425618     1.00000000  -113.05392430  -113.22323040  -113.10019080  -113.33026540
1.80000000     7.25000000     9.02806637  -113.37416182     1.00000000  -113.05395210  -113.22311950  -113.10023580  -113.33016780
1.80000000     7.50000000     9.27792053  -113.37408756     1.00000000  -113.05396800  -113.22303020  -113.10026450  -113.33009010
1.80000000     7.75000000     9.52778234  -113.37402367     1.00000000  -113.05397450  -113.22295540  -113.10027910  -113.33002350
1.80000000     8.00000000     9.77765122  -113.37396525     1.00000000  -113.05397460  -113.22289150  -113.10028260  -113.32996360
1.80000000     8.25000000    10.02752663  -113.37390916     1.00000000  -113.05397010  -113.22283600  -113.10027790  -113.32990770
1.80000000     8.50000000    10.27740810  -113.37385656     1.00000000  -113.05396260  -113.22278770  -113.10026740  -113.32985620
1.80000000     8.75000000    10.52729520  -113.37380670     1.00000000  -113.05395340  -113.22274550  -113.10025340  -113.32980840
1.80000000     9.00000000    10.77718754  -113.37376022     1.00000000  -113.05394350  -113.22270870  -113.10023790  -113.32976460
1.80000000     9.25000000    11.02708475  -113.37371812     1.00000000  -113.05393360  -113.22267690  -113.10022230  -113.32972540
1.80000000     9.50000000    11.27698653  -113.37368090     1.00000000  -113.05392400  -113.22264940  -113.10020780  -113.32969100
1.80000000     9.75000000    11.52689256  -113.37364896     1.00000000  -113.05391520  -113.22262580  -113.10019490  -113.32966150
1.80000000    10.00000000    11.77680258  -113.37362234     1.00000000  -113.05390720  -113.22260550  -113.10018420  -113.32963680


1.90000000     1.50000000     3.38724138  -112.71993120     1.00000000  -112.26195350  -112.43548920  -112.37525380  -112.63620660
1.90000000     1.75000000     3.63613415  -113.25569648     1.00000000  -112.84948400  -113.02902000  -112.92897690  -113.18839390
1.90000000     2.00000000     3.88516910  -113.49207985     1.00000000  -113.11742620  -113.30281250  -113.17708160  -113.43574480
1.90000000     2.25000000     4.13432054  -113.61031994     1.00000000  -113.25736000  -113.44111010  -113.30561500  -113.55966570
1.90000000     2.50000000     4.38356860  -113.64515690     1.00000000  -113.30402040  -113.48722140  -113.34692920  -113.59788950
1.90000000     2.75000000     4.63289769  -113.64521528     1.00000000  -113.31089630  -113.49332330  -113.35161050  -113.59988240
1.90000000     3.00000000     4.88229540  -113.62979500     1.00000000  -113.29962260  -113.48142110  -113.33953220  -113.58567110
1.90000000     3.25000000     5.13175172  -113.60829588     1.00000000  -113.28092920  -113.46227180  -113.32052510  -113.56501690
1.90000000     3.50000000     5.38125851  -113.58532362     1.00000000  -113.26008360  -113.44102900  -113.29949940  -113.54267330
1.90000000     3.75000000     5.63080904  -113.56307241     1.00000000  -113.23960870  -113.42012340  -113.27887360  -113.52090780
1.90000000     4.00000000     5.88039776  -113.54255159     1.00000000  -113.22069100  -113.40070400  -113.25982050  -113.50078150
1.90000000     4.25000000     6.13002000  -113.52424237     1.00000000  -113.20394540  -113.38337000  -113.24294590  -113.48281930
1.90000000     4.50000000     6.37967182  -113.50840463     1.00000000  -113.18975960  -113.36848770  -113.22860840  -113.46731650
1.90000000     4.75000000     6.62934989  -113.49520091     1.00000000  -113.17838680  -113.35627650  -113.21703240  -113.45445220
1.90000000     5.00000000     6.87905134  -113.48473603     1.00000000  -113.16995120  -113.34682300  -113.20833220  -113.44432270
1.90000000     5.25000000     7.12877371  -113.47702613     1.00000000  -113.16442610  -113.34006490  -113.20249700  -113.43691750
1.90000000     5.50000000     7.37851489  -113.47192332     1.00000000  -113.16148830  -113.33574390  -113.19928200  -113.43206090
1.90000000     5.75000000     7.62827303  -113.46904512     1.00000000  -113.16031070  -113.33335310  -113.19796070  -113.42934110
1.90000000     6.00000000     7.87804651  -113.46764282     1.00000000  -113.15996600  -113.33216480  -113.19758080  -113.42801310
1.90000000     6.25000000     8.12783391  -113.46697286     1.00000000  -113.15992020  -113.33156950  -113.19754460  -113.42737280
1.90000000     6.50000000     8.37763400  -113.46662731     1.00000000  -113.15995770  -113.33124010  -113.19760480  -113.42703720
1.90000000     6.75000000     8.62744567  -113.46642617     1.00000000  -113.16000410  -113.33103100  -113.19767590  -113.42683730
1.90000000     7.00000000     8.87726795  -113.46629283     1.00000000  -113.16003840  -113.33088030  -113.19773270  -113.42670130
1.90000000     7.25000000     9.12709996  -113.46619322     1.00000000  -113.16005820  -113.33076220  -113.19777090  -113.42659790
1.90000000     7.50000000     9.37694092  -113.46611149     1.00000000  -113.16006640  -113.33066520  -113.19779230  -113.42651270
1.90000000     7.75000000     9.62679014  -113.46604028     1.00000000  -113.16006680  -113.33058380  -113.19780050  -113.42643900
1.90000000     8.00000000     9.87664699  -113.46597567     1.00000000  -113.16006200  -113.33051460  -113.19779880  -113.42637320
1.90000000     8.25000000    10.12651090  -113.46591612     1.00000000  -113.16005380  -113.33045510  -113.19779020  -113.42631360
1.90000000     8.50000000    10.37638137  -113.46586060     1.00000000  -113.16004370  -113.33040380  -113.19777740  -113.42625920
1.90000000     8.75000000    10.62625794  -113.46580942     1.00000000  -113.16003260  -113.33035940  -113.19776240  -113.42620990
1.90000000     9.00000000    10.87614018  -113.46576275     1.00000000  -113.16002130  -113.33032110  -113.19774660  -113.42616560
1.90000000     9.25000000    11.12602771  -113.46572117     1.00000000  -113.16001020  -113.33028800  -113.19773140  -113.42612650
1.90000000     9.50000000    11.37592018  -113.46568477     1.00000000  -113.15999970  -113.33025960  -113.19771740  -113.42609250
1.90000000     9.75000000    11.62581727  -113.46565383     1.00000000  -113.15999000  -113.33023520  -113.19770530  -113.42606360
1.90000000    10.00000000    11.87571870  -113.46562814     1.00000000  -113.15998130  -113.33021420  -113.19769500  -113.42603940


2.00000000     1.50000000     3.48695376  -112.80490922     1.00000000  -112.35797700  -112.53295570  -112.46398930  -112.72475400
2.00000000     1.75000000     3.73579366  -113.33742333     1.00000000  -112.94174910  -113.12323640  -113.01413710  -113.27369320
2.00000000     2.00000000     3.98477879  -113.57096453     1.00000000  -113.20835690  -113.39369080  -113.26145480  -113.51808090
2.00000000     2.25000000     4.23388353  -113.67685224     1.00000000  -113.33456580  -113.52010280  -113.37633510  -113.62982980
2.00000000     2.50000000     4.48308795  -113.70893862     1.00000000  -113.37849020  -113.56349840  -113.41488280  -113.66529510
2.00000000     2.75000000     4.73237628  -113.70698263     1.00000000  -113.38345220  -113.56769790  -113.41757480  -113.66529110
2.00000000     3.00000000     4.98173595  -113.69030891     1.00000000  -113.37101300  -113.55461480  -113.40426960  -113.64983380
2.00000000     3.25000000     5.23115674  -113.66812535     1.00000000  -113.35166770  -113.53479430  -113.38458270  -113.62848800
2.00000000     3.50000000     5.48063031  -113.64480991     1.00000000  -113.33048620  -113.51320590  -113.36320710  -113.60579230
2.00000000     3.75000000     5.73014976  -113.62238567     1.00000000  -113.30986120  -113.49215350  -113.34240980  -113.58385570
2.00000000     4.00000000     5.97970936  -113.60177248     1.00000000  -113.29090060  -113.47270050  -113.32328010  -113.56364990
2.00000000     4.25000000     6.22930428  -113.58341866     1.00000000  -113.27418130  -113.45540110  -113.30639200  -113.54566300
2.00000000     4.50000000     6.47893043  -113.56759266     1.00000000  -113.26009290  -113.44061040  -113.29211420  -113.53019260
2.00000000     4.75000000     6.72858435  -113.55449525     1.00000000  -113.24893620  -113.42857220  -113.28072480  -113.51745180
2.00000000     5.00000000     6.97826304  -113.54429550     1.00000000  -113.24092360  -113.41942040  -113.27243480  -113.50759640
2.00000000     5.25000000     7.22796395  -113.53705805     1.00000000  -113.23605850  -113.41310760  -113.26729440  -113.50065730
2.00000000     5.50000000     7.47768484  -113.53260139     1.00000000  -113.23377570  -113.40930070  -113.26483430  -113.49641280
2.00000000     5.75000000     7.72742378  -113.53028176     1.00000000  -113.23297190  -113.40730600  -113.26397060  -113.49420400
2.00000000     6.00000000     7.97717908  -113.52916103     1.00000000  -113.23277310  -113.40631200  -113.26377260  -113.49313050
2.00000000     6.25000000     8.22694924  -113.52859412     1.00000000  -113.23277140  -113.40578780  -113.26379280  -113.49258310
2.00000000     6.50000000     8.47673295  -113.52827757     1.00000000  -113.23281490  -113.40547560  -113.26386360  -113.49227270
2.00000000     6.75000000     8.72652905  -113.52807847     1.00000000  -113.23285440  -113.40526330  -113.26393020  -113.49207320
2.00000000     7.00000000     8.97633651  -113.52793834     1.00000000  -113.23287880  -113.40510340  -113.26397850  -113.49192970
2.00000000     7.25000000     9.22615439  -113.52782950     1.00000000  -113.23288910  -113.40497540  -113.26400780  -113.49181690
2.00000000     7.50000000     9.47598188  -113.52773910     1.00000000  -113.23288940  -113.40486990  -113.26402140  -113.49172310
2.00000000     7.75000000     9.72581824  -113.52766043     1.00000000  -113.23288360  -113.40478160  -113.26402310  -113.49164210
2.00000000     8.00000000     9.97566279  -113.52758980     1.00000000  -113.23287420  -113.40470710  -113.26401650  -113.49157050
2.00000000     8.25000000    10.22551494  -113.52752587     1.00000000  -113.23286260  -113.40464370  -113.26400450  -113.49150670
2.00000000     8.50000000    10.47537415  -113.52746782     1.00000000  -113.23285000  -113.40458950  -113.26398960  -113.49144970
2.00000000     8.75000000    10.72523992  -113.52741530     1.00000000  -113.23283700  -113.40454300  -113.26397350  -113.49139890
2.00000000     9.00000000    10.97511180  -113.52736833     1.00000000  -113.23282410  -113.40450300  -113.26395750  -113.49135400
2.00000000     9.25000000    11.22498939  -113.52732681     1.00000000  -113.23281180  -113.40446870  -113.26394240  -113.49131470
2.00000000     9.50000000    11.47487231  -113.52729121     1.00000000  -113.23280030  -113.40443920  -113.26392870  -113.49128100
2.00000000     9.75000000    11.72476023  -113.52726082     1.00000000  -113.23278970  -113.40441390  -113.26391690  -113.49125230
2.00000000    10.00000000    11.97465282  -113.52723563     1.00000000  -113.23278010  -113.40439210  -113.26390690  -113.49122830


2.10000000     1.50000000     3.58668215  -112.86626151     1.00000000  -112.42806120  -112.60419430  -112.52839430  -112.78894680
2.10000000     1.75000000     3.83547089  -113.39557286     1.00000000  -113.00826710  -113.19136310  -113.07511270  -113.33471790
2.10000000     2.00000000     4.08440756  -113.62595301     1.00000000  -113.26911780  -113.45828900  -113.31655180  -113.57574690
2.10000000     2.25000000     4.33346666  -113.72096562     1.00000000  -113.38709030  -113.57445680  -113.42379810  -113.67696750
2.10000000     2.50000000     4.58262822  -113.75020428     1.00000000  -113.42819320  -113.61492860  -113.45952930  -113.70954250
2.10000000     2.75000000     4.83187640  -113.74609822     1.00000000  -113.43105130  -113.61701580  -113.46008190  -113.70738590
2.10000000     3.00000000     5.08119845  -113.72805688     1.00000000  -113.41728800  -113.60259330  -113.44542370  -113.69055840
2.10000000     3.25000000     5.33058400  -113.70513144     1.00000000  -113.39720990  -113.58202190  -113.42499450  -113.66845930
2.10000000     3.50000000     5.58002455  -113.68145924     1.00000000  -113.37566740  -113.56006580  -113.40325350  -113.64539710
2.10000000     3.75000000     5.82951303  -113.65887336     1.00000000  -113.35489440  -113.53887200  -113.38229560  -113.62330050
2.10000000     4.00000000     6.07904353  -113.63820047     1.00000000  -113.33590640  -113.51940550  -113.36311700  -113.60304550
2.10000000     4.25000000     6.32861109  -113.61984914     1.00000000  -113.31924330  -113.50217050  -113.34626030  -113.58507720
2.10000000     4.50000000     6.57821150  -113.60409940     1.00000000  -113.30530650  -113.48751550  -113.33211380  -113.56969910
2.10000000     4.75000000     6.82784114  -113.59120133     1.00000000  -113.29446020  -113.47571320  -113.32102680  -113.55716730
2.10000000     5.00000000     7.07749693  -113.58138126     1.00000000  -113.28699690  -113.46693030  -113.31330650  -113.54768860
2.10000000     5.25000000     7.32717619  -113.57470992     1.00000000  -113.28283550  -113.46109520  -113.30893940  -113.54129240
2.10000000     5.50000000     7.57687661  -113.57085964     1.00000000  -113.28107680  -113.45774710  -113.30708370  -113.53761150
2.10000000     5.75000000     7.82659615  -113.56891555     1.00000000  -113.28050910  -113.45602890  -113.30649730  -113.53574760
2.10000000     6.00000000     8.07633304  -113.56794425     1.00000000  -113.28038790  -113.45514790  -113.30639120  -113.53481200
2.10000000     6.25000000     8.32608573  -113.56742171     1.00000000  -113.28040170  -113.45465530  -113.30643170  -113.53430480
2.10000000     6.50000000     8.57585282  -113.56711023     1.00000000  -113.28043950  -113.45434310  -113.30649880  -113.53399780
2.10000000     6.75000000     8.82563311  -113.56690354     1.00000000  -113.28046770  -113.45412010  -113.30655540  -113.53378970
2.10000000     7.00000000     9.07542550  -113.56675232     1.00000000  -113.28048050  -113.45394830  -113.30659290  -113.53363490
2.10000000     7.25000000     9.32522901  -113.56663311     1.00000000  -113.28048100  -113.45380950  -113.30661270  -113.53351160
2.10000000     7.50000000     9.57504278  -113.56653347     1.00000000  -113.28047360  -113.45369530  -113.30661830  -113.53340870
2.10000000     7.75000000     9.82486602  -113.56644723     1.00000000  -113.28046200  -113.45360030  -113.30661390  -113.53332040
2.10000000     8.00000000    10.07469804  -113.56637099     1.00000000  -113.28044810  -113.45352080  -113.30660270  -113.53324340
2.10000000     8.25000000    10.32453818  -113.56630318     1.00000000  -113.28043330  -113.45345370  -113.30658760  -113.53317580
2.10000000     8.50000000    10.57438588  -113.56624244     1.00000000  -113.28041820  -113.45339680  -113.30657080  -113.53311620
2.10000000     8.75000000    10.82424062  -113.56618857     1.00000000  -113.28040330  -113.45334820  -113.30655360  -113.53306390
2.10000000     9.00000000    11.07410191  -113.56614116     1.00000000  -113.28038890  -113.45330660  -113.30653720  -113.53301830
2.10000000     9.25000000    11.32396932  -113.56609985     1.00000000  -113.28037530  -113.45327090  -113.30652200  -113.53297880
2.10000000     9.50000000    11.57384246  -113.56606439     1.00000000  -113.28036260  -113.45324030  -113.30650850  -113.53294500
2.10000000     9.75000000    11.82372097  -113.56603438     1.00000000  -113.28035100  -113.45321390  -113.30649680  -113.53291630
2.10000000    10.00000000    12.07360450  -113.56600934     1.00000000  -113.28034050  -113.45319120  -113.30648680  -113.53289220


2.20000000     1.50000000     3.68642526  -112.90977465     1.00000000  -112.47830250  -112.65530950  -112.57434110  -112.83465670
2.20000000     1.75000000     3.93516451  -113.43600979     1.00000000  -113.05523370  -113.23961840  -113.11785460  -113.37742770
2.20000000     2.00000000     4.18405404  -113.66490717     1.00000000  -113.31785270  -113.50341920  -113.35593370  -113.61528120
2.20000000     2.25000000     4.43306855  -113.74659778     1.00000000  -113.41791760  -113.61030800  -113.45064820  -113.70580060
2.20000000     2.50000000     4.68218809  -113.77498142     1.00000000  -113.45944730  -113.64792460  -113.48691490  -113.73676130
2.20000000     2.75000000     4.93139674  -113.76857125     1.00000000  -113.46004440  -113.64767690  -113.48520100  -113.73227860
2.20000000     3.00000000     5.18068165  -113.74903293     1.00000000  -113.44479800  -113.63174390  -113.46905310  -113.71394070
2.20000000     3.25000000     5.43003231  -113.72528858     1.00000000  -113.42389530  -113.61032910  -113.44780180  -113.69100840
2.20000000     3.50000000     5.67944006  -113.70122971     1.00000000  -113.40195700  -113.58797430  -113.42566740  -113.66755120
2.20000000     3.75000000     5.92889770  -113.67849212     1.00000000  -113.38103150  -113.56664030  -113.40455220  -113.64530300
2.20000000     4.00000000     6.17839918  -113.65778357     1.00000000  -113.36202850  -113.54717880  -113.38534720  -113.62502270
2.20000000     4.25000000     6.42793940  -113.63947769     1.00000000  -113.34544960  -113.53003810  -113.36856230  -113.60711330
2.20000000     4.50000000     6.67751402  -113.62386121     1.00000000  -113.33171580  -113.51555670  -113.35461290  -113.59187990
2.20000000     4.75000000     6.92711932  -113.61122661     1.00000000  -113.32126060  -113.50402760  -113.34392770  -113.57961450
2.20000000     5.00000000     7.17675209  -113.60183571     1.00000000  -113.31441600  -113.49562670  -113.33686900  -113.57055240
2.20000000     5.25000000     7.42640957  -113.59572542     1.00000000  -113.31089530  -113.49023460  -113.33321170  -113.56468330
2.20000000     5.50000000     7.67608934  -113.59234875     1.00000000  -113.30951180  -113.48724340  -113.33177910  -113.56143980
2.20000000     5.75000000     7.92578931  -113.59063491     1.00000000  -113.30908630  -113.48570290  -113.33135360  -113.55978930
2.20000000     6.00000000     8.17550761  -113.58973847     1.00000000  -113.30900230  -113.48488180  -113.33129060  -113.55892370
2.20000000     6.25000000     8.42524262  -113.58923031     1.00000000  -113.30901560  -113.48439780  -113.33133260  -113.55842890
2.20000000     6.50000000     8.67499290  -113.58891178     1.00000000  -113.30904160  -113.48407630  -113.33138910  -113.55811410
2.20000000     6.75000000     8.92475715  -113.58869220     1.00000000  -113.30905630  -113.48384030  -113.33143280  -113.55789310
2.20000000     7.00000000     9.17453425  -113.58852841     1.00000000  -113.30905720  -113.48365550  -113.33145880  -113.55772560
2.20000000     7.25000000     9.42432318  -113.58839819     1.00000000  -113.30904800  -113.48350600  -113.33146900  -113.55759140
2.20000000     7.50000000     9.67412300  -113.58828944     1.00000000  -113.30903330  -113.48338340  -113.33146700  -113.55747960
2.20000000     7.75000000     9.92393291  -113.58819645     1.00000000  -113.30901600  -113.48328160  -113.33145670  -113.55738450
2.20000000     8.00000000    10.17375215  -113.58811497     1.00000000  -113.30899800  -113.48319730  -113.33144130  -113.55730240
2.20000000     8.25000000    10.42358007  -113.58804337     1.00000000  -113.30898010  -113.48312680  -113.33142340  -113.55723120
2.20000000     8.50000000    10.67341604  -113.58798045     1.00000000  -113.30896260  -113.48306720  -113.33140470  -113.55716930
2.20000000     8.75000000    10.92325952  -113.58792534     1.00000000  -113.30894570  -113.48301650  -113.33138650  -113.55711560
2.20000000     9.00000000    11.17311000  -113.58787717     1.00000000  -113.30892970  -113.48297330  -113.33136960  -113.55706910
2.20000000     9.25000000    11.42296702  -113.58783570     1.00000000  -113.30891470  -113.48293630  -113.33135420  -113.55702920
2.20000000     9.50000000    11.67283017  -113.58780023     1.00000000  -113.30890080  -113.48290450  -113.33134050  -113.55699510
2.20000000     9.75000000    11.92269905  -113.58777027     1.00000000  -113.30888820  -113.48287710  -113.33132870  -113.55696620
2.20000000    10.00000000    12.17257332  -113.58774519     1.00000000  -113.30887680  -113.48285360  -113.33131860  -113.55694190


2.30000000     1.50000000     3.78618192  -112.93802752     1.00000000  -112.51270880  -112.69098220  -112.60998650  -112.86623470
2.30000000     1.75000000     4.03487328  -113.46293261     1.00000000  -113.09198400  -113.27275030  -113.15184300  -113.40627340
2.30000000     2.00000000     4.28371700  -113.68748716     1.00000000  -113.34811240  -113.53358810  -113.38843860  -113.64130120
2.30000000     2.25000000     4.53268797  -113.76721133     1.00000000  -113.44499870  -113.63559280  -113.47477260  -113.72766580
2.30000000     2.50000000     4.78176632  -113.78799116     1.00000000  -113.47717580  -113.66756490  -113.50171110  -113.75176700
2.30000000     2.75000000     5.03093610  -113.77905544     1.00000000  -113.47538000  -113.66468560  -113.49762570  -113.74471440
2.30000000     3.00000000     5.28018437  -113.75785991     1.00000000  -113.45849180  -113.64705460  -113.47984350  -113.72469910
2.30000000     3.25000000     5.52950051  -113.73319618     1.00000000  -113.43665880  -113.62468740  -113.45767230  -113.70083210
2.30000000     3.50000000     5.77887574  -113.70871362     1.00000000  -113.41427860  -113.60189220  -113.43510370  -113.67694260
2.30000000     3.75000000     6.02830272  -113.68582731     1.00000000  -113.39319060  -113.58041940  -113.41382730  -113.65454660
2.30000000     4.00000000     6.27777530  -113.66511630     1.00000000  -113.37418240  -113.56098660  -113.39461360  -113.63427220
2.30000000     4.25000000     6.52728822  -113.64689927     1.00000000  -113.35771200  -113.54397440  -113.37793440  -113.61646340
2.30000000     4.50000000     6.77683706  -113.63145741     1.00000000  -113.34422010  -113.52969360  -113.36423220  -113.60141270
2.30000000     4.75000000     7.02641796  -113.61909939     1.00000000  -113.33420030  -113.51843220  -113.35400720  -113.58942240
2.30000000     5.00000000     7.27602765  -113.61010517     1.00000000  -113.32796320  -113.51035860  -113.34760770  -113.58073790
2.30000000     5.25000000     7.52566324  -113.60446185     1.00000000  -113.32495770  -113.50531690  -113.34451850  -113.57530020
2.30000000     5.50000000     7.77532225  -113.60140961     1.00000000  -113.32382510  -113.50256910  -113.34336280  -113.57235490
2.30000000     5.75000000     8.02500250  -113.59982811     1.00000000  -113.32348060  -113.50113190  -113.34302700  -113.57082710
2.30000000     6.00000000     8.27470205  -113.59896736     1.00000000  -113.32340930  -113.50033650  -113.34297930  -113.56999370
2.30000000     6.25000000     8.52441921  -113.59845683     1.00000000  -113.32341300  -113.49984740  -113.34301250  -113.56949550
2.30000000     6.50000000     8.77415248  -113.59812395     1.00000000  -113.32342410  -113.49951170  -113.34305470  -113.56916640
2.30000000     6.75000000     9.02390053  -113.59788994     1.00000000  -113.32342450  -113.49926070  -113.34308470  -113.56893080
2.30000000     7.00000000     9.27366215  -113.59771298     1.00000000  -113.32341360  -113.49906300  -113.34309890  -113.56875020
2.30000000     7.25000000     9.52343628  -113.59757175     1.00000000  -113.32339520  -113.49890320  -113.34309970  -113.56860520
2.30000000     7.50000000     9.77322196  -113.59745430     1.00000000  -113.32337340  -113.49877280  -113.34309050  -113.56848500
2.30000000     7.75000000    10.02301833  -113.59735440     1.00000000  -113.32335090  -113.49866560  -113.34307480  -113.56838350
2.30000000     8.00000000    10.27282460  -113.59726792     1.00000000  -113.32332880  -113.49857700  -113.34305560  -113.56829670
2.30000000     8.25000000    10.52264008  -113.59719298     1.00000000  -113.32330780  -113.49850310  -113.34303500  -113.56822220
2.30000000     8.50000000    10.77246412  -113.59712786     1.00000000  -113.32328790  -113.49844100  -113.34301460  -113.56815810
2.30000000     8.75000000    11.02229613  -113.59707128     1.00000000  -113.32326900  -113.49838840  -113.34299530  -113.56810290
2.30000000     9.00000000    11.27213560  -113.59702262     1.00000000  -113.32325140  -113.49834350  -113.34297770  -113.56805560
2.30000000     9.25000000    11.52198203  -113.59698078     1.00000000  -113.32323500  -113.49830510  -113.34296190  -113.56801510
2.30000000     9.50000000    11.77183498  -113.59694542     1.00000000  -113.32321990  -113.49827160  -113.34294800  -113.56798060
2.30000000     9.75000000    12.02169405  -113.59691535     1.00000000  -113.32320620  -113.49824320  -113.34293600  -113.56795140
2.30000000    10.00000000    12.27155885  -113.59689024     1.00000000  -113.32319390  -113.49821870  -113.34292560  -113.56792680


2.40000000     1.50000000     3.88595108  -112.95876941     1.00000000  -112.54005760  -112.71483790  -112.63198530  -112.88709450
2.40000000     1.75000000     4.13459613  -113.48000465     1.00000000  -113.11395480  -113.29447960  -113.17158310  -113.42475150
2.40000000     2.00000000     4.38339531  -113.70180543     1.00000000  -113.36737890  -113.55265600  -113.40541770  -113.65703350
2.40000000     2.25000000     4.63232379  -113.77839093     1.00000000  -113.46133650  -113.65122280  -113.48887220  -113.74014060
2.40000000     2.50000000     4.88136180  -113.79312694     1.00000000  -113.48528080  -113.67802560  -113.50758250  -113.75852120
2.40000000     2.75000000     5.13049338  -113.78116988     1.00000000  -113.48092140  -113.67195510  -113.50099830  -113.74838790
2.40000000     3.00000000     5.37970554  -113.75811475     1.00000000  -113.46223330  -113.65241290  -113.48143320  -113.72649140
2.40000000     3.25000000     5.62898756  -113.73241371     1.00000000  -113.43934980  -113.62897400  -113.45822660  -113.70157280
2.40000000     3.50000000     5.87833057  -113.70746597     1.00000000  -113.41647090  -113.60569570  -113.43517120  -113.67721030
2.40000000     3.75000000     6.12772711  -113.68444683     1.00000000  -113.39520810  -113.58409430  -113.41372590  -113.65468140
2.40000000     4.00000000     6.37717091  -113.66378473     1.00000000  -113.37620620  -113.56473220  -113.39452020  -113.63446190
2.40000000     4.25000000     6.62665664  -113.64571859     1.00000000  -113.35986580  -113.54789980  -113.37797400  -113.61681290
2.40000000     4.50000000     6.87617971  -113.63047919     1.00000000  -113.34663210  -113.53384690  -113.36454300  -113.60197390
2.40000000     4.75000000     7.12573623  -113.61833110     1.00000000  -113.33703110  -113.52279320  -113.35477120  -113.59019610
2.40000000     5.00000000     7.37532278  -113.60959338     1.00000000  -113.33130720  -113.51490170  -113.34893760  -113.58174760
2.40000000     5.25000000     7.62493642  -113.60426059     1.00000000  -113.32867280  -113.51005940  -113.34625780  -113.57658500
2.40000000     5.50000000     7.87457457  -113.60140092     1.00000000  -113.32769660  -113.50744300  -113.34527380  -113.57381190
2.40000000     5.75000000     8.12423498  -113.59988656     1.00000000  -113.32739250  -113.50605180  -113.34498320  -113.57234400
2.40000000     6.00000000     8.37391565  -113.59903438     1.00000000  -113.32731860  -113.50525730  -113.34493430  -113.57151640
2.40000000     6.25000000     8.62361482  -113.59851240     1.00000000  -113.32730730  -113.50475420  -113.34495320  -113.57100580
2.40000000     6.50000000     8.87333094  -113.59816459     1.00000000  -113.32730200  -113.50440150  -113.34497940  -113.57066100
2.40000000     6.75000000     9.12306260  -113.59791532     1.00000000  -113.32728820  -113.50413500  -113.34499520  -113.57041000
2.40000000     7.00000000     9.37280857  -113.59772555     1.00000000  -113.32726570  -113.50392480  -113.34499800  -113.57021670
2.40000000     7.25000000     9.62256773  -113.59757377     1.00000000  -113.32723850  -113.50375550  -113.34498990  -113.57006150
2.40000000     7.50000000     9.87233909  -113.59744708     1.00000000  -113.32721000  -113.50361770  -113.34497390  -113.56993270
2.40000000     7.75000000    10.12212173  -113.59734100     1.00000000  -113.32718240  -113.50350510  -113.34495310  -113.56982530
2.40000000     8.00000000    10.37191485  -113.59725009     1.00000000  -113.32715650  -113.50341240  -113.34493020  -113.56973420
2.40000000     8.25000000    10.62171771  -113.59717209     1.00000000  -113.32713250  -113.50333540  -113.34490710  -113.56965670
2.40000000     8.50000000    10.87152962  -113.59710487     1.00000000  -113.32711010  -113.50327090  -113.34488500  -113.56959050
2.40000000     8.75000000    11.12134999  -113.59704712     1.00000000  -113.32708930  -113.50321640  -113.34486470  -113.56953400
2.40000000     9.00000000    11.37117826  -113.59699770     1.00000000  -113.32707010  -113.50317000  -113.34484640  -113.56948580
2.40000000     9.25000000    11.62101391  -113.59695545     1.00000000  -113.32705230  -113.50313030  -113.34483010  -113.56944470
2.40000000     9.50000000    11.87085648  -113.59691947     1.00000000  -113.32703600  -113.50309620  -113.34481580  -113.56940970
2.40000000     9.75000000    12.12070554  -113.59688906     1.00000000  -113.32702130  -113.50306680  -113.34480340  -113.56938000
2.40000000    10.00000000    12.37056070  -113.59686364     1.00000000  -113.32700810  -113.50304150  -113.34479270  -113.56935500


2.50000000     1.50000000     3.98573182  -112.97049434     1.00000000  -112.55531820  -112.72982020  -112.64588220  -112.89985890
2.50000000     1.75000000     4.23433204  -113.48960549     1.00000000  -113.12742490  -113.30764820  -113.18350060  -113.43545880
2.50000000     2.00000000     4.48308795  -113.70893862     1.00000000  -113.37849020  -113.56349840  -113.41488280  -113.66529510
2.50000000     2.25000000     4.73197498  -113.78270169     1.00000000  -113.46973890  -113.65913700  -113.49563830  -113.74552950
2.50000000     2.50000000     4.98097349  -113.79511267     1.00000000  -113.48730430  -113.68311910  -113.50779120  -113.76136210
2.50000000     2.75000000     5.23006755  -113.77772716     1.00000000  -113.47968650  -113.67251250  -113.49815590  -113.74616390
2.50000000     3.00000000     5.47924414  -113.75255232     1.00000000  -113.45903520  -113.65081790  -113.47665380  -113.72213560
2.50000000     3.25000000     5.72849247  -113.72569543     1.00000000  -113.43497360  -113.62619570  -113.45228590  -113.69605040
2.50000000     3.50000000     5.97780358  -113.70026945     1.00000000  -113.41153780  -113.60241970  -113.42868800  -113.67120220
2.50000000     3.75000000     6.22716993  -113.67719294     1.00000000  -113.39009990  -113.58075000  -113.40707600  -113.64861110
2.50000000     4.00000000     6.47658514  -113.65670780     1.00000000  -113.37113480  -113.56156770  -113.38791100  -113.62856830
2.50000000     4.25000000     6.72604377  -113.63893230     1.00000000  -113.35495700  -113.54504180  -113.37153130  -113.61121450
2.50000000     4.50000000     6.97554116  -113.62395029     1.00000000  -113.34197230  -113.53129020  -113.35836240  -113.59664900
2.50000000     4.75000000     7.22507330  -113.61181946     1.00000000  -113.33268250  -113.52032450  -113.34893930  -113.58491790
2.50000000     5.00000000     7.47463670  -113.60298011     1.00000000  -113.32728680  -113.51228520  -113.34349030  -113.57635820


2.60000000     1.50000000     4.08552328  -112.97634774     1.00000000  -112.56387510  -112.73809200  -112.65364050  -112.90652870
2.60000000     1.75000000     4.33408013  -113.49365525     1.00000000  -113.13453660  -113.31443920  -113.18956130  -113.44038530
2.60000000     2.00000000     4.58279398  -113.71084063     1.00000000  -113.38360000  -113.56830410  -113.41882960  -113.66810210
2.60000000     2.25000000     4.83164058  -113.78208959     1.00000000  -113.47240240  -113.66139550  -113.49713040  -113.74579790
2.60000000     2.50000000     5.08060044  -113.78917067     1.00000000  -113.48667730  -113.68078170  -113.50619220  -113.75660210
2.60000000     2.75000000     5.32965767  -113.77083522     1.00000000  -113.47403400  -113.66858270  -113.49131830  -113.74017310
2.60000000     3.00000000     5.57879924  -113.74321416     1.00000000  -113.45122060  -113.64451910  -113.46769410  -113.71373010
2.60000000     3.25000000     5.82801433  -113.71515196     1.00000000  -113.42586680  -113.61866930  -113.44204910  -113.68643110
2.60000000     3.50000000     6.07729390  -113.68940066     1.00000000  -113.40185250  -113.59452570  -113.41788580  -113.66124210
2.60000000     3.75000000     6.32663032  -113.66662419     1.00000000  -113.38031130  -113.57309890  -113.39617830  -113.63892980
2.60000000     4.00000000     6.57601713  -113.64683951     1.00000000  -113.36151070  -113.55454180  -113.37717930  -113.61955900
2.60000000     4.25000000     6.82544880  -113.62994680     1.00000000  -113.34561940  -113.53882530  -113.36108420  -113.60305990
2.60000000     4.50000000     7.07492059  -113.61569901     1.00000000  -113.33289500  -113.52581480  -113.34817280  -113.58922940
2.60000000     4.75000000     7.32442841  -113.60317892     1.00000000  -113.32365270  -113.51487460  -113.33880850  -113.57725810
2.60000000     5.00000000     7.57396868  -113.59269475     1.00000000  -113.31816830  -113.50545420  -113.33335120  -113.56715840
2.60000000     5.25000000     7.82353831  -113.58690979     1.00000000  -113.31577590  -113.49969920  -113.33100340  -113.56139070
2.60000000     5.50000000     8.07313457  -113.58402968     1.00000000  -113.31489620  -113.49684620  -113.33014500  -113.55852340
2.60000000     5.75000000     8.32275506  -113.58249683     1.00000000  -113.31459170  -113.49535690  -113.32986300  -113.55700940
2.60000000     6.00000000     8.57239767  -113.58160705     1.00000000  -113.31448400  -113.49449610  -113.32978350  -113.55613410
2.60000000     6.25000000     8.82206053  -113.58104524     1.00000000  -113.31443360  -113.49394030  -113.32976490  -113.55557910
2.60000000     6.50000000     9.07174195  -113.58066183     1.00000000  -113.31439360  -113.49354660  -113.32975750  -113.55519680
2.60000000     6.75000000     9.32144045  -113.58038314     1.00000000  -113.31435180  -113.49324900  -113.32974590  -113.55491580
2.60000000     7.00000000     9.57115470  -113.58017020     1.00000000  -113.31430780  -113.49301480  -113.32972730  -113.55469900
2.60000000     7.25000000     9.82088348  -113.58000008     1.00000000  -113.31426420  -113.49282820  -113.32970280  -113.55452580
2.60000000     7.50000000    10.07062572  -113.57986054     1.00000000  -113.31422330  -113.49267770  -113.32967450  -113.55438420
2.60000000     7.75000000    10.32038044  -113.57974408     1.00000000  -113.31418620  -113.49255560  -113.32964470  -113.55426680
2.60000000     8.00000000    10.57014676  -113.57964565     1.00000000  -113.31415300  -113.49245570  -113.32961530  -113.55416840
2.60000000     8.25000000    10.81992387  -113.57956248     1.00000000  -113.31412320  -113.49237330  -113.32958750  -113.55408580
2.60000000     8.50000000    11.06971105  -113.57949190     1.00000000  -113.31409630  -113.49230450  -113.32956230  -113.55401610
2.60000000     8.75000000    11.31950762  -113.57943185     1.00000000  -113.31407180  -113.49224660  -113.32953970  -113.55395710
2.60000000     9.00000000    11.56931298  -113.57938084     1.00000000  -113.31404940  -113.49219740  -113.32951980  -113.55390710
2.60000000     9.25000000    11.81912657  -113.57933746     1.00000000  -113.31402900  -113.49215530  -113.32950230  -113.55386460
2.60000000     9.50000000    12.06894788  -113.57930063     1.00000000  -113.31401050  -113.49211920  -113.32948700  -113.55382850
2.60000000     9.75000000    12.31877644  -113.57926940     1.00000000  -113.31399390  -113.49208810  -113.32947370  -113.55379780
2.60000000    10.00000000    12.56861182  -113.57924332     1.00000000  -113.31397920  -113.49206120  -113.32946220  -113.55377190


2.70000000     1.50000000     4.18532469  -112.97781470     1.00000000  -112.56741960  -112.74136540  -112.65677830  -112.90864480
2.70000000     1.75000000     4.43383956  -113.49361643     1.00000000  -113.13693130  -113.31652260  -113.19126790  -113.44104870
2.70000000     2.00000000     4.68251254  -113.70897630     1.00000000  -113.38433290  -113.56872790  -113.41875670  -113.66696990
2.70000000     2.25000000     4.93131972  -113.77803184     1.00000000  -113.47098990  -113.65962180  -113.49489560  -113.74245850
2.70000000     2.50000000     5.18024176  -113.78198831     1.00000000  -113.48268050  -113.67583560  -113.50144140  -113.75012540
2.70000000     2.75000000     5.42926285  -113.76166784     1.00000000  -113.46578630  -113.66149820  -113.48222780  -113.73163670
2.70000000     3.00000000     5.67836998  -113.73151915     1.00000000  -113.44053020  -113.63513370  -113.45619540  -113.70275210
2.70000000     3.25000000     5.92755228  -113.70242184     1.00000000  -113.41382780  -113.60822390  -113.42921200  -113.67440830
2.70000000     3.50000000     6.17680067  -113.67733650     1.00000000  -113.38941290  -113.58461310  -113.40464690  -113.64983510
2.70000000     3.75000000     6.42610745  -113.65711102     1.00000000  -113.36827140  -113.56534310  -113.38332770  -113.62992830
2.70000000     4.00000000     6.67546609  -113.64086348     1.00000000  -113.35039740  -113.54957740  -113.36525450  -113.61382450
2.70000000     4.25000000     6.92487097  -113.62605871     1.00000000  -113.33555020  -113.53564310  -113.35021870  -113.59930540
2.70000000     4.50000000     7.17431728  -113.61325909     1.00000000  -113.32372650  -113.52391360  -113.33823230  -113.58686690
2.70000000     4.75000000     7.42380084  -113.60312292     1.00000000  -113.31515900  -113.51480540  -113.32956490  -113.57708540
2.70000000     5.00000000     7.67331801  -113.59587912     1.00000000  -113.30985310  -113.50834370  -113.32423190  -113.57011820
2.70000000     5.25000000     7.92286563  -113.59134057     1.00000000  -113.30713300  -113.50432000  -113.32151470  -113.56576450
2.70000000     5.50000000     8.17244090  -113.58873871     1.00000000  -113.30592660  -113.50202710  -113.32032530  -113.56327570
2.70000000     5.75000000     8.42204136  -113.58727606     1.00000000  -113.30543680  -113.50073040  -113.31986340  -113.56187650
2.70000000     6.00000000     8.67166485  -113.58642588     1.00000000  -113.30524770  -113.49995880  -113.31970890  -113.56105950
2.70000000     6.25000000     8.92130941  -113.58590005     1.00000000  -113.30517410  -113.49946050  -113.31967190  -113.56054890
2.70000000     6.50000000     9.17097335  -113.58555185     1.00000000  -113.30514020  -113.49911110  -113.31967350  -113.56020550
2.70000000     6.75000000     9.42065510  -113.58530519     1.00000000  -113.30511840  -113.49885150  -113.31968280  -113.55995880
2.70000000     7.00000000     9.67035331  -113.58512057     1.00000000  -113.30510030  -113.49865100  -113.31968910  -113.55977210
2.70000000     7.25000000     9.92006671  -113.58497562     1.00000000  -113.30508410  -113.49849310  -113.31968970  -113.55962500
2.70000000     7.50000000    10.16979420  -113.58485800     1.00000000  -113.30507010  -113.49836770  -113.31968520  -113.55950600
2.70000000     7.75000000    10.41953475  -113.58476052     1.00000000  -113.30505820  -113.49826760  -113.31967750  -113.55940820
2.70000000     8.00000000    10.66928746  -113.58467887     1.00000000  -113.30504790  -113.49818700  -113.31966840  -113.55932710
2.70000000     8.25000000    10.91905149  -113.58460901     1.00000000  -113.30503870  -113.49812150  -113.31965920  -113.55925880
2.70000000     8.50000000    11.16882607  -113.58455171     1.00000000  -113.30502980  -113.49806740  -113.31965070  -113.55920270
2.70000000     8.75000000    11.41861053  -113.58450346     1.00000000  -113.30502110  -113.49802220  -113.31964310  -113.55915570
2.70000000     9.00000000    11.66840421  -113.58446262     1.00000000  -113.30501250  -113.49798400  -113.31963650  -113.55911610
2.70000000     9.25000000    11.91820655  -113.58442878     1.00000000  -113.30500420  -113.49795060  -113.31963080  -113.55908280
2.70000000     9.50000000    12.16801700  -113.58439978     1.00000000  -113.30499630  -113.49792270  -113.31962570  -113.55905460
2.70000000     9.75000000    12.41783508  -113.58437539     1.00000000  -113.30498900  -113.49789880  -113.31962120  -113.55903080
2.70000000    10.00000000    12.66766035  -113.58435508     1.00000000  -113.30498240  -113.49787820  -113.31961740  -113.55901080


2.80000000     1.50000000     4.28513537  -112.97604070     1.00000000  -112.56726390  -112.74096600  -112.65647320  -112.90739760
2.80000000     1.75000000     4.53360960  -113.49059037     1.00000000  -113.13586430  -113.31517220  -113.18976580  -113.43859720
2.80000000     2.00000000     4.78224287  -113.70443025     1.00000000  -113.38190870  -113.56601070  -113.41578380  -113.66302530
2.80000000     2.25000000     5.03101160  -113.77162144     1.00000000  -113.46673860  -113.65504470  -113.49007770  -113.73663970
2.80000000     2.50000000     5.27989664  -113.77310792     1.00000000  -113.47618960  -113.66873750  -113.49441620  -113.74181730
2.80000000     2.75000000     5.52888229  -113.75020709     1.00000000  -113.45611910  -113.65190970  -113.47203120  -113.72077900
2.80000000     3.00000000     5.77795554  -113.71838491     1.00000000  -113.42820900  -113.62378580  -113.44332360  -113.69018310
2.80000000     3.25000000     6.02710553  -113.68932604     1.00000000  -113.40029910  -113.59691550  -113.41511310  -113.66187320
2.80000000     3.50000000     6.27632312  -113.67016754     1.00000000  -113.37680330  -113.57855160  -113.39134480  -113.64296070
2.80000000     3.75000000     6.52560057  -113.65059081     1.00000000  -113.35727780  -113.55973450  -113.37165090  -113.62363310
2.80000000     4.00000000     6.77493127  -113.63228695     1.00000000  -113.34026540  -113.54259760  -113.35445400  -113.60572270
2.80000000     4.25000000     7.02430954  -113.61647118     1.00000000  -113.32585330  -113.52798490  -113.33985250  -113.59031180
2.80000000     4.50000000     7.27373050  -113.60333968     1.00000000  -113.31434320  -113.51603860  -113.32818670  -113.57758290


2.90000000     1.50000000     4.38495467  -112.97013954     1.00000000  -112.55952980  -112.73804790  -112.65363560  -112.90369930
2.90000000     1.75000000     4.63338955  -113.48540840     1.00000000  -113.13229290  -113.31135310  -113.18592630  -113.43389830
2.90000000     2.00000000     4.88198422  -113.69800844     1.00000000  -113.37724090  -113.56107680  -113.41074640  -113.65710580
2.90000000     2.25000000     5.13071546  -113.76365829     1.00000000  -113.46055760  -113.64857160  -113.48351230  -113.72916950
2.90000000     2.50000000     5.37956433  -113.76312504     1.00000000  -113.46808720  -113.66020050  -113.48594860  -113.73230900
2.90000000     2.75000000     5.62851523  -113.73767891     1.00000000  -113.44555920  -113.64099060  -113.46114000  -113.70878770
2.90000000     3.00000000     5.87755518  -113.70441375     1.00000000  -113.41510050  -113.61126450  -113.42985680  -113.67668370
2.90000000     3.25000000     6.12667333  -113.68476879     1.00000000  -113.38779760  -113.59401370  -113.40176190  -113.65778490
2.90000000     3.50000000     6.37586052  -113.66034344     1.00000000  -113.36557860  -113.57102880  -113.37945960  -113.63386760
2.90000000     3.75000000     6.62510895  -113.63898808     1.00000000  -113.34593650  -113.55023250  -113.35973800  -113.61270180
2.90000000     4.00000000     6.87441197  -113.62040991     1.00000000  -113.32892560  -113.53273550  -113.34256710  -113.59448870
2.90000000     4.25000000     7.12376383  -113.60456194     1.00000000  -113.31462060  -113.51812770  -113.32807820  -113.57905850
2.90000000     4.50000000     7.37315959  -113.59143259     1.00000000  -113.30324640  -113.50629750  -113.31655110  -113.56637160
2.90000000     4.75000000     7.62259494  -113.58102012     1.00000000  -113.29499280  -113.49682400  -113.30825680  -113.55628840
2.90000000     5.00000000     7.87206611  -113.57344794     1.00000000  -113.28986890  -113.48967750  -113.30320400  -113.54887830
2.90000000     5.25000000     8.12156980  -113.56876489     1.00000000  -113.28727290  -113.48534100  -113.30066590  -113.54432700
2.90000000     5.50000000     8.37110311  -113.56612400     1.00000000  -113.28611570  -113.48294690  -113.29954560  -113.54177920
2.90000000     5.75000000     8.62066346  -113.56463665     1.00000000  -113.28562680  -113.48160310  -113.29909230  -113.54034800
2.90000000     6.00000000     8.87024858  -113.56376167     1.00000000  -113.28542020  -113.48079970  -113.29892350  -113.53950390
2.90000000     6.25000000     9.11985642  -113.56321403     1.00000000  -113.28532520  -113.48027820  -113.29886700  -113.53897110
2.90000000     6.50000000     9.36948517  -113.56284710     1.00000000  -113.28527170  -113.47991150  -113.29884990  -113.53860950
2.90000000     6.75000000     9.61913320  -113.56258557     1.00000000  -113.28523340  -113.47963740  -113.29884340  -113.53834810
2.90000000     7.00000000     9.86879905  -113.56238871     1.00000000  -113.28520200  -113.47942640  -113.29883680  -113.53814980
2.90000000     7.25000000    10.11848141  -113.56223384     1.00000000  -113.28517520  -113.47926020  -113.29882730  -113.53799340
2.90000000     7.50000000    10.36817907  -113.56210872     1.00000000  -113.28515280  -113.47912850  -113.29881500  -113.53786740
2.90000000     7.75000000    10.61789096  -113.56200562     1.00000000  -113.28513420  -113.47902340  -113.29880130  -113.53776430
2.90000000     8.00000000    10.86761610  -113.56191974     1.00000000  -113.28511850  -113.47893890  -113.29878760  -113.53767920
2.90000000     8.25000000    11.11735360  -113.56184843     1.00000000  -113.28510480  -113.47887000  -113.29877500  -113.53760890
2.90000000     8.50000000    11.36710263  -113.56178744     1.00000000  -113.28509230  -113.47881320  -113.29876390  -113.53754960
2.90000000     8.75000000    11.61686246  -113.56173777     1.00000000  -113.28508060  -113.47876570  -113.29875430  -113.53750100
2.90000000     9.00000000    11.86663241  -113.56169589     1.00000000  -113.28506940  -113.47872540  -113.29874600  -113.53746010
2.90000000     9.25000000    12.11641184  -113.56166078     1.00000000  -113.28505880  -113.47869090  -113.29873880  -113.53742570
2.90000000     9.50000000    12.36620019  -113.56163092     1.00000000  -113.28504890  -113.47866140  -113.29873260  -113.53739650
2.90000000     9.75000000    12.61599693  -113.56160621     1.00000000  -113.28504000  -113.47863510  -113.29872700  -113.53737170
2.90000000    10.00000000    12.86580156  -113.56158530     1.00000000  -113.28503200  -113.47861320  -113.29872220  -113.53735090


3.00000000     1.50000000     4.48478202  -112.96606467     1.00000000  -112.55966790  -112.73297800  -112.64896390  -112.89824440
3.00000000     1.75000000     4.73317878  -113.47870473     1.00000000  -113.12694480  -113.30579270  -113.18041250  -113.42761050
3.00000000     2.00000000     4.98173595  -113.69030881     1.00000000  -113.37101300  -113.55461470  -113.40426960  -113.64983370
3.00000000     2.25000000     5.23043064  -113.75472041     1.00000000  -113.45310810  -113.64086290  -113.47580450  -113.72064750
3.00000000     2.50000000     5.47924414  -113.75255212     1.00000000  -113.45903520  -113.65081770  -113.47665380  -113.72213540
3.00000000     2.75000000     5.72816095  -113.72508774     1.00000000  -113.43451260  -113.62964930  -113.44987460  -113.69661870
3.00000000     3.00000000     5.97716819  -113.69009297     1.00000000  -113.40177880  -113.59815540  -113.41631610  -113.66276890
3.00000000     3.25000000     6.22625499  -113.67482482     1.00000000  -113.37685520  -113.58377690  -113.39039020  -113.64766840
3.00000000     3.50000000     6.47541217  -113.64872997     1.00000000  -113.35378870  -113.56059530  -113.36718860  -113.62260660
3.00000000     3.75000000     6.72463192  -113.62606419     1.00000000  -113.33371790  -113.54010940  -113.34704120  -113.60071260
3.00000000     4.00000000     6.97390752  -113.60725051     1.00000000  -113.31660380  -113.52249810  -113.32977100  -113.58230600
3.00000000     4.25000000     7.22323319  -113.59157864     1.00000000  -113.30238150  -113.50774450  -113.31534110  -113.56693140
3.00000000     4.50000000     7.47260392  -113.57878980     1.00000000  -113.29112970  -113.49579110  -113.30391510  -113.55441480
3.00000000     4.75000000     7.72201534  -113.56816210     1.00000000  -113.28288190  -113.48651090  -113.29563710  -113.54426160
3.00000000     5.00000000     7.97146364  -113.56032925     1.00000000  -113.27753550  -113.47831850  -113.29053230  -113.53633600
3.00000000     5.25000000     8.22094546  -113.55554739     1.00000000  -113.27487550  -113.47347850  -113.28799090  -113.53155060
3.00000000     5.50000000     8.47045783  -113.55286910     1.00000000  -113.27369890  -113.47096920  -113.28686770  -113.52893990
3.00000000     5.75000000     8.71999814  -113.55136149     1.00000000  -113.27319330  -113.46958290  -113.28640340  -113.52748120
3.00000000     6.00000000     8.96956404  -113.55047225     1.00000000  -113.27297130  -113.46875690  -113.28622150  -113.52662010
3.00000000     6.25000000     9.21915347  -113.54991201     1.00000000  -113.27286300  -113.46822110  -113.28615290  -113.52607420
3.00000000     6.50000000     9.46876456  -113.54953579     1.00000000  -113.27279880  -113.46784410  -113.28612570  -113.52570300
3.00000000     6.75000000     9.71839565  -113.54926710     1.00000000  -113.27275210  -113.46756270  -113.28611110  -113.52543440
3.00000000     7.00000000     9.96804523  -113.54906390     1.00000000  -113.27271400  -113.46734620  -113.28609820  -113.52523010
3.00000000     7.25000000    10.21771194  -113.54890430     1.00000000  -113.27268220  -113.46717590  -113.28608380  -113.52506920
3.00000000     7.50000000    10.46739456  -113.54877554     1.00000000  -113.27265570  -113.46704110  -113.28606780  -113.52493980
3.00000000     7.75000000    10.71709198  -113.54866971     1.00000000  -113.27263390  -113.46693350  -113.28605130  -113.52483410
3.00000000     8.00000000    10.96680319  -113.54858192     1.00000000  -113.27261570  -113.46684700  -113.28603540  -113.52474710
3.00000000     8.25000000    11.21652726  -113.54850910     1.00000000  -113.27259990  -113.46677650  -113.28602100  -113.52467530
3.00000000     8.50000000    11.46626336  -113.54844849     1.00000000  -113.27258570  -113.46671830  -113.28600860  -113.52461580
3.00000000     8.75000000    11.71601071  -113.54839661     1.00000000  -113.27257250  -113.46666960  -113.28599790  -113.52456540
3.00000000     9.00000000    11.96576862  -113.54835409     1.00000000  -113.27256000  -113.46662830  -113.28598880  -113.52452380
3.00000000     9.25000000    12.21553643  -113.54831849     1.00000000  -113.27254840  -113.46659290  -113.28598090  -113.52448880
3.00000000     9.50000000    12.46531355  -113.54828831     1.00000000  -113.27253760  -113.46656250  -113.28597400  -113.52445910
3.00000000     9.75000000    12.71509943  -113.54826294     1.00000000  -113.27252790  -113.46653640  -113.28596800  -113.52443400
3.00000000    10.00000000    12.96489357  -113.54824222     1.00000000  -113.27251930  -113.46651300  -113.28596270  -113.52441280


3.10000000     1.50000000     4.58461690  -112.95903852     1.00000000  -112.55359240  -112.72674700  -112.64299220  -112.89156050
3.10000000     1.75000000     4.83297673  -113.47095837     1.00000000  -113.12037110  -113.29903590  -113.17373130  -113.42023030
3.10000000     2.00000000     5.08149743  -113.68177805     1.00000000  -113.36373690  -113.54713290  -113.39682300  -113.64167190
3.10000000     2.25000000     5.33015648  -113.74522023     1.00000000  -113.44486840  -113.63239540  -113.46739050  -113.71150330
3.10000000     2.50000000     5.57893540  -113.74176152     1.00000000  -113.44950290  -113.64102470  -113.46696240  -113.71168610
3.10000000     2.75000000     5.82781882  -113.71283658     1.00000000  -113.42337540  -113.61839540  -113.43859260  -113.68470840
3.10000000     3.00000000     6.07679391  -113.69164402     1.00000000  -113.39177590  -113.59860010  -113.40553790  -113.66379670
3.10000000     3.25000000     6.32584984  -113.66329490     1.00000000  -113.36555660  -113.57271680  -113.37887080  -113.63627480
3.10000000     3.50000000     6.57497743  -113.63726533     1.00000000  -113.34157540  -113.54876300  -113.35468230  -113.61096480
3.10000000     3.75000000     6.82416883  -113.61503921     1.00000000  -113.32103170  -113.52797380  -113.33395660  -113.58922910
3.10000000     4.00000000     7.07341730  -113.59602583     1.00000000  -113.30377100  -113.51028750  -113.31655600  -113.57067160
3.10000000     4.25000000     7.32271700  -113.58010655     1.00000000  -113.28958140  -113.49557360  -113.30220040  -113.55515950
3.10000000     4.50000000     7.57206288  -113.56735218     1.00000000  -113.27842860  -113.48372470  -113.29091090  -113.54270860
3.10000000     4.75000000     7.82145053  -113.55716076     1.00000000  -113.27024260  -113.47457300  -113.28263240  -113.53287440
3.10000000     5.00000000     8.07087606  -113.54652410     1.00000000  -113.26472530  -113.46776990  -113.27724980  -113.52361460
3.10000000     5.25000000     8.32033607  -113.54184597     1.00000000  -113.26171910  -113.46099470  -113.27463960  -113.51825250
3.10000000     5.50000000     8.56982756  -113.53911473     1.00000000  -113.26049930  -113.45827870  -113.27349800  -113.51553780
3.10000000     5.75000000     8.81934784  -113.53758241     1.00000000  -113.25997040  -113.45683230  -113.27301720  -113.51404270
3.10000000     6.00000000     9.06889455  -113.53667651     1.00000000  -113.25973050  -113.45597790  -113.27282020  -113.51316110


3.20000000     1.50000000     4.68445882  -112.95121495     1.00000000  -112.54663630  -112.71965170  -112.63613050  -112.88404950
3.20000000     1.75000000     4.93278287  -113.46253765     1.00000000  -113.11298730  -113.29148950  -113.16627080  -113.41213600
3.20000000     2.00000000     5.18126811  -113.67274796     1.00000000  -113.35579550  -113.53900790  -113.38875970  -113.63296410
3.20000000     2.25000000     5.42989242  -113.73544947     1.00000000  -113.43618340  -113.62350870  -113.45858390  -113.70204140
3.20000000     2.50000000     5.67863752  -113.73100594     1.00000000  -113.43981050  -113.63112230  -113.45716370  -113.70122670
3.20000000     2.75000000     5.92748821  -113.70122556     1.00000000  -113.41246240  -113.60760220  -113.42758120  -113.67337960
3.20000000     3.00000000     6.17643173  -113.68043113     1.00000000  -113.38177370  -113.58867640  -113.39536420  -113.65302650
3.20000000     3.25000000     6.42545728  -113.65128992     1.00000000  -113.35430600  -113.56168670  -113.36746390  -113.62459910
3.20000000     3.50000000     6.67455569  -113.62473609     1.00000000  -113.32934660  -113.53689370  -113.34229300  -113.59864930
3.20000000     3.75000000     6.92371909  -113.60213500     1.00000000  -113.30824610  -113.51565010  -113.32102620  -113.57651190
3.20000000     4.00000000     7.17294071  -113.58307869     1.00000000  -113.29077730  -113.49781770  -113.30340110  -113.55787160
3.20000000     4.25000000     7.42221469  -113.56715699     1.00000000  -113.27658850  -113.48312050  -113.28906080  -113.54236580
3.20000000     4.50000000     7.67153591  -113.55428534     1.00000000  -113.26552620  -113.47137680  -113.27786830  -113.52987770
3.20000000     4.75000000     7.92089993  -113.54428317     1.00000000  -113.25742200  -113.46237200  -113.26966610  -113.52021640
3.20000000     5.00000000     8.17030282  -113.53679820     1.00000000  -113.25188930  -113.45573390  -113.26408020  -113.51302460
3.20000000     5.25000000     8.41974112  -113.52677218     1.00000000  -113.24836260  -113.45088320  -113.26104950  -113.50488950
3.20000000     5.50000000     8.66921178  -113.52526998     1.00000000  -113.24698640  -113.44535220  -113.25987270  -113.50200140
3.20000000     5.75000000     8.91871209  -113.52370646     1.00000000  -113.24642750  -113.44381940  -113.25937100  -113.50045680
3.20000000     6.00000000     9.16823962  -113.52278236     1.00000000  -113.24616800  -113.44293100  -113.25915760  -113.49955180
3.20000000     6.25000000     9.41779221  -113.52219707     1.00000000  -113.24603140  -113.44235910  -113.25906330  -113.49897720
3.20000000     6.50000000     9.66736792  -113.52180054     1.00000000  -113.24594570  -113.44196000  -113.25901610  -113.49858520
3.20000000     6.75000000     9.91696501  -113.52151633     1.00000000  -113.24588260  -113.44166380  -113.25898590  -113.49830140
3.20000000     7.00000000    10.16658189  -113.52130225     1.00000000  -113.24583210  -113.44143540  -113.25896110  -113.49808590
3.20000000     7.25000000    10.41621715  -113.52113380     1.00000000  -113.24579070  -113.44125710  -113.25893760  -113.49791650
3.20000000     7.50000000    10.66586950  -113.52099827     1.00000000  -113.24575680  -113.44111620  -113.25891450  -113.49778060


3.30000000     1.50000000     4.78430734  -112.94289751     1.00000000  -112.53912800  -112.71201110  -112.62869380  -112.87601860
3.30000000     1.75000000     5.03259670  -113.45372299     1.00000000  -113.10510550  -113.28345610  -113.15832770  -113.40361390
3.30000000     2.00000000     5.28104747  -113.66346441     1.00000000  -113.34747450  -113.53051770  -113.38034540  -113.62396500
3.30000000     2.25000000     5.52963788  -113.72561288     1.00000000  -113.42730100  -113.61444450  -113.44961010  -113.69247670
3.30000000     2.50000000     5.77834993  -113.72044819     1.00000000  -113.43016960  -113.62131010  -113.44744590  -113.69092990
3.30000000     2.75000000     6.02716855  -113.69052095     1.00000000  -113.40199360  -113.59757280  -113.41703730  -113.66290860
3.30000000     3.00000000     6.27608106  -113.66941829     1.00000000  -113.37202360  -113.57894590  -113.38551610  -113.64246410
3.30000000     3.25000000     6.52507673  -113.63957241     1.00000000  -113.34341210  -113.55093290  -113.35641600  -113.61320660
3.30000000     3.50000000     6.77414637  -113.61232081     1.00000000  -113.31744090  -113.52528590  -113.33024740  -113.58650380
3.30000000     3.75000000     7.02328213  -113.58931741     1.00000000  -113.29570010  -113.50354580  -113.30837650  -113.56393500
3.30000000     4.00000000     7.27247720  -113.56996014     1.00000000  -113.27795430  -113.48549740  -113.29047870  -113.54502420
3.30000000     4.25000000     7.52172570  -113.55402839     1.00000000  -113.26372600  -113.47077620  -113.27610170  -113.52950310
3.30000000     4.50000000     7.77102247  -113.54126264     1.00000000  -113.25274080  -113.45911550  -113.26498480  -113.51711190
3.30000000     4.75000000     8.02036303  -113.53145075     1.00000000  -113.24473910  -113.45025530  -113.25687740  -113.50762300
3.30000000     5.00000000     8.26974340  -113.52426855     1.00000000  -113.23926590  -113.44382730  -113.25133160  -113.50069790
3.30000000     5.25000000     8.51916009  -113.51915473     1.00000000  -113.23569080  -113.43932990  -113.24772390  -113.49579770
3.30000000     5.50000000     8.76861001  -113.51482052     1.00000000  -113.23339660  -113.43616820  -113.24546880  -113.49188320
3.30000000     5.75000000     9.01809039  -113.51002709     1.00000000  -113.23287600  -113.43087930  -113.24578900  -113.48703360
3.30000000     6.00000000     9.26759877  -113.50908501     1.00000000  -113.23260520  -113.42994740  -113.24555810  -113.48610070
3.30000000     6.25000000     9.51713296  -113.50848624     1.00000000  -113.23246150  -113.42935790  -113.24545080  -113.48551030
3.30000000     6.50000000     9.76669098  -113.50808057     1.00000000  -113.23237100  -113.42894790  -113.24539380  -113.48510780
3.30000000     6.75000000    10.01627103  -113.50778917     1.00000000  -113.23230450  -113.42864550  -113.24535630  -113.48481660
3.30000000     7.00000000    10.26587153  -113.50756850     1.00000000  -113.23225130  -113.42841450  -113.24532600  -113.48459550
3.30000000     7.25000000    10.51549100  -113.50739552     1.00000000  -113.23220790  -113.42823410  -113.24529820  -113.48442210
3.30000000     7.50000000    10.76512814  -113.50725639     1.00000000  -113.23217230  -113.42809160  -113.24527200  -113.48428310
3.30000000     7.75000000    11.01478173  -113.50714295     1.00000000  -113.23214330  -113.42797820  -113.24524750  -113.48417030
3.30000000     8.00000000    11.26445069  -113.50704947     1.00000000  -113.23211920  -113.42788690  -113.24522560  -113.48407790
3.30000000     8.25000000    11.51413402  -113.50697241     1.00000000  -113.23209860  -113.42781250  -113.24520660  -113.48400200
3.30000000     8.50000000    11.76383079  -113.50690887     1.00000000  -113.23208040  -113.42775080  -113.24519050  -113.48393940
3.30000000     8.75000000    12.01354018  -113.50685609     1.00000000  -113.23206370  -113.42769900  -113.24517690  -113.48388740
3.30000000     9.00000000    12.26326141  -113.50681213     1.00000000  -113.23204820  -113.42765480  -113.24516530  -113.48384390
3.30000000     9.25000000    12.51299378  -113.50677513     1.00000000  -113.23203390  -113.42761690  -113.24515540  -113.48380720
3.30000000     9.50000000    12.76273662  -113.50674424     1.00000000  -113.23202080  -113.42758420  -113.24514680  -113.48377630
3.30000000     9.75000000    13.01248934  -113.50671696     1.00000000  -113.23200910  -113.42755600  -113.24513940  -113.48374930
3.30000000    10.00000000    13.26225138  -113.50669511     1.00000000  -113.23199870  -113.42753160  -113.24513290  -113.48372710


3.40000000     1.50000000     4.88416207  -112.93431956     1.00000000  -112.53131010  -112.70405990  -112.62092430  -112.86770180
3.40000000     1.75000000     5.13241778  -113.44472698     1.00000000  -113.09695890  -113.27516050  -113.15012790  -113.39488010
3.40000000     2.00000000     5.38083501  -113.65410775     1.00000000  -113.33898610  -113.52186700  -113.37177860  -113.61486190
3.40000000     2.25000000     5.62939238  -113.71585201     1.00000000  -113.41839840  -113.60537410  -113.44063040  -113.68295930
3.40000000     2.50000000     5.87807212  -113.71018391     1.00000000  -113.42071660  -113.61171590  -113.43792880  -113.68090060
3.40000000     2.75000000     6.12685931  -113.68091478     1.00000000  -113.39210660  -113.58853440  -113.40708060  -113.65349760
3.40000000     3.00000000     6.37574138  -113.65875804     1.00000000  -113.36267180  -113.56952190  -113.37610670  -113.63224250
3.40000000     3.25000000     6.62470764  -113.62879663     1.00000000  -113.33305580  -113.54070330  -113.34598510  -113.60261670
3.40000000     3.50000000     6.87374894  -113.60071267     1.00000000  -113.30609340  -113.51422170  -113.31883900  -113.57508220
3.40000000     3.75000000     7.12285741  -113.57693449     1.00000000  -113.28364500  -113.49190030  -113.29624200  -113.55180470
3.40000000     4.00000000     7.37202624  -113.55732420     1.00000000  -113.26554830  -113.47357480  -113.27799680  -113.53263210
3.40000000     4.25000000     7.62124951  -113.54133296     1.00000000  -113.25123030  -113.45878150  -113.26353150  -113.51704660
3.40000000     4.50000000     7.87052204  -113.52863668     1.00000000  -113.24029830  -113.44716860  -113.25246430  -113.50471610
3.40000000     4.75000000     8.11983931  -113.51898762     1.00000000  -113.23240890  -113.43842640  -113.24445970  -113.49537230
3.40000000     5.00000000     8.36919731  -113.51208058     1.00000000  -113.22706690  -113.43217110  -113.23902730  -113.48868320
3.40000000     5.25000000     8.61859251  -113.50751104     1.00000000  -113.22365880  -113.42790860  -113.23555610  -113.48421330
3.40000000     5.50000000     8.86802176  -113.50421703     1.00000000  -113.22169780  -113.42488550  -113.23363650  -113.48102100
3.40000000     5.75000000     9.11748228  -113.50238800     1.00000000  -113.22086590  -113.42276650  -113.23294040  -113.47910880
3.40000000     6.00000000     9.36697157  -113.50141313     1.00000000  -113.22042640  -113.42169540  -113.23255350  -113.47810740
3.40000000     6.25000000     9.61648738  -113.50074035     1.00000000  -113.22011660  -113.42097760  -113.23228160  -113.47742410
3.40000000     6.50000000     9.86602771  -113.50024446     1.00000000  -113.21987540  -113.42044490  -113.23207130  -113.47691960
3.40000000     6.75000000    10.11559073  -113.49986426     1.00000000  -113.21968000  -113.42003350  -113.23190070  -113.47653190
3.40000000     7.00000000    10.36517482  -113.49956571     1.00000000  -113.21951950  -113.41970770  -113.23175900  -113.47622640
3.40000000     7.25000000    10.61477848  -113.49932641     1.00000000  -113.21938710  -113.41944830  -113.23164000  -113.47598190
3.40000000     7.50000000    10.86440037  -113.49913141     1.00000000  -113.21927750  -113.41923970  -113.23153960  -113.47578340
3.40000000     7.75000000    11.11403926  -113.49897350     1.00000000  -113.21918650  -113.41907070  -113.23145510  -113.47562250


3.50000000     1.50000000     4.98402261  -112.92565893     1.00000000  -112.52336140  -112.69597070  -112.61300670  -112.85927620
3.50000000     1.75000000     5.23224569  -113.43570808     1.00000000  -113.08872110  -113.26676940  -113.14184190  -113.38609580
3.50000000     2.00000000     5.48063031  -113.64480981     1.00000000  -113.33048620  -113.51320580  -113.36320710  -113.60579220
3.50000000     2.25000000     5.72915544  -113.70626400     1.00000000  -113.40960170  -113.59641730  -113.43176100  -113.67359320
3.50000000     2.50000000     5.97780358  -113.70026968     1.00000000  -113.41153780  -113.60241930  -113.42868800  -113.67120220
3.50000000     2.75000000     6.22655998  -113.67254607     1.00000000  -113.38287360  -113.58056750  -113.39777310  -113.64526300
3.50000000     3.00000000     6.47541217  -113.64863022     1.00000000  -113.35378850  -113.56048450  -113.36718860  -113.62250290
3.50000000     3.25000000     6.72434951  -113.61863788     1.00000000  -113.32333580  -113.53105500  -113.33621590  -113.59263460
3.50000000     3.50000000     6.97336289  -113.58953221     1.00000000  -113.29544900  -113.50378950  -113.30812690  -113.56416040
