1.80000000     1.50000000     3.30000000  -112.60710174     1.00000000  -112.13435920  -112.30646820  -112.25730410  -112.51878420
1.80000000     1.75000000     3.55000000  -113.14552777     1.00000000  -112.72517480  -112.90256080  -112.81404250  -113.07357550
1.80000000     2.00000000     3.80000000  -113.38374823     1.00000000  -112.99622670  -113.17962070  -113.06478100  -113.32328290
1.80000000     2.25000000     4.05000000  -113.51595518     1.00000000  -113.14870300  -113.33091710  -113.20536790  -113.46070130
1.80000000     2.50000000     4.30000000  -113.55315061     1.00000000  -113.19773980  -113.37938060  -113.24902460  -113.50129350
1.80000000     2.75000000     4.55000000  -113.55477951     1.00000000  -113.20611910  -113.38699400  -113.25526300  -113.50485860
1.80000000     3.00000000     4.80000000  -113.54024788     1.00000000  -113.19570930  -113.37596330  -113.24411270  -113.49155270
1.80000000     3.25000000     5.05000000  -113.51917234     1.00000000  -113.17749590  -113.35728170  -113.22562820  -113.47135590
1.80000000     3.50000000     5.30000000  -113.49636249     1.00000000  -113.15689850  -113.33625320  -113.20488400  -113.44920750
1.80000000     3.75000000     5.55000000  -113.47415970     1.00000000  -113.13652440  -113.31540400  -113.18440060  -113.42750610
1.80000000     4.00000000     5.80000000  -113.45364327     1.00000000  -113.11761370  -113.29594800  -113.16540550  -113.40738170
1.80000000     4.25000000     6.05000000  -113.43531859     1.00000000  -113.10081200  -113.27852480  -113.14852930  -113.38938910
1.80000000     4.50000000     6.30000000  -113.41943804     1.00000000  -113.08651040  -113.26351360  -113.13412930  -113.37382340
1.80000000     4.75000000     6.55000000  -113.40613189     1.00000000  -113.07493060  -113.25111420  -113.12239630  -113.36083600
1.80000000     5.00000000     6.80000000  -113.39544809     1.00000000  -113.06612690  -113.24136580  -113.11337520  -113.35046990
1.80000000     5.25000000     7.05000000  -113.38733961     1.00000000  -113.05999680  -113.23416480  -113.10696430  -113.34265680
1.80000000     5.50000000     7.30000000  -113.38162741     1.00000000  -113.05629160  -113.22927010  -113.10293150  -113.33719720
1.80000000     5.75000000     7.55000000  -113.37800036     1.00000000  -113.05451360  -113.22630980  -113.10087980  -113.33377490
1.80000000     6.00000000     7.80000000  -113.37604028     1.00000000  -113.05387570  -113.22475480  -113.10011640  -113.33194640
1.80000000     6.25000000     8.05000000  -113.37510959     1.00000000  -113.05372010  -113.22399420  -113.09993390  -113.33107550
1.80000000     6.50000000     8.30000000  -113.37466689     1.00000000  -113.05372460  -113.22360520  -113.09994760  -113.33065480
1.80000000     6.75000000     8.55000000  -113.37443657     1.00000000  -113.05376730  -113.22338110  -113.10000930  -113.33043020
1.80000000     7.00000000     8.80000000  -113.37429929     1.00000000  -113.05380800  -113.22323270  -113.10006980  -113.33029220
1.80000000     7.25000000     9.05000000  -113.37420472     1.00000000  -113.05383670  -113.22312250  -113.10011550  -113.33019470
1.80000000     7.50000000     9.30000000  -113.37413040     1.00000000  -113.05385340  -113.22303440  -113.10014490  -113.33011740
1.80000000     7.75000000     9.55000000  -113.37406628     1.00000000  -113.05386070  -113.22296090  -113.10016000  -113.33005110
1.80000000     8.00000000     9.80000000  -113.37400728     1.00000000  -113.05386110  -113.22289800  -113.10016370  -113.32999120
1.80000000     8.25000000    10.05000000  -113.37395021     1.00000000  -113.05385670  -113.22284350  -113.10015870  -113.32993500
1.80000000     8.50000000    10.30000000  -113.37389603     1.00000000  -113.05384920  -113.22279590  -113.10014770  -113.32988270
1.80000000     8.75000000    10.55000000  -113.37384439     1.00000000  -113.05384000  -113.22275440  -113.10013280  -113.32983390
1.80000000     9.00000000    10.80000000  -113.37379577     1.00000000  -113.05383010  -113.22271840  -113.10011630  -113.32978890
1.80000000     9.25000000    11.05000000  -113.37375155     1.00000000  -113.05382030  -113.22268720  -113.10009960  -113.32974840
1.80000000     9.50000000    11.30000000  -113.37371228     1.00000000  -113.05381090  -113.22266050  -113.10008400  -113.32971280
1.80000000     9.75000000    11.55000000  -113.37367849     1.00000000  -113.05380220  -113.22263750  -113.10007020  -113.32968220
1.80000000    10.00000000    11.80000000  -113.37365040     1.00000000  -113.05379430  -113.22261790  -113.10005870  -113.32965670


1.90000000     1.50000000     3.40000000  -112.72305506     1.00000000  -112.26282450  -112.43818610  -112.37844130  -112.63969020
1.90000000     1.75000000     3.65000000  -113.25842487     1.00000000  -112.85052870  -113.03103460  -112.93137390  -113.19112320
1.90000000     2.00000000     3.90000000  -113.49429872     1.00000000  -113.11923570  -113.30456970  -113.17963700  -113.43793070
1.90000000     2.25000000     4.15000000  -113.61251399     1.00000000  -113.25859990  -113.44263830  -113.30700180  -113.56162590
1.90000000     2.50000000     4.40000000  -113.64707084     1.00000000  -113.30505230  -113.48858240  -113.34800980  -113.59959680
1.90000000     2.75000000     4.65000000  -113.64683365     1.00000000  -113.31171540  -113.49450020  -113.35241790  -113.60132750
1.90000000     3.00000000     4.90000000  -113.63115085     1.00000000  -113.30028350  -113.48243740  -113.34015140  -113.58688850
1.90000000     3.25000000     5.15000000  -113.60943962     1.00000000  -113.28149060  -113.46315780  -113.32103930  -113.56605330
1.90000000     3.50000000     5.40000000  -113.58630164     1.00000000  -113.26058410  -113.44180880  -113.29996120  -113.54356870
1.90000000     3.75000000     5.65000000  -113.56391977     1.00000000  -113.24006540  -113.42081470  -113.27930240  -113.52169080
1.90000000     4.00000000     5.90000000  -113.54329332     1.00000000  -113.22110600  -113.40131800  -113.26021440  -113.50147100
1.90000000     4.25000000     6.15000000  -113.52489358     1.00000000  -113.20431190  -113.38391210  -113.24329380  -113.48342590
1.90000000     4.50000000     6.40000000  -113.50897107     1.00000000  -113.19006580  -113.36895820  -113.22889710  -113.46784360
1.90000000     4.75000000     6.65000000  -113.49568125     1.00000000  -113.17861880  -113.35666970  -113.21724860  -113.45489690
1.90000000     5.00000000     6.90000000  -113.48512532     1.00000000  -113.17009640  -113.34713250  -113.20846510  -113.44467980
1.90000000     5.25000000     7.15000000  -113.47732007     1.00000000  -113.16447930  -113.34028700  -113.20254200  -113.43718300
1.90000000     5.50000000     7.40000000  -113.47212403     1.00000000  -113.16146200  -113.33588260  -113.19924930  -113.43223720
1.90000000     5.75000000     7.65000000  -113.46916878     1.00000000  -113.16023610  -113.33342760  -113.19787910  -113.42944510
1.90000000     6.00000000     7.90000000  -113.46771941     1.00000000  -113.15986860  -113.33220230  -113.19747630  -113.42807380
1.90000000     6.25000000     8.15000000  -113.46702743     1.00000000  -113.15981300  -113.33158910  -113.19743010  -113.42741300
1.90000000     6.50000000     8.40000000  -113.46667272     1.00000000  -113.15984660  -113.33125160  -113.19748620  -113.42706860
1.90000000     6.75000000     8.65000000  -113.46646817     1.00000000  -113.15989180  -113.33103920  -113.19755590  -113.42686530
1.90000000     7.00000000     8.90000000  -113.46633361     1.00000000  -113.15992600  -113.33088760  -113.19761260  -113.42672820
1.90000000     7.25000000     9.15000000  -113.46623369     1.00000000  -113.15994610  -113.33076980  -113.19765100  -113.42662470
1.90000000     7.50000000     9.40000000  -113.46615188     1.00000000  -113.15995470  -113.33067350  -113.19767270  -113.42653970
1.90000000     7.75000000     9.65000000  -113.46608031     1.00000000  -113.15995520  -113.33059270  -113.19768100  -113.42646600
1.90000000     8.00000000     9.90000000  -113.46601508     1.00000000  -113.15995030  -113.33052400  -113.19767920  -113.42640000
1.90000000     8.25000000    10.15000000  -113.46595430     1.00000000  -113.15994190  -113.33046500  -113.19767030  -113.42633980
1.90000000     8.50000000    10.40000000  -113.46589745     1.00000000  -113.15993160  -113.33041400  -113.19765680  -113.42628460
1.90000000     8.75000000    10.65000000  -113.46584460     1.00000000  -113.15992020  -113.33037000  -113.19764090  -113.42623430
1.90000000     9.00000000    10.90000000  -113.46579612     1.00000000  -113.15990870  -113.33033210  -113.19762420  -113.42618890
1.90000000     9.25000000    11.15000000  -113.46575260     1.00000000  -113.15989760  -113.33029950  -113.19760800  -113.42614860
1.90000000     9.50000000    11.40000000  -113.46571457     1.00000000  -113.15988720  -113.33027160  -113.19759310  -113.42611360
1.90000000     9.75000000    11.65000000  -113.46568213     1.00000000  -113.15987760  -113.33024770  -113.19758020  -113.42608380
1.90000000    10.00000000    11.90000000  -113.46565497     1.00000000  -113.15986890  -113.33022730  -113.19756930  -113.42605880


2.00000000     1.50000000     3.50000000  -112.80811425     1.00000000  -112.36005420  -112.53536280  -112.46668570  -112.72776670
2.00000000     1.75000000     3.75000000  -113.34010534     1.00000000  -112.94348220  -113.12509310  -113.01626990  -113.27612450
2.00000000     2.00000000     4.00000000  -113.57309112     1.00000000  -113.20759260  -113.39499860  -113.26062700  -113.51987020
2.00000000     2.25000000     4.25000000  -113.67887335     1.00000000  -113.33573490  -113.52150640  -113.37759420  -113.63162680
2.00000000     2.50000000     4.50000000  -113.71068858     1.00000000  -113.37945430  -113.56474190  -113.41584830  -113.66684940
2.00000000     2.75000000     4.75000000  -113.70844485     1.00000000  -113.38418970  -113.56875450  -113.41826380  -113.66658880
2.00000000     3.00000000     5.00000000  -113.69151192     1.00000000  -113.37157720  -113.55550370  -113.40476510  -113.65090470
2.00000000     3.25000000     5.25000000  -113.66912209     1.00000000  -113.35212750  -113.53555110  -113.38497470  -113.62938170
2.00000000     3.50000000     5.50000000  -113.64564971     1.00000000  -113.33089070  -113.51386290  -113.36355500  -113.60655310
2.00000000     3.75000000     5.75000000  -113.62310687     1.00000000  -113.31023290  -113.49273230  -113.34273690  -113.58451550
2.00000000     4.00000000     6.00000000  -113.60240095     1.00000000  -113.29124280  -113.47321630  -113.32358620  -113.56422980
2.00000000     4.25000000     6.25000000  -113.58397186     1.00000000  -113.27448660  -113.45585890  -113.30666680  -113.54617520
2.00000000     4.50000000     6.50000000  -113.56807651     1.00000000  -113.26034860  -113.44100990  -113.29234360  -113.53064040
2.00000000     4.75000000     6.75000000  -113.55490760     1.00000000  -113.24912680  -113.42890850  -113.28089330  -113.51783200
2.00000000     5.00000000     7.00000000  -113.54462843     1.00000000  -113.24103360  -113.41968530  -113.27252780  -113.50790110
2.00000000     5.25000000     7.25000000  -113.53730417     1.00000000  -113.23608290  -113.41329560  -113.26730580  -113.50087960
2.00000000     5.50000000     7.50000000  -113.53276341     1.00000000  -113.23373420  -113.40941660  -113.26478100  -113.49655570
2.00000000     5.75000000     7.75000000  -113.53038248     1.00000000  -113.23289420  -113.40737120  -113.26388200  -113.49428970
2.00000000     6.00000000     8.00000000  -113.52922745     1.00000000  -113.23267810  -113.40634930  -113.26366740  -113.49318440
2.00000000     6.25000000     8.25000000  -113.52864472     1.00000000  -113.23266830  -113.40581090  -113.26367960  -113.49262180
2.00000000     6.50000000     8.50000000  -113.52832097     1.00000000  -113.23270810  -113.40549180  -113.26374660  -113.49230430
2.00000000     6.75000000     8.75000000  -113.52811898     1.00000000  -113.23274600  -113.40527630  -113.26381160  -113.49210180
2.00000000     7.00000000     9.00000000  -113.52797760     1.00000000  -113.23276960  -113.40511520  -113.26385930  -113.49195710
2.00000000     7.25000000     9.25000000  -113.52786830     1.00000000  -113.23277970  -113.40498690  -113.26388840  -113.49184390
2.00000000     7.50000000     9.50000000  -113.52777739     1.00000000  -113.23277980  -113.40488140  -113.26390190  -113.49174980
2.00000000     7.75000000     9.75000000  -113.52769813     1.00000000  -113.23277380  -113.40479330  -113.26390340  -113.49166850
2.00000000     8.00000000    10.00000000  -113.52762700     1.00000000  -113.23276390  -113.40471880  -113.26389640  -113.49159660
2.00000000     8.25000000    10.25000000  -113.52756192     1.00000000  -113.23275190  -113.40465550  -113.26388390  -113.49153210
2.00000000     8.50000000    10.50000000  -113.52750244     1.00000000  -113.23273880  -113.40460140  -113.26386830  -113.49147420
2.00000000     8.75000000    10.75000000  -113.52744840     1.00000000  -113.23272540  -113.40455500  -113.26385130  -113.49142240
2.00000000     9.00000000    11.00000000  -113.52739990     1.00000000  -113.23271230  -113.40451520  -113.26383440  -113.49137650
2.00000000     9.25000000    11.25000000  -113.52735683     1.00000000  -113.23269990  -113.40448120  -113.26381840  -113.49133620
2.00000000     9.50000000    11.50000000  -113.52731959     1.00000000  -113.23268830  -113.40445200  -113.26380410  -113.49130150
2.00000000     9.75000000    11.75000000  -113.52728806     1.00000000  -113.23267770  -113.40442710  -113.26379150  -113.49127210
2.00000000    10.00000000    12.00000000  -113.52726165     1.00000000  -113.23266810  -113.40440570  -113.26378100  -113.49124740


2.10000000     1.50000000     3.60000000  -112.86930444     1.00000000  -112.42997820  -112.60650040  -112.53096220  -112.79183010
2.10000000     1.75000000     3.85000000  -113.39813973     1.00000000  -113.00992990  -113.19316370  -113.07714610  -113.33705260
2.10000000     2.00000000     4.10000000  -113.62819135     1.00000000  -113.27106160  -113.45979850  -113.31819540  -113.57763860
2.10000000     2.25000000     4.35000000  -113.72283590     1.00000000  -113.38818660  -113.57575560  -113.42493740  -113.67862440
2.10000000     2.50000000     4.60000000  -113.75180419     1.00000000  -113.42908850  -113.61606250  -113.46038890  -113.71095720
2.10000000     2.75000000     4.85000000  -113.74740966     1.00000000  -113.43170950  -113.61795740  -113.46066350  -113.70854300
2.10000000     3.00000000     5.10000000  -113.72911098     1.00000000  -113.41775630  -113.60335720  -113.44580340  -113.69148730
2.10000000     3.25000000     5.35000000  -113.70597929     1.00000000  -113.39756490  -113.58264730  -113.42526670  -113.66920920
2.10000000     3.50000000     5.60000000  -113.68215163     1.00000000  -113.37596810  -113.56059240  -113.40348460  -113.64601550
2.10000000     3.75000000     5.85000000  -113.65945467     1.00000000  -113.35516930  -113.53932710  -113.38251390  -113.62382510
2.10000000     4.00000000     6.10000000  -113.63869749     1.00000000  -113.33616160  -113.51980620  -113.36332550  -113.60349880
2.10000000     4.25000000     6.35000000  -113.62028323     1.00000000  -113.31947260  -113.50252530  -113.34645050  -113.58547530
2.10000000     4.50000000     6.60000000  -113.60448150     1.00000000  -113.30549820  -113.48782650  -113.33227270  -113.57004940
2.10000000     4.75000000     6.85000000  -113.59152926     1.00000000  -113.29459890  -113.47597780  -113.32113880  -113.55746740
2.10000000     5.00000000     7.10000000  -113.58164802     1.00000000  -113.28706700  -113.46714200  -113.31335570  -113.54793160
2.10000000     5.25000000     7.35000000  -113.57490697     1.00000000  -113.28283480  -113.46124780  -113.30892180  -113.54147030
2.10000000     5.50000000     7.60000000  -113.57099097     1.00000000  -113.28102630  -113.45784470  -113.30701840  -113.53772800
2.10000000     5.75000000     7.85000000  -113.56900173     1.00000000  -113.28043160  -113.45608900  -113.30640640  -113.53582200
2.10000000     6.00000000     8.10000000  -113.56800512     1.00000000  -113.28029640  -113.45518670  -113.30628710  -113.53486270
2.10000000     6.25000000     8.35000000  -113.56747034     1.00000000  -113.28030280  -113.45468240  -113.30632040  -113.53434350
2.10000000     6.50000000     8.60000000  -113.56715277     1.00000000  -113.28033660  -113.45436370  -113.30638380  -113.53403030
2.10000000     6.75000000     8.85000000  -113.56694322     1.00000000  -113.28036250  -113.45413740  -113.30643820  -113.53381920
2.10000000     7.00000000     9.10000000  -113.56679063     1.00000000  -113.28037410  -113.45396380  -113.30647470  -113.53366290
2.10000000     7.25000000     9.35000000  -113.56667043     1.00000000  -113.28037380  -113.45382420  -113.30649380  -113.53353870
2.10000000     7.50000000     9.60000000  -113.56657026     1.00000000  -113.28036580  -113.45370950  -113.30649890  -113.53343530
2.10000000     7.75000000     9.85000000  -113.56648335     1.00000000  -113.28035350  -113.45361420  -113.30649400  -113.53334650
2.10000000     8.00000000    10.10000000  -113.56640632     1.00000000  -113.28033900  -113.45353440  -113.30648230  -113.53326890
2.10000000     8.25000000    10.35000000  -113.56633751     1.00000000  -113.28032350  -113.45346710  -113.30646650  -113.53320060
2.10000000     8.50000000    10.60000000  -113.56627557     1.00000000  -113.28030780  -113.45340990  -113.30644890  -113.53314010
2.10000000     8.75000000    10.85000000  -113.56622039     1.00000000  -113.28029240  -113.45336120  -113.30643100  -113.53308690
2.10000000     9.00000000    11.10000000  -113.56617149     1.00000000  -113.28027770  -113.45331970  -113.30641370  -113.53304030
2.10000000     9.25000000    11.35000000  -113.56612875     1.00000000  -113.28026380  -113.45328420  -113.30639780  -113.53299990
2.10000000     9.50000000    11.60000000  -113.56609193     1.00000000  -113.28025100  -113.45325380  -113.30638350  -113.53296520
2.10000000     9.75000000    11.85000000  -113.56606078     1.00000000  -113.28023940  -113.45322770  -113.30637120  -113.53293580
2.10000000    10.00000000    12.10000000  -113.56603485     1.00000000  -113.28022880  -113.45320530  -113.30636080  -113.53291120


2.20000000     1.50000000     3.70000000  -112.91247984     1.00000000  -112.48172680  -112.65753080  -112.57935470  -112.83751740
2.20000000     1.75000000     3.95000000  -113.43839350     1.00000000  -113.06009850  -113.24138720  -113.12335510  -113.37969570
2.20000000     2.00000000     4.20000000  -113.66545453     1.00000000  -113.31905170  -113.50484760  -113.36261220  -113.61726740
2.20000000     2.25000000     4.45000000  -113.74843670     1.00000000  -113.41900790  -113.61209310  -113.45172390  -113.70761630
2.20000000     2.50000000     4.70000000  -113.77645041     1.00000000  -113.46027550  -113.64896330  -113.48768040  -113.73805540
2.20000000     2.75000000     4.95000000  -113.76974733     1.00000000  -113.46062580  -113.64851020  -113.48568710  -113.73330870
2.20000000     3.00000000     5.20000000  -113.74994306     1.00000000  -113.44517070  -113.63238410  -113.46932470  -113.71473230
2.20000000     3.25000000     5.45000000  -113.72598199     1.00000000  -113.42413990  -113.61081720  -113.44795450  -113.69160970
2.20000000     3.50000000     5.70000000  -113.70176294     1.00000000  -113.40214190  -113.58835550  -113.42577480  -113.66801500
2.20000000     3.75000000     5.95000000  -113.67891319     1.00000000  -113.38119250  -113.56694910  -113.40464920  -113.64567190
2.20000000     4.00000000     6.20000000  -113.65812552     1.00000000  -113.36217630  -113.54743710  -113.38544170  -113.62532500
2.20000000     4.25000000     6.45000000  -113.63976591     1.00000000  -113.34558190  -113.53025960  -113.36865020  -113.60736970
2.20000000     4.50000000     6.70000000  -113.62411177     1.00000000  -113.33182490  -113.51575010  -113.35468530  -113.59210350
2.20000000     4.75000000     6.95000000  -113.61144672     1.00000000  -113.32133520  -113.50419820  -113.34397280  -113.57981170
2.20000000     5.00000000     7.20000000  -113.60202485     1.00000000  -113.31444340  -113.49577370  -113.33687320  -113.57072240
2.20000000     5.25000000     7.45000000  -113.59587425     1.00000000  -113.31087400  -113.49035000  -113.33317150  -113.56481690
2.20000000     5.50000000     7.70000000  -113.59245582     1.00000000  -113.30945610  -113.48732510  -113.33170700  -113.56153500
2.20000000     5.75000000     7.95000000  -113.59071079     1.00000000  -113.30901020  -113.48575950  -113.33126270  -113.55985580
2.20000000     6.00000000     8.20000000  -113.58979618     1.00000000  -113.30891430  -113.48492230  -113.33118850  -113.55897290
2.20000000     6.25000000     8.45000000  -113.58927805     1.00000000  -113.30892050  -113.48442840  -113.33122370  -113.55846820
2.20000000     6.50000000     8.70000000  -113.58895410     1.00000000  -113.30894210  -113.48410090  -113.33127600  -113.55814780
2.20000000     6.75000000     8.95000000  -113.58873174     1.00000000  -113.30895400  -113.48386110  -113.33131720  -113.55792370
2.20000000     7.00000000     9.20000000  -113.58856612     1.00000000  -113.30895310  -113.48367420  -113.33134160  -113.55775430
2.20000000     7.25000000     9.45000000  -113.58843475     1.00000000  -113.30894270  -113.48352340  -113.33135060  -113.55761890
2.20000000     7.50000000     9.70000000  -113.58832548     1.00000000  -113.30892690  -113.48339940  -113.33134780  -113.55750630
2.20000000     7.75000000     9.95000000  -113.58823135     1.00000000  -113.30890870  -113.48329730  -113.33133680  -113.55741040
2.20000000     8.00000000    10.20000000  -113.58814903     1.00000000  -113.30888980  -113.48321250  -113.33132060  -113.55732760
2.20000000     8.25000000    10.45000000  -113.58807646     1.00000000  -113.30887100  -113.48314140  -113.33130200  -113.55725560
2.20000000     8.50000000    10.70000000  -113.58801238     1.00000000  -113.30885280  -113.48308140  -113.33128250  -113.55719280
2.20000000     8.75000000    10.95000000  -113.58795589     1.00000000  -113.30883540  -113.48303050  -113.33126350  -113.55713810
2.20000000     9.00000000    11.20000000  -113.58790659     1.00000000  -113.30881890  -113.48298720  -113.33124580  -113.55709080


2.30000000     1.50000000     3.80000000  -112.94217600     1.00000000  -112.51747300  -112.69310140  -112.61190260  -112.86893280
2.30000000     1.75000000     4.05000000  -113.46534886     1.00000000  -113.09328720  -113.27445180  -113.15336860  -113.40844910
2.30000000     2.00000000     4.30000000  -113.68945876     1.00000000  -113.34924710  -113.53496450  -113.38964210  -113.64305380
2.30000000     2.25000000     4.55000000  -113.76891499     1.00000000  -113.44597580  -113.63679700  -113.47572420  -113.72917410
2.30000000     2.50000000     4.80000000  -113.78937238     1.00000000  -113.47794820  -113.66853930  -113.50240380  -113.75298060
2.30000000     2.75000000     5.05000000  -113.78011525     1.00000000  -113.47589220  -113.66542430  -113.49803280  -113.74563590
2.30000000     3.00000000     5.30000000  -113.75863344     1.00000000  -113.45877170  -113.64757430  -113.48001670  -113.72536020
2.30000000     3.25000000     5.55000000  -113.73373054     1.00000000  -113.43678640  -113.62502840  -113.45770430  -113.70127900
2.30000000     3.50000000     5.80000000  -113.70906603     1.00000000  -113.41433090  -113.60210510  -113.43507510  -113.67723030
2.30000000     3.75000000     6.05000000  -113.68604986     1.00000000  -113.39321270  -113.58054570  -113.41378180  -113.65472280
2.30000000     4.00000000     6.30000000  -113.66525201     1.00000000  -113.37419220  -113.56105560  -113.39456710  -113.63437440
2.30000000     4.25000000     6.55000000  -113.64698391     1.00000000  -113.35771530  -113.54400990  -113.37789090  -113.61652260
2.30000000     4.50000000     6.80000000  -113.63152188     1.00000000  -113.34421920  -113.52971830  -113.36419300  -113.60145660
2.30000000     4.75000000     7.05000000  -113.61917123     1.00000000  -113.33419480  -113.51846900  -113.35397130  -113.58947670
2.30000000     5.00000000     7.30000000  -113.61019860     1.00000000  -113.32794520  -113.51042000  -113.34756610  -113.58081600
2.30000000     5.25000000     7.55000000  -113.60456064     1.00000000  -113.32491850  -113.50538910  -113.34445980  -113.57538630
2.30000000     5.50000000     7.80000000  -113.60149401     1.00000000  -113.32376560  -113.50263380  -113.34328620  -113.57242950
2.30000000     5.75000000     8.05000000  -113.59989543     1.00000000  -113.32340620  -113.50118440  -113.34293680  -113.57088660
2.30000000     6.00000000     8.30000000  -113.59902253     1.00000000  -113.32332460  -113.50037810  -113.34287940  -113.57004160
2.30000000     6.25000000     8.55000000  -113.59850421     1.00000000  -113.32332130  -113.49988100  -113.34290600  -113.56953560
2.30000000     6.50000000     8.80000000  -113.59816634     1.00000000  -113.32332760  -113.49953960  -113.34294370  -113.56920130
2.30000000     6.75000000     9.05000000  -113.59792935     1.00000000  -113.32332480  -113.49928470  -113.34297060  -113.56896240
2.30000000     7.00000000     9.30000000  -113.59775051     1.00000000  -113.32331160  -113.49908440  -113.34298280  -113.56877970
2.30000000     7.25000000     9.55000000  -113.59760786     1.00000000  -113.32329150  -113.49892290  -113.34298200  -113.56863320
2.30000000     7.50000000     9.80000000  -113.59748940     1.00000000  -113.32326840  -113.49879120  -113.34297160  -113.56851190
2.30000000     7.75000000    10.05000000  -113.59738832     1.00000000  -113.32324460  -113.49868290  -113.34295490  -113.56840930
2.30000000     8.00000000    10.30000000  -113.59730108     1.00000000  -113.32322150  -113.49859340  -113.34293480  -113.56832170
2.30000000     8.25000000    10.55000000  -113.59722510     1.00000000  -113.32319950  -113.49851880  -113.34291330  -113.56824630


2.40000000     1.50000000     3.90000000  -112.96156649     1.00000000  -112.54154880  -112.71692180  -112.63379920  -112.88966900
2.40000000     1.75000000     4.15000000  -113.48230055     1.00000000  -113.11517710  -113.29610870  -113.17298250  -113.42681750
2.40000000     2.00000000     4.40000000  -113.70367059     1.00000000  -113.36843320  -113.55396990  -113.40650390  -113.65869060
2.40000000     2.25000000     4.65000000  -113.77994008     1.00000000  -113.46222740  -113.65231390  -113.48971170  -113.74150630
2.40000000     2.50000000     4.90000000  -113.79451117     1.00000000  -113.48603280  -113.67898850  -113.50824820  -113.75973240
2.40000000     2.75000000     5.15000000  -113.78214425     1.00000000  -113.48138100  -113.67262150  -113.50135170  -113.74922970
2.40000000     3.00000000     5.40000000  -113.75876397     1.00000000  -113.46242880  -113.65282010  -113.48152300  -113.72703360
2.40000000     3.25000000     5.65000000  -113.73277262     1.00000000  -113.43935360  -113.62915320  -113.45813550  -113.70185010
2.40000000     3.50000000     5.90000000  -113.70758941     1.00000000  -113.41636590  -113.60569670  -113.43498510  -113.67727580
2.40000000     3.75000000     6.15000000  -113.68439276     1.00000000  -113.39505030  -113.58396700  -113.41349980  -113.65458970
2.40000000     4.00000000     6.40000000  -113.66360785     1.00000000  -113.37602570  -113.56451730  -113.39428280  -113.63426220
2.40000000     4.25000000     6.65000000  -113.64547511     1.00000000  -113.35968360  -113.54763790  -113.37774490  -113.61655540
2.40000000     4.50000000     6.90000000  -113.63023529     1.00000000  -113.34647250  -113.53359070  -113.36434570  -113.60171970
2.40000000     4.75000000     7.15000000  -113.61816621     1.00000000  -113.33691780  -113.52260970  -113.35462880  -113.59002000
2.40000000     5.00000000     7.40000000  -113.61099952     1.00000000  -113.33123620  -113.50831950  -113.32782060  -113.57642140
2.40000000     5.25000000     7.65000000  -113.60061364     1.00000000  -113.30707580  -113.50377350  -113.32489640  -113.57201890
2.40000000     5.50000000     7.90000000  -113.59799352     1.00000000  -113.30584470  -113.50152950  -113.32364520  -113.56953220
2.40000000     5.75000000     8.15000000  -113.59655764     1.00000000  -113.30538330  -113.50028150  -113.32319630  -113.56816640
2.40000000     6.00000000     8.40000000  -113.59574616     1.00000000  -113.30523800  -113.49955480  -113.32307910  -113.56739000
2.40000000     6.25000000     8.65000000  -113.59525836     1.00000000  -113.30520740  -113.49909500  -113.32308190  -113.56691750
2.40000000     6.50000000     8.90000000  -113.59494300     1.00000000  -113.30521050  -113.49877820  -113.32311860  -113.56660680
2.40000000     6.75000000     9.15000000  -113.59472445     1.00000000  -113.30521880  -113.49854380  -113.32315670  -113.56638710
2.40000000     7.00000000     9.40000000  -113.59456292     1.00000000  -113.30522430  -113.49836260  -113.32318590  -113.56622210
2.40000000     7.25000000     9.65000000  -113.59443512     1.00000000  -113.30522660  -113.49821940  -113.32320430  -113.56609120
2.40000000     7.50000000     9.90000000  -113.59433189     1.00000000  -113.30522700  -113.49810510  -113.32321340  -113.56598530
2.40000000     7.75000000    10.15000000  -113.59424499     1.00000000  -113.30522620  -113.49801330  -113.32321570  -113.56589710
2.40000000     8.00000000    10.40000000  -113.59417091     1.00000000  -113.30522470  -113.49793910  -113.32321370  -113.56582290
2.40000000     8.25000000    10.65000000  -113.59410724     1.00000000  -113.30522240  -113.49787840  -113.32320940  -113.56576000
2.40000000     8.50000000    10.90000000  -113.59405296     1.00000000  -113.30521920  -113.49782740  -113.32320420  -113.56570660
2.40000000     8.75000000    11.15000000  -113.60060008     1.00000000  -113.30521530  -113.49778570  -113.32319890  -113.56984460
2.40000000     9.00000000    11.40000000  -113.59718142     1.00000000  -113.30521080  -113.50361690  -113.32319400  -113.56979550
2.40000000     9.25000000    11.65000000  -113.59713846     1.00000000  -113.30520610  -113.50357680  -113.32318950  -113.56975360
2.40000000     9.50000000    11.90000000  -113.59710173     1.00000000  -113.30520130  -113.50354260  -113.32318550  -113.56971790
2.40000000     9.75000000    12.15000000  -113.59707133     1.00000000  -113.30519680  -113.50351230  -113.32318210  -113.56968770
2.40000000    10.00000000    12.40000000  -113.59704560     1.00000000  -113.30519250  -113.50348690  -113.32317920  -113.56966230


2.50000000     1.50000000     4.00000000  -112.97383968     1.00000000  -112.55276390  -112.73194010  -112.64255460  -112.90253230
2.50000000     1.75000000     4.25000000  -113.49200697     1.00000000  -113.12207630  -113.30927000  -113.17790550  -113.43750110
2.50000000     2.00000000     4.50000000  -113.71068858     1.00000000  -113.37945430  -113.56474190  -113.41584830  -113.66684940
2.50000000     2.25000000     4.75000000  -113.78411814     1.00000000  -113.47053670  -113.66013830  -113.49636370  -113.74677580
2.50000000     2.50000000     5.00000000  -113.79618401     1.00000000  -113.48812070  -113.68385420  -113.50856700  -113.76230050
2.50000000     2.75000000     5.25000000  -113.77865214     1.00000000  -113.48012320  -113.67312950  -113.49849410  -113.74695840
2.50000000     3.00000000     5.50000000  -113.75309084     1.00000000  -113.45916340  -113.65112520  -113.47668380  -113.72257300
2.50000000     3.25000000     5.75000000  -113.72292255     1.00000000  -113.43484540  -113.61397660  -113.42817320  -113.68515660
2.50000000     3.50000000     6.00000000  -113.69889691     1.00000000  -113.41123120  -113.59369740  -113.40851490  -113.66345820
2.50000000     3.75000000     6.25000000  -113.67298428     1.00000000  -113.37269220  -113.57376940  -113.38980250  -113.64341140
2.50000000     4.00000000     6.50000000  -113.65450994     1.00000000  -113.35586930  -113.55655460  -113.37277190  -113.62536500
2.50000000     4.25000000     6.75000000  -113.63841811     1.00000000  -113.34128860  -113.54167740  -113.35797920  -113.60968310
2.50000000     4.50000000     7.00000000  -113.62502775     1.00000000  -113.32946230  -113.52947500  -113.34595490  -113.59669430
2.50000000     4.75000000     7.25000000  -113.61460115     1.00000000  -113.32085230  -113.52017720  -113.33717760  -113.58665170
2.50000000     5.00000000     7.50000000  -113.60724858     1.00000000  -113.31553520  -113.51377230  -113.33174750  -113.57962510


2.60000000     1.50000000     4.10000000  -112.97971575     1.00000000  -112.56069040  -112.74015670  -112.64951450  -112.90915920
2.60000000     1.75000000     4.35000000  -113.49599382     1.00000000  -113.12825530  -113.31600800  -113.18293590  -113.44235060
2.60000000     2.00000000     4.60000000  -113.71247544     1.00000000  -113.38447060  -113.56947300  -113.41967750  -113.66955310
2.60000000     2.25000000     4.85000000  -113.78338323     1.00000000  -113.47310050  -113.66230980  -113.49774080  -113.74693290
2.60000000     2.50000000     5.10000000  -113.79036904     1.00000000  -113.48731890  -113.68158200  -113.50674520  -113.75763730
2.60000000     2.75000000     5.35000000  -113.78303414     1.00000000  -113.47448760  -113.65096860  -113.49169110  -113.74091510
2.60000000     3.00000000     5.60000000  -113.74365306     1.00000000  -113.45130830  -113.64474260  -113.46769650  -113.71407630
2.60000000     3.25000000     5.85000000  -113.71500720     1.00000000  -113.42559050  -113.61839980  -113.44169230  -113.68622810
2.60000000     3.50000000     6.10000000  -113.68983915     1.00000000  -113.38998560  -113.59286330  -113.40593330  -113.66090100
2.60000000     3.75000000     6.35000000  -113.66917828     1.00000000  -113.37124260  -113.57322560  -113.38704710  -113.64059130
2.60000000     4.00000000     6.60000000  -113.65067818     1.00000000  -113.35441740  -113.55596000  -113.37002420  -113.62251010
2.60000000     4.25000000     6.85000000  -113.63464121     1.00000000  -113.33993650  -113.54114280  -113.35534140  -113.60688510
2.60000000     4.50000000     7.10000000  -113.62132713     1.00000000  -113.32826810  -113.52901370  -113.34349260  -113.59397280
2.60000000     4.75000000     7.35000000  -113.61094223     1.00000000  -113.31983790  -113.51973970  -113.33492500  -113.58396860
2.60000000     5.00000000     7.60000000  -113.60360973     1.00000000  -113.31467900  -113.51332000  -113.32968640  -113.57695330
2.60000000     5.25000000     7.85000000  -113.59904674     1.00000000  -113.31206900  -113.50937620  -113.32704550  -113.57260860
2.60000000     5.50000000     8.10000000  -113.59645433     1.00000000  -113.31093610  -113.50714280  -113.32591460  -113.57014560
2.60000000     5.75000000     8.35000000  -113.59501308     1.00000000  -113.31049560  -113.50588730  -113.32549610  -113.56877440
2.60000000     6.00000000     8.60000000  -113.59418234     1.00000000  -113.31034040  -113.50514490  -113.32537300  -113.56798020
2.60000000     6.25000000     8.85000000  -113.59367321     1.00000000  -113.31029050  -113.50466700  -113.32535860  -113.56748760
2.60000000     6.50000000     9.10000000  -113.59333858     1.00000000  -113.31027390  -113.50433390  -113.32537660  -113.56715870
2.60000000     6.75000000     9.35000000  -113.59310374     1.00000000  -113.31026490  -113.50408570  -113.32539790  -113.56692360
2.60000000     7.00000000     9.60000000  -113.59292855     1.00000000  -113.31025620  -113.50389360  -113.32541300  -113.56674590
2.60000000     7.25000000     9.85000000  -113.59279122     1.00000000  -113.31024720  -113.50374180  -113.32542020  -113.56660580
2.60000000     7.50000000    10.10000000  -113.59267805     1.00000000  -113.31023860  -113.50362090  -113.32542060  -113.56649120
2.60000000     7.75000000    10.35000000  -113.59259320     1.00000000  -113.31023070  -113.50352400  -113.32952550  -113.56700240
2.60000000     8.00000000    10.60000000  -113.59296978     1.00000000  -113.31404800  -113.50419590  -113.32949470  -113.56692400
2.60000000     8.25000000    10.85000000  -113.59290278     1.00000000  -113.31401680  -113.50413150  -113.32946600  -113.56685830
2.60000000     8.50000000    11.10000000  -113.59284592     1.00000000  -113.31398870  -113.50407820  -113.32943980  -113.56680300
2.60000000     8.75000000    11.35000000  -113.59279768     1.00000000  -113.31396330  -113.50403370  -113.32941640  -113.56675640
2.60000000     9.00000000    11.60000000  -113.59275649     1.00000000  -113.31394020  -113.50399620  -113.32939580  -113.56671690
2.60000000     9.25000000    11.85000000  -113.59272160     1.00000000  -113.31391930  -113.50396430  -113.32937770  -113.56668350
2.60000000     9.50000000    12.10000000  -113.59269210     1.00000000  -113.31390040  -113.50393710  -113.32936200  -113.56665530
2.60000000     9.75000000    12.35000000  -113.59266718     1.00000000  -113.31388350  -113.50391370  -113.32934830  -113.56663140
2.60000000    10.00000000    12.60000000  -113.59264652     1.00000000  -113.31386850  -113.50389360  -113.32933640  -113.56661140


2.70000000     1.50000000     4.20000000  -112.98115073     1.00000000  -112.56368680  -112.74336900  -112.65194230  -112.91119950
2.70000000     1.75000000     4.45000000  -113.49588731     1.00000000  -113.12982910  -113.31803910  -113.18371790  -113.44293330
2.70000000     2.00000000     4.70000000  -113.71049507     1.00000000  -113.38511310  -113.56982150  -113.41949560  -113.66831770
2.70000000     2.25000000     4.95000000  -113.77920530     1.00000000  -113.47158570  -113.66044900  -113.49539350  -113.74348460
2.70000000     2.50000000     5.20000000  -113.78299552     1.00000000  -113.48318240  -113.67651570  -113.50184670  -113.75099510
2.70000000     2.75000000     5.45000000  -113.75161024     1.00000000  -113.46626170  -113.64893840  -113.48264830  -113.72064550
2.70000000     3.00000000     5.70000000  -113.73210206     1.00000000  -113.42688610  -113.63296300  -113.44233610  -113.70228980
2.70000000     3.25000000     5.95000000  -113.70824499     1.00000000  -113.40547490  -113.61144840  -113.42046260  -113.67921950
2.70000000     3.50000000     6.20000000  -113.68513122     1.00000000  -113.38449300  -113.59005050  -113.39924200  -113.65669600
2.70000000     3.75000000     6.45000000  -113.66394519     1.00000000  -113.36533080  -113.57032880  -113.37987940  -113.63601270
2.70000000     4.00000000     6.70000000  -113.64510987     1.00000000  -113.34839990  -113.55283250  -113.36274820  -113.61763320
2.70000000     4.25000000     6.95000000  -113.62886707     1.00000000  -113.33397980  -113.53784180  -113.34814080  -113.60181560
2.70000000     4.50000000     7.20000000  -113.61540433     1.00000000  -113.32240660  -113.52556390  -113.33640410  -113.58875640
2.70000000     4.75000000     7.45000000  -113.60483541     1.00000000  -113.31396000  -113.51610280  -113.32783140  -113.57856800
2.70000000     5.00000000     7.70000000  -113.59521330     1.00000000  -113.30858140  -113.50937480  -113.32331860  -113.57011170
2.70000000     5.25000000     7.95000000  -113.59045969     1.00000000  -113.30474780  -113.50518680  -113.32075710  -113.56574290
2.70000000     5.50000000     8.20000000  -113.58880987     1.00000000  -113.30549840  -113.50198200  -113.31965370  -113.56326920
2.70000000     5.75000000     8.45000000  -113.58774224     1.00000000  -113.30505400  -113.50002370  -113.31923560  -113.56188620
2.70000000     6.00000000     8.70000000  -113.58619733     1.00000000  -113.30493840  -113.50054930  -113.31910320  -113.56107980
2.70000000     6.25000000     8.95000000  -113.58592087     1.00000000  -113.30482560  -113.49960060  -113.31907760  -113.56057610
2.70000000     6.50000000     9.20000000  -113.58536601     1.00000000  -113.30496800  -113.49970760  -113.31908530  -113.56023780
2.70000000     6.75000000     9.45000000  -113.58518823     1.00000000  -113.30478030  -113.49926520  -113.31909790  -113.55999500
2.70000000     7.00000000     9.70000000  -113.58493737     1.00000000  -113.30493340  -113.49926160  -113.31910610  -113.55981110
2.70000000     7.25000000     9.95000000  -113.58643549     1.00000000  -113.30474970  -113.49901080  -113.31610220  -113.56025580
2.70000000     7.50000000    10.20000000  -113.58467074     1.00000000  -113.30488880  -113.49898680  -113.31910400  -113.55954780
2.70000000     7.75000000    10.45000000  -113.58621504     1.00000000  -113.30472510  -113.49882810  -113.31603070  -113.56004180
2.70000000     8.00000000    10.70000000  -113.58448954     1.00000000  -113.30485160  -113.49880850  -113.31908770  -113.55937070
2.70000000     8.25000000    10.95000000  -113.58441341     1.00000000  -113.30470580  -113.49870180  -113.31907850  -113.55930370
2.70000000     8.50000000    11.20000000  -113.58436240     1.00000000  -113.30482250  -113.49868800  -113.31907000  -113.55924760
2.70000000     8.75000000    11.45000000  -113.58461751     1.00000000  -113.30468830  -113.49804500  -113.31906240  -113.55920060
2.70000000     9.00000000    11.70000000  -113.58427280     1.00000000  -113.30479970  -113.49860330  -113.31905570  -113.55916100
2.70000000     9.25000000    11.95000000  -113.58422214     1.00000000  -113.30467140  -113.49855040  -113.31904990  -113.55912750
#2.70000000     9.50000000    12.20000000  -113.55665568     1.00000000  -113.30478200  -113.49854190  -113.31904470  -113.54098130
#2.70000000     9.75000000    12.45000000  -113.55660873     1.00000000  -113.30465630  -113.49850230  -113.31904010  -113.54094980
#2.70000000    10.00000000    12.70000000  -113.55659022     1.00000000  -113.30476830  -113.49849690  -113.31903620  -113.54092310


2.80000000     1.50000000     4.30000000  -112.97930675     1.00000000  -112.56305270  -112.74290380  -112.65101130  -112.90985550
2.80000000     1.75000000     4.55000000  -113.49280086     1.00000000  -113.12806050  -113.31663570  -113.18143050  -113.44040930
2.80000000     2.00000000     4.80000000  -113.70583096     1.00000000  -113.37054630  -113.56707220  -113.40431740  -113.66427710
2.80000000     2.25000000     5.05000000  -113.77267823     1.00000000  -113.46723510  -113.65578570  -113.49047060  -113.73756010
2.80000000     2.50000000     5.30000000  -113.77395632     1.00000000  -113.47656230  -113.66929550  -113.49468940  -113.74254180
2.80000000     2.75000000     5.55000000  -113.73997418     1.00000000  -113.43899740  -113.64500760  -113.47239260  -113.71422160
2.80000000     3.00000000     5.80000000  -113.72353379     1.00000000  -113.42003340  -113.62636340  -113.43483630  -113.69434140
2.80000000     3.25000000     6.05000000  -113.69864756     1.00000000  -113.39750860  -113.60383960  -113.41184950  -113.67024740
2.80000000     3.50000000     6.30000000  -113.67500794     1.00000000  -113.37591660  -113.58192540  -113.39002090  -113.64720030


2.90000000     1.50000000     4.40000000  -112.97406060     1.00000000  -112.56565120  -112.73964780  -112.65499120  -112.90571340
2.90000000     1.75000000     4.65000000  -113.48710630     1.00000000  -113.13315900  -113.31263270  -113.18681630  -113.43543670
2.90000000     2.00000000     4.90000000  -113.69930938     1.00000000  -113.37786580  -113.56202860  -113.41130770  -113.65826180
2.90000000     2.25000000     5.15000000  -113.76460363     1.00000000  -113.46096280  -113.64922910  -113.48381180  -113.72998900
2.90000000     2.50000000     5.40000000  -113.76381922     1.00000000  -113.46833490  -113.66063420  -113.48609660  -113.73289070
2.90000000     2.75000000     5.65000000  -113.73740803     1.00000000  -113.43190060  -113.63803410  -113.44732980  -113.70750580
2.90000000     3.00000000     5.90000000  -113.71350670     1.00000000  -113.41138890  -113.61793210  -113.42572750  -113.68482550
2.90000000     3.25000000     6.15000000  -113.68750711     1.00000000  -113.38766390  -113.59431970  -113.40154060  -113.65962550
2.90000000     3.50000000     6.40000000  -113.66325749     1.00000000  -113.36536450  -113.57180320  -113.37900850  -113.63597040
2.90000000     3.75000000     6.65000000  -113.64164272     1.00000000  -113.34565430  -113.55166080  -113.35910820  -113.61486030
2.90000000     4.00000000     6.90000000  -113.62277632     1.00000000  -113.32863640  -113.53414150  -113.34190300  -113.59645230
2.90000000     4.25000000     7.15000000  -113.60669925     1.00000000  -113.31436970  -113.51931980  -113.32746550  -113.58080190
2.90000000     4.50000000     7.40000000  -113.59345561     1.00000000  -113.30302700  -113.50725070  -113.31598100  -113.56795920
2.90000000     4.75000000     7.65000000  -113.58302919     1.00000000  -113.29473010  -113.49789790  -113.30758260  -113.55790260
2.90000000     5.00000000     7.90000000  -113.57530748     1.00000000  -113.28932450  -113.49107340  -113.30212770  -113.55049450
2.90000000     5.25000000     8.15000000  -113.57019575     1.00000000  -113.28438010  -113.48696220  -113.29776250  -113.54582400
2.90000000     5.50000000     8.40000000  -113.56351234     1.00000000  -113.28576790  -113.48069500  -113.29897150  -113.53926260
2.90000000     5.75000000     8.65000000  -113.56481263     1.00000000  -113.28472850  -113.48243310  -113.29808940  -113.54074100
2.90000000     6.00000000     8.90000000  -113.56292598     1.00000000  -113.28509990  -113.48032250  -113.29837690  -113.53876280
2.90000000     6.25000000     9.15000000  -113.56322116     1.00000000  -113.28489500  -113.48089040  -113.29828420  -113.53917090
2.90000000     6.50000000     9.40000000  -113.56256930     1.00000000  -113.28496100  -113.48000810  -113.29831270  -113.53843190
2.90000000     6.75000000     9.65000000  -113.56272279     1.00000000  -113.28492500  -113.48023610  -113.29835080  -113.53862250
2.90000000     7.00000000     9.90000000  -113.56232945     1.00000000  -113.28489500  -113.47975100  -113.29830270  -113.53819400
2.90000000     7.25000000    10.15000000  -113.56244563     1.00000000  -113.28490860  -113.47986370  -113.29835970  -113.53831520
2.90000000     7.50000000    10.40000000  -113.56216216     1.00000000  -113.28484710  -113.47956050  -113.29828200  -113.53802240
2.90000000     7.75000000    10.65000000  -113.56224449     1.00000000  -113.28488540  -113.47963030  -113.29834890  -113.53810440
2.90000000     8.00000000    10.90000000  -113.56204514     1.00000000  -113.28481280  -113.47942480  -113.29825500  -113.53789980
2.90000000     8.25000000    11.15000000  -113.56209853     1.00000000  -113.28486510  -113.47947680  -113.29833440  -113.53795660
2.90000000     8.50000000    11.40000000  -113.56195860     1.00000000  -113.28478640  -113.47933140  -113.29823120  -113.53781120
2.90000000     8.75000000    11.65000000  -113.56199495     1.00000000  -113.28484820  -113.47937120  -113.29832160  -113.53785290
2.90000000     9.00000000    11.90000000  -113.56189428     1.00000000  -113.28476320  -113.47926530  -113.29821320  -113.53774700
2.90000000     9.25000000    12.15000000  -113.56186604     1.00000000  -113.28475260  -113.47923950  -113.29820590  -113.53772010
2.90000000     9.50000000    12.40000000  -113.56184399     1.00000000  -113.28474270  -113.47921730  -113.29819950  -113.53769850
2.90000000     9.75000000    12.65000000  -113.56182521     1.00000000  -113.28473370  -113.47919820  -113.29819390  -113.53768010
2.90000000    10.00000000    12.90000000  -113.56184616     1.00000000  -113.28481860  -113.47921740  -113.29830080  -113.53770360


3.00000000     1.50000000     4.50000000  -112.96810566     1.00000000  -112.56085110  -112.73465010  -112.65024260  -112.90015640
3.00000000     1.75000000     4.75000000  -113.48029860     1.00000000  -113.12776160  -113.30701380  -113.18123790  -113.42906010
3.00000000     2.00000000     5.00000000  -113.69151182     1.00000000  -113.37157720  -113.55550360  -113.40476510  -113.65090460
3.00000000     2.25000000     5.25000000  -113.75556083     1.00000000  -113.45343380  -113.64144220  -113.47602540  -113.72137260
3.00000000     2.50000000     5.50000000  -113.75309058     1.00000000  -113.45916340  -113.65112510  -113.47668380  -113.72257280
3.00000000     2.75000000     5.75000000  -113.72805480     1.00000000  -113.42374430  -113.62995270  -113.43884420  -113.69856770
3.00000000     3.00000000     6.00000000  -113.70274384     1.00000000  -113.40176070  -113.60847740  -113.41576920  -113.67448900
3.00000000     3.25000000     6.25000000  -113.67557948     1.00000000  -113.37677790  -113.58372560  -113.39032430  -113.64813190
3.00000000     3.50000000     6.50000000  -113.65063158     1.00000000  -113.35367010  -113.56051840  -113.36698890  -113.62378080
3.00000000     3.75000000     6.75000000  -113.62871736     1.00000000  -113.33358090  -113.54007510  -113.34671800  -113.60237090
3.00000000     4.00000000     7.00000000  -113.60979690     1.00000000  -113.31646630  -113.52249660  -113.32942480  -113.58390730
3.00000000     4.25000000     7.25000000  -113.59379359     1.00000000  -113.30225340  -113.50774230  -113.31504890  -113.56832860
3.00000000     4.50000000     7.50000000  -113.58067591     1.00000000  -113.29101370  -113.49578710  -113.30367530  -113.55560780
3.00000000     4.75000000     7.75000000  -113.55359009     1.00000000  -113.28277460  -113.47058430  -113.29534170  -113.52918070
3.00000000     5.00000000     8.00000000  -113.56263176     1.00000000  -113.27731600  -113.47968630  -113.28984090  -113.53823770
3.00000000     5.25000000     8.25000000  -113.55739984     1.00000000  -113.27172450  -113.47560630  -113.28487570  -113.53350580
3.00000000     5.50000000     8.50000000  -113.55003462     1.00000000  -113.27337500  -113.46843610  -113.28632700  -113.52618110
3.00000000     5.75000000     8.75000000  -113.55048157     1.00000000  -113.27213630  -113.47057480  -113.28526000  -113.52725040
3.00000000     6.00000000     9.00000000  -113.54942795     1.00000000  -113.27266750  -113.46812250  -113.28570090  -113.52568990
3.00000000     6.25000000     9.25000000  -113.54919444     1.00000000  -113.27256400  -113.46797390  -113.28563700  -113.52549210
3.00000000     6.50000000     9.50000000  -113.54896305     1.00000000  -113.27250280  -113.46783220  -113.28561260  -113.52529770
3.00000000     6.75000000     9.75000000  -113.54869488     1.00000000  -113.27245800  -113.46770440  -113.28559960  -113.52508370
3.00000000     7.00000000    10.00000000  -113.54293706     1.00000000  -113.27237920  -113.46785510  -113.28558130  -113.52140510
3.00000000     7.25000000    10.25000000  -113.54383095     1.00000000  -113.27238980  -113.46749470  -113.27565090  -113.52042190
3.00000000     7.50000000    10.50000000  -113.54345813     1.00000000  -113.27236660  -113.46759920  -113.27553460  -113.52020750
3.00000000     7.75000000    10.75000000  -113.54334518     1.00000000  -113.27234170  -113.46734520  -113.27543650  -113.52003230
3.00000000     8.00000000    11.00000000  -113.54316672     1.00000000  -113.27232330  -113.46728850  -113.27535360  -113.51988800
3.00000000     8.25000000    11.25000000  -113.54295851     1.00000000  -113.27234400  -113.46736100  -113.27528340  -113.51976740
3.00000000     8.50000000    11.50000000  -113.54289477     1.00000000  -113.27229290  -113.46720030  -113.27522390  -113.51966730
3.00000000     8.75000000    11.75000000  -113.54279045     1.00000000  -113.27227950  -113.46716710  -113.27517330  -113.51958300
3.00000000     9.00000000    12.00000000  -113.54267040     1.00000000  -113.27232520  -113.46721930  -113.27512990  -113.51951160
3.00000000     9.25000000    12.25000000  -113.54262646     1.00000000  -113.27225520  -113.46711490  -113.27509260  -113.51945080
3.00000000     9.50000000    12.50000000  -113.54256194     1.00000000  -113.27224440  -113.46709410  -113.27506030  -113.51939880
3.00000000     9.75000000    12.75000000  -113.54249499     1.00000000  -113.27231070  -113.46712890  -113.27503230  -113.51935420
3.00000000    10.00000000    13.00000000  -113.54245916     1.00000000  -113.27222590  -113.46706060  -113.27500800  -113.51931590


3.10000000     1.50000000     4.60000000  -112.96096734     1.00000000  -112.55472830  -112.72835400  -112.64420090  -112.89337480
3.10000000     1.75000000     4.85000000  -113.47245605     1.00000000  -113.12114480  -113.30020090  -113.17450330  -113.42159770
3.10000000     2.00000000     5.10000000  -113.68289186     1.00000000  -113.36425180  -113.54796460  -113.39726750  -113.64266580
3.10000000     2.25000000     5.35000000  -113.74596378     1.00000000  -113.44512830  -113.63290340  -113.46754870  -113.71214190
3.10000000     2.50000000     5.60000000  -113.72933607     1.00000000  -113.44951990  -113.62608420  -113.46688390  -113.69831760
3.10000000     2.75000000     5.85000000  -113.71833448     1.00000000  -113.41505870  -113.62128870  -113.42992650  -113.68919830
3.10000000     3.00000000     6.10000000  -113.69175904     1.00000000  -113.39173290  -113.59857930  -113.40550840  -113.66386430
3.10000000     3.25000000     6.35000000  -113.66342326     1.00000000  -113.36547900  -113.57268280  -113.37879240  -113.63634410
3.10000000     3.50000000     6.60000000  -113.63769628     1.00000000  -113.34147000  -113.54870450  -113.35456130  -113.61121650
3.10000000     3.75000000     6.85000000  -113.61541674     1.00000000  -113.32091720  -113.52788840  -113.33383610  -113.58943900
3.10000000     4.00000000     7.10000000  -113.59640163     1.00000000  -113.30365670  -113.51020640  -113.31640590  -113.57087800
3.10000000     4.25000000     7.35000000  -113.58045470     1.00000000  -113.28947550  -113.49549890  -113.30206850  -113.55535240
3.10000000     4.50000000     7.60000000  -113.56746812     1.00000000  -113.27833430  -113.48365950  -113.29079800  -113.54275710
3.10000000     4.75000000     7.85000000  -113.55730187     1.00000000  -113.27016050  -113.47452090  -113.28253130  -113.53294390
3.10000000     5.00000000     8.10000000  -113.54965045     1.00000000  -113.26465080  -113.46774460  -113.27697910  -113.52559780
3.10000000     5.25000000     8.35000000  -113.54428632     1.00000000  -113.25830300  -113.46362360  -113.27131190  -113.52077210
3.10000000     5.50000000     8.60000000  -113.53599960     1.00000000  -113.26019620  -113.45544700  -113.27298730  -113.51249330
3.10000000     5.75000000     8.85000000  -113.53494653     1.00000000  -113.25967590  -113.45530550  -113.27251510  -113.51176890
3.10000000     6.00000000     9.10000000  -113.52973025     1.00000000  -113.25944220  -113.45512840  -113.27232430  -113.50832210
3.10000000     6.25000000     9.35000000  -113.52935628     1.00000000  -113.25932400  -113.45486100  -113.27224680  -113.50799060
3.10000000     6.50000000     9.60000000  -113.53025088     1.00000000  -113.25925150  -113.45420810  -113.27221190  -113.50835180
3.10000000     6.75000000     9.85000000  -113.53167700     1.00000000  -113.25919800  -113.45234540  -113.27219070  -113.50863000
3.10000000     7.00000000    10.10000000  -113.53317199     1.00000000  -113.25905120  -113.45266220  -113.26343440  -113.50842100
3.10000000     7.25000000    10.35000000  -113.53348904     1.00000000  -113.25905080  -113.45231510  -113.26368330  -113.50853500
3.10000000     7.50000000    10.60000000  -113.53369581     1.00000000  -113.25904740  -113.45205260  -113.26385520  -113.50859810
3.10000000     7.75000000    10.85000000  -113.53383131     1.00000000  -113.25904280  -113.45184770  -113.26397430  -113.50862880
3.10000000     8.00000000    11.10000000  -113.53391974     1.00000000  -113.25903800  -113.45168550  -113.26405770  -113.50863960
3.10000000     8.25000000    11.35000000  -113.53397782     1.00000000  -113.25903320  -113.45155470  -113.26411710  -113.50863880
3.10000000     8.50000000    11.60000000  -113.53401605     1.00000000  -113.25902850  -113.45144770  -113.26416020  -113.50863150
3.10000000     8.75000000    11.85000000  -113.53404083     1.00000000  -113.25902380  -113.45135940  -113.26419190  -113.50862070
3.10000000     9.00000000    12.10000000  -113.53405665     1.00000000  -113.25901940  -113.45128570  -113.26421540  -113.50860820
3.10000000     9.25000000    12.35000000  -113.53406669     1.00000000  -113.25901520  -113.45122380  -113.26423310  -113.50859540
3.10000000     9.50000000    12.60000000  -113.53407298     1.00000000  -113.25901130  -113.45117150  -113.26424650  -113.50858300
3.10000000     9.75000000    12.85000000  -113.53407694     1.00000000  -113.25900780  -113.45112690  -113.26425690  -113.50857140
3.10000000    10.00000000    13.10000000  -113.53408119     1.00000000  -113.25900480  -113.45108680  -113.26426510  -113.50856120


3.20000000     1.50000000     4.70000000  -112.95303762     1.00000000  -112.54772360  -112.72119130  -112.63727550  -112.88577030
3.20000000     1.75000000     4.95000000  -113.46394602     1.00000000  -113.11372300  -113.29260120  -113.16699910  -113.41342730
3.20000000     2.00000000     5.20000000  -113.67378162     1.00000000  -113.35627140  -113.53978830  -113.38916640  -113.63388930
3.20000000     2.25000000     5.45000000  -113.73610580     1.00000000  -113.43639140  -113.62395330  -113.45869490  -113.70260270
3.20000000     2.50000000     5.70000000  -113.72048216     1.00000000  -113.43972750  -113.61805590  -113.45698870  -113.68975210
3.20000000     2.75000000     5.95000000  -113.70854556     1.00000000  -113.40620320  -113.61239760  -113.42090560  -113.67971230
3.20000000     3.00000000     6.20000000  -113.68089542     1.00000000  -113.38170620  -113.58863310  -113.39531680  -113.65330920
3.20000000     3.25000000     6.45000000  -113.65143892     1.00000000  -113.35422260  -113.56164110  -113.36737200  -113.62467630
3.20000000     3.50000000     6.70000000  -113.62487345     1.00000000  -113.32924260  -113.53683430  -113.34217470  -113.59871350
3.20000000     3.75000000     6.95000000  -113.60215322     1.00000000  -113.30813680  -113.51557130  -113.32090540  -113.57649350
3.20000000     4.00000000     7.20000000  -113.58299238     1.00000000  -113.29067040  -113.49773270  -113.30327770  -113.55778330
3.20000000     4.25000000     7.45000000  -113.56707424     1.00000000  -113.27649080  -113.48304110  -113.28894720  -113.54228190
3.20000000     4.50000000     7.70000000  -113.55421538     1.00000000  -113.26544180  -113.47130790  -113.27777010  -113.52980610
3.20000000     4.75000000     7.95000000  -113.54423477     1.00000000  -113.25735240  -113.46231790  -113.26958430  -113.52016420
3.20000000     5.25000000     8.45000000  -113.53771539     1.00000000  -113.24830790  -113.44205440  -113.25750660  -113.50815870
3.20000000     5.75000000     8.95000000  -113.52846254     1.00000000  -113.24518000  -113.44168700  -113.25797070  -113.50273650
3.20000000     6.00000000     9.20000000  -113.52476887     1.00000000  -113.24522740  -113.44442230  -113.25522420  -113.50093110
3.20000000     6.25000000     9.45000000  -113.52396233     1.00000000  -113.24248510  -113.44284350  -113.25492950  -113.50020590
3.20000000     6.50000000     9.70000000  -113.52344923     1.00000000  -113.24222450  -113.44227660  -113.25470210  -113.49967850
3.20000000     6.75000000     9.95000000  -113.52305590     1.00000000  -113.24201390  -113.44184320  -113.25451750  -113.49927470
3.20000000     7.00000000    10.20000000  -113.52274664     1.00000000  -113.24184070  -113.44150130  -113.25436400  -113.49895670
3.20000000     7.25000000    10.45000000  -113.52249703     1.00000000  -113.24169750  -113.44122900  -113.25423510  -113.49870110
3.20000000     7.50000000    10.70000000  -113.52229544     1.00000000  -113.24157870  -113.44100950  -113.25412630  -113.49849460
3.20000000     7.75000000    10.95000000  -113.52213064     1.00000000  -113.24147960  -113.44083130  -113.25403450  -113.49832610
3.20000000     8.00000000    11.20000000  -113.52199462     1.00000000  -113.24139650  -113.44068570  -113.25395710  -113.49818750
3.20000000     8.25000000    11.45000000  -113.52188147     1.00000000  -113.24132640  -113.44056570  -113.25389170  -113.49807260
3.20000000     8.50000000    11.70000000  -113.52178694     1.00000000  -113.24126700  -113.44046630  -113.25383620  -113.49797690
3.20000000     8.75000000    11.95000000  -113.52170687     1.00000000  -113.24121640  -113.44038330  -113.25378910  -113.49789630
3.20000000     9.00000000    12.20000000  -113.52163897     1.00000000  -113.24117320  -113.44031370  -113.25374870  -113.49782820
3.20000000     9.25000000    12.45000000  -113.52158087     1.00000000  -113.24113630  -113.44025500  -113.25371400  -113.49777020
3.20000000     9.50000000    12.70000000  -113.52153167     1.00000000  -113.24110470  -113.44020430  -113.25368400  -113.49772070
3.20000000     9.75000000    12.95000000  -113.52148912     1.00000000  -113.24107770  -113.44016180  -113.25365790  -113.49767830
3.20000000    10.00000000    13.20000000  -113.52145272     1.00000000  -113.24105450  -113.44012520  -113.25363520  -113.49764190


3.30000000     1.50000000     4.80000000  -112.94461940     1.00000000  -112.54016520  -112.71348120  -112.62978030  -112.87764960
3.30000000     1.75000000     5.05000000  -113.45504872     1.00000000  -113.10580700  -113.28451690  -113.15902010  -113.40483480
3.30000000     2.00000000     5.30000000  -113.66442615     1.00000000  -113.34792030  -113.53125240  -113.38072510  -113.62482900
3.30000000     2.25000000     5.55000000  -113.72619099     1.00000000  -113.42746990  -113.61483370  -113.44968750  -113.69296940
3.30000000     2.50000000     5.80000000  -113.71784080     1.00000000  -113.42999940  -113.60988420  -113.42421310  -113.68066380
3.30000000     2.75000000     6.05000000  -113.69887487     1.00000000  -113.39740930  -113.60351220  -113.41198970  -113.67030980
3.30000000     3.00000000     6.30000000  -113.67035267     1.00000000  -113.37193580  -113.57888930  -113.38542630  -113.64303840
3.30000000     3.25000000     6.55000000  -113.63988583     1.00000000  -113.34331840  -113.55090400  -113.35635000  -113.61340050
3.30000000     3.75000000     7.05000000  -113.58923091     1.00000000  -113.29559220  -113.50346750  -113.30825430  -113.56384930
3.30000000     4.00000000     7.30000000  -113.56986505     1.00000000  -113.27785040  -113.48541330  -113.29035830  -113.54493060
3.30000000     4.25000000     7.55000000  -113.55393621     1.00000000  -113.26363260  -113.47069730  -113.27599290  -113.52941340
3.30000000     4.50000000     7.80000000  -113.54118409     1.00000000  -113.25266270  -113.45904810  -113.26489350  -113.51703540
3.30000000     4.75000000     8.05000000  -113.53139456     1.00000000  -113.24467920  -113.45020520  -113.25680590  -113.50756730
3.30000000     5.25000000     8.55000000  -113.51919201     1.00000000  -113.23565920  -113.43933820  -113.24767740  -113.49582260
3.30000000     5.75000000     9.05000000  -113.51432797     1.00000000  -113.23143330  -113.43445710  -113.24427340  -113.49106940
3.30000000     6.00000000     9.30000000  -113.51302265     1.00000000  -113.23165570  -113.43268050  -113.24390270  -113.48951310


3.40000000     1.50000000     4.90000000  -112.93594584     1.00000000  -112.53229590  -112.70545840  -112.62195630  -112.86924630
3.40000000     1.75000000     5.15000000  -113.44597667     1.00000000  -113.09762920  -113.27617120  -113.15079010  -113.39603540
3.40000000     2.00000000     5.40000000  -113.65500507     1.00000000  -113.33940860  -113.52256090  -113.37213950  -113.61567140
3.40000000     2.25000000     5.65000000  -113.71636039     1.00000000  -113.41853910  -113.60571560  -113.44068550  -113.68339160
3.40000000     2.50000000     5.90000000  -113.70209498     1.00000000  -113.39899210  -113.60120240  -113.41631760  -113.67194070
3.40000000     2.75000000     6.15000000  -113.68943037     1.00000000  -113.38881870  -113.59478090  -113.40330200  -113.66111070


3.50000000     1.50000000     5.00000000  -112.92719467     1.00000000  -112.52429510  -112.69729620  -112.61398720  -112.86073740
3.50000000     1.75000000     5.25000000  -113.43688766     1.00000000  -113.08936230  -113.26773170  -113.14247790  -113.38719010
3.50000000     2.00000000     5.50000000  -113.64564971     1.00000000  -113.33089070  -113.51386290  -113.36355500  -113.60655310
3.50000000     2.25000000     5.75000000  -113.70671166     1.00000000  -113.40972270  -113.59671800  -113.43180240  -113.67397330
3.50000000     2.50000000     6.00000000  -113.69346859     1.00000000  -113.39123650  -113.59298450  -113.40851490  -113.66345690
3.50000000     2.75000000     6.25000000  -113.67746709     1.00000000  -113.38051260  -113.58629680  -113.39490300  -113.65039840
3.50000000     3.00000000     6.50000000  -113.65059219     1.00000000  -113.35366990  -113.56051710  -113.36698670  -113.62375490
3.50000000     3.25000000     6.75000000  -113.61858250     1.00000000  -113.32323180  -113.53098770  -113.33610120  -113.59257330
3.50000000     3.50000000     7.00000000  -113.58957049     1.00000000  -113.29534280  -113.50374130  -113.30800510  -113.56416530
3.50000000     3.75000000     7.25000000  -113.56517690     1.00000000  -113.27214990  -113.48080100  -113.28466260  -113.54027030
3.50000000     4.00000000     7.50000000  -113.54521475     1.00000000  -113.25363500  -113.46213800  -113.26600150  -113.52075070
3.50000000     4.25000000     7.75000000  -113.52911193     1.00000000  -113.23918020  -113.44722590  -113.25140090  -113.50505070
3.50000000     4.50000000     8.00000000  -113.51645690     1.00000000  -113.22828430  -113.43562980  -113.24036720  -113.49275190
3.50000000     4.75000000     8.25000000  -113.50694894     1.00000000  -113.22052190  -113.42698520  -113.23248130  -113.48353220
3.50000000     5.25000000     8.75000000  -113.49583648     1.00000000  -113.21222060  -113.41669250  -113.22401850  -113.47268670
3.50000000     5.50000000     9.00000000  -113.49273644     1.00000000  -113.20496550  -113.41400540  -113.21773880  -113.46987000
