1.80000000     1.50000000     1.67032931  -112.18378787     1.00000000  -111.55109110  -111.72727990  -111.78533930  -112.05558160
1.80000000     1.75000000     1.77552809  -112.86532050     1.00000000  -112.32657950  -112.50943410  -112.48907030  -112.76289400
1.80000000     2.00000000     1.90787840  -113.22108084     1.00000000  -112.74984740  -112.93910710  -112.86456900  -113.13872490
1.80000000     2.25000000     2.06215906  -113.39758401     1.00000000  -112.97129250  -113.16416020  -113.05530630  -113.32849720
1.80000000     2.50000000     2.23383079  -113.47415439     1.00000000  -113.07506420  -113.27037630  -113.14087230  -113.41325560
1.80000000     2.75000000     2.41919408  -113.49770286     1.00000000  -113.11431200  -113.31079970  -113.16943030  -113.44138370
1.80000000     3.00000000     2.61533937  -113.49465677     1.00000000  -113.12156180  -113.31827570  -113.17410670  -113.44201670
1.80000000     3.25000000     2.82001773  -113.48250921     1.00000000  -113.11537720  -113.31176970  -113.16586810  -113.43169040
1.80000000     3.50000000     3.03150128  -113.46801154     1.00000000  -113.10493350  -113.30065770  -113.15456920  -113.41835430
1.80000000     3.75000000     3.24846117  -113.45331096     1.00000000  -113.09373220  -113.28830460  -113.14301690  -113.40450210
1.80000000     4.00000000     3.46987031  -113.43862918     1.00000000  -113.08276330  -113.27553110  -113.13186760  -113.39052710
1.80000000     4.25000000     3.69492896  -113.42421839     1.00000000  -113.07241840  -113.26284020  -113.12135800  -113.37675060
1.80000000     4.50000000     3.92300905  -113.41066104     1.00000000  -113.06322910  -113.25094870  -113.11193120  -113.36379120
1.80000000     4.75000000     4.15361289  -113.39867368     1.00000000  -113.05589130  -113.24066020  -113.10423900  -113.35239140
1.80000000     5.00000000     4.38634244  -113.38893890     1.00000000  -113.05095190  -113.23264770  -113.09883410  -113.34323160
1.80000000     5.25000000     4.62087654  -113.38187013     1.00000000  -113.04848680  -113.22720810  -113.09583370  -113.33668860
1.80000000     5.50000000     4.85695378  -113.37737801     1.00000000  -113.04805220  -113.22411850  -113.09485900  -113.33263430
1.80000000     5.75000000     5.09435963  -113.37495839     1.00000000  -113.04886320  -113.22279670  -113.09524860  -113.33055730
1.80000000     6.00000000     5.33291665  -113.37398003     1.00000000  -113.05008360  -113.22252400  -113.09623970  -113.32980640
1.80000000     6.25000000     5.57247701  -113.37374458     1.00000000  -113.05121250  -113.22266580  -113.09727320  -113.32969730
1.80000000     6.50000000     5.81291665  -113.37377082     1.00000000  -113.05209520  -113.22287800  -113.09812700  -113.32978900
1.80000000     6.75000000     6.05413082  -113.37385220     1.00000000  -113.05273410  -113.22303890  -113.09876900  -113.32990110
1.80000000     7.00000000     6.29603050  -113.37391845     1.00000000  -113.05317630  -113.22312660  -113.09923050  -113.32997890
1.80000000     7.25000000     6.53853959  -113.37395300     1.00000000  -113.05347260  -113.22315350  -113.09955370  -113.33001530
1.80000000     7.50000000     6.78159273  -113.37395751     1.00000000  -113.05366620  -113.22313950  -113.09977510  -113.33001770
1.80000000     7.75000000     7.02513345  -113.37393787     1.00000000  -113.05379030  -113.22310260  -113.09992290  -113.32999570
1.80000000     8.00000000     7.26911274  -113.37390098     1.00000000  -113.05386900  -113.22305590  -113.10001810  -113.32995800
1.80000000     8.25000000     7.51348787  -113.37385250     1.00000000  -113.05391840  -113.22300730  -113.10007670  -113.32991110
1.80000000     8.50000000     7.75822145  -113.37380041     1.00000000  -113.05394880  -113.22296080  -113.10011090  -113.32986180
1.80000000     8.75000000     8.00328058  -113.37374882     1.00000000  -113.05396660  -113.22291760  -113.10012930  -113.32981350
1.80000000     9.00000000     8.24863625  -113.37370149     1.00000000  -113.05397510  -113.22287750  -113.10013830  -113.32976900
1.80000000     9.25000000     8.49426277  -113.37366052     1.00000000  -113.05397670  -113.22283970  -113.10014200  -113.32972960
1.80000000     9.50000000     8.74013730  -113.37362682     1.00000000  -113.05397310  -113.22280360  -113.10014300  -113.32969580
1.80000000     9.75000000     8.98623948  -113.37360012     1.00000000  -113.05396580  -113.22276910  -113.10014280  -113.32966740
1.80000000    10.00000000     9.23255111  -113.37357930     1.00000000  -113.05395600  -113.22273640  -113.10014220  -113.32964370


1.90000000     1.50000000     1.73493516  -112.36527130     1.00000000  -111.77045280  -111.94859660  -111.97675250  -112.24738750
1.90000000     1.75000000     1.82961745  -113.02020764     1.00000000  -112.51117160  -112.69584680  -112.65208830  -112.92606990
1.90000000     2.00000000     1.95192213  -113.35726017     1.00000000  -112.90874540  -113.10004390  -113.00661090  -113.28140930
1.90000000     2.25000000     2.09702170  -113.52230645     1.00000000  -113.11424540  -113.30904430  -113.18489770  -113.45858120
1.90000000     2.50000000     2.26053091  -113.59234894     1.00000000  -113.20895090  -113.40599370  -113.26342040  -113.53611560
1.90000000     2.75000000     2.43874968  -113.61167384     1.00000000  -113.24282470  -113.44094140  -113.28773750  -113.55974430
1.90000000     3.00000000     2.62868789  -113.60527788     1.00000000  -113.24625540  -113.44462430  -113.28975880  -113.55706140
1.90000000     3.25000000     2.82798515  -113.59020412     1.00000000  -113.23678000  -113.43499190  -113.27843670  -113.54375970
1.90000000     3.50000000     3.03479818  -113.57314936     1.00000000  -113.22341650  -113.42126980  -113.26430820  -113.52785450
1.90000000     3.75000000     3.24769149  -113.55651771     1.00000000  -113.20975300  -113.40695950  -113.25032750  -113.51206030
1.90000000     4.00000000     3.46554469  -113.54038787     1.00000000  -113.19669730  -113.39271230  -113.23709590  -113.49662190
1.90000000     4.25000000     3.68747881  -113.52460717     1.00000000  -113.18446790  -113.37864280  -113.22469790  -113.48146580
1.90000000     4.50000000     3.91279951  -113.50948678     1.00000000  -113.17343020  -113.36518890  -113.21342530  -113.46693900
1.90000000     4.75000000     4.14095400  -113.49565655     1.00000000  -113.16423790  -113.35306450  -113.20388450  -113.45369540
1.90000000     5.00000000     4.37149860  -113.48389602     1.00000000  -113.15764770  -113.34307870  -113.19681950  -113.44252390
1.90000000     5.25000000     4.60407428  -113.47498829     1.00000000  -113.15413380  -113.33592670  -113.19274320  -113.43418150
1.90000000     5.50000000     4.83838816  -113.46934421     1.00000000  -113.15341370  -113.33181060  -113.19149380  -113.42902170
1.90000000     5.75000000     5.07419944  -113.46662576     1.00000000  -113.15434730  -113.33017360  -113.19208290  -113.42665080
1.90000000     6.00000000     5.31130869  -113.46574828     1.00000000  -113.15573260  -113.32990270  -113.19330410  -113.42597310
1.90000000     6.25000000     5.54954953  -113.46562744     1.00000000  -113.15698260  -113.33010130  -113.19448920  -113.42596110
1.90000000     6.50000000     5.78878226  -113.46572246     1.00000000  -113.15794890  -113.33036380  -113.19543860  -113.42611610
1.90000000     6.75000000     6.02888879  -113.46584077     1.00000000  -113.15864560  -113.33056130  -113.19614270  -113.42626540
1.90000000     7.00000000     6.26976874  -113.46592631     1.00000000  -113.15912770  -113.33067370  -113.19664570  -113.42636460
1.90000000     7.25000000     6.51133627  -113.46597031     1.00000000  -113.15945170  -113.33071680  -113.19699680  -113.42641290
1.90000000     7.50000000     6.75351760  -113.46597922     1.00000000  -113.15966450  -113.33071260  -113.19723710  -113.42642160
1.90000000     7.75000000     6.99624899  -113.46596126     1.00000000  -113.15980190  -113.33068120  -113.19739790  -113.42640260
1.90000000     8.00000000     7.23947512  -113.46592487     1.00000000  -113.15988980  -113.33063720  -113.19750240  -113.42636620
1.90000000     8.25000000     7.48314773  -113.46587719     1.00000000  -113.15994590  -113.33058980  -113.19756770  -113.42632020
1.90000000     8.50000000     7.72722460  -113.46582480     1.00000000  -113.15998130  -113.33054370  -113.19760680  -113.42627080
1.90000000     8.75000000     7.97166858  -113.46577270     1.00000000  -113.16000300  -113.33050080  -113.19762880  -113.42622220
1.90000000     9.00000000     8.21644692  -113.46572463     1.00000000  -113.16001490  -113.33046100  -113.19764050  -113.42617720
1.90000000     9.25000000     8.46153059  -113.46568261     1.00000000  -113.16001950  -113.33042390  -113.19764610  -113.42613720
1.90000000     9.50000000     8.70689382  -113.46564760     1.00000000  -113.16001850  -113.33038870  -113.19764850  -113.42610270
1.90000000     9.75000000     8.95251361  -113.46561933     1.00000000  -113.16001360  -113.33035540  -113.19764920  -113.42607350
1.90000000    10.00000000     9.19836942  -113.46559711     1.00000000  -113.16000600  -113.33032390  -113.19764920  -113.42604910


2.00000000     1.50000000     1.80277564  -112.50426326     1.00000000  -111.94206060  -112.12216010  -112.12448590  -112.39542500
2.00000000     1.75000000     1.88745861  -113.13867507     1.00000000  -112.65514480  -112.84161690  -112.77790230  -113.05183240
2.00000000     2.00000000     2.00000000  -113.46007606     1.00000000  -113.02982340  -113.22377260  -113.11443330  -113.38993400
2.00000000     2.25000000     2.13600094  -113.61495727     1.00000000  -113.22209560  -113.41860390  -113.28134250  -113.55568150
2.00000000     2.50000000     2.29128785  -113.67828389     1.00000000  -113.30819230  -113.50681660  -113.35545590  -113.62653800
2.00000000     2.75000000     2.46221445  -113.69310288     1.00000000  -113.33695470  -113.53654800  -113.37693460  -113.64581110
2.00000000     3.00000000     2.64575131  -113.68448948     1.00000000  -113.33694150  -113.53673690  -113.37327230  -113.63993770
2.00000000     3.25000000     2.83945417  -113.66686486     1.00000000  -113.32463480  -113.52433310  -113.35930030  -113.62402380
2.00000000     3.50000000     3.04138127  -113.64754550     1.00000000  -113.30875390  -113.50827920  -113.34273480  -113.60583520
2.00000000     3.75000000     3.25000000  -113.62918769     1.00000000  -113.29298170  -113.49221130  -113.32668560  -113.58830370
2.00000000     4.00000000     3.46410162  -113.61191493     1.00000000  -113.27819290  -113.47678350  -113.31174290  -113.57170640
2.00000000     4.25000000     3.68272997  -113.59527473     1.00000000  -113.26440400  -113.46180540  -113.29780020  -113.55566980
2.00000000     4.50000000     3.90512484  -113.57919876     1.00000000  -113.25176730  -113.44734720  -113.28495040  -113.54016830
2.00000000     4.75000000     4.13067791  -113.56404593     1.00000000  -113.24079970  -113.43385470  -113.27367050  -113.52558710
2.00000000     5.00000000     4.35889894  -113.55044331     1.00000000  -113.23233320  -113.42201220  -113.26476820  -113.51257090
2.00000000     5.25000000     4.58938994  -113.53929691     1.00000000  -113.22729390  -113.41270080  -113.25918780  -113.50201970
2.00000000     5.50000000     4.82182538  -113.53180560     1.00000000  -113.22588960  -113.40686900  -113.25728630  -113.49506430
2.00000000     5.75000000     5.05593710  -113.52834785     1.00000000  -113.22673180  -113.40448200  -113.25784050  -113.49195730
2.00000000     6.00000000     5.29150262  -113.52732276     1.00000000  -113.22818100  -113.40400800  -113.25916150  -113.49111590
2.00000000     6.25000000     5.52833610  -113.52719409     1.00000000  -113.22950840  -113.40417350  -113.26044010  -113.49108850
2.00000000     6.50000000     5.76628130  -113.52730518     1.00000000  -113.23053960  -113.40444620  -113.26146130  -113.49125800
2.00000000     6.75000000     6.00520607  -113.52743933     1.00000000  -113.23128630  -113.40466300  -113.26221840  -113.49142460
2.00000000     7.00000000     6.24499800  -113.52753590     1.00000000  -113.23180570  -113.40479350  -113.26275960  -113.49153740
2.00000000     7.25000000     6.48556089  -113.52758715     1.00000000  -113.23215680  -113.40485020  -113.26313790  -113.49159520
2.00000000     7.50000000     6.72681202  -113.52759987     1.00000000  -113.23238910  -113.40485550  -113.26339750  -113.49160970
2.00000000     7.75000000     6.96867993  -113.52758396     1.00000000  -113.23254040  -113.40483010  -113.26357190  -113.49159410
2.00000000     8.00000000     7.21110255  -113.52754846     1.00000000  -113.23263830  -113.40478950  -113.26368600  -113.49155940
2.00000000     8.25000000     7.45402576  -113.52750118     1.00000000  -113.23270150  -113.40474370  -113.26375840  -113.49151420
2.00000000     8.50000000     7.69740216  -113.52744856     1.00000000  -113.23274220  -113.40469850  -113.26380250  -113.49146490
2.00000000     8.75000000     7.94119009  -113.52739605     1.00000000  -113.23276790  -113.40465590  -113.26382840  -113.49141610
2.00000000     9.00000000     8.18535277  -113.52734726     1.00000000  -113.23278290  -113.40461650  -113.26384280  -113.49137070
2.00000000     9.25000000     8.42985765  -113.52730444     1.00000000  -113.23279020  -113.40457980  -113.26385040  -113.49133020
2.00000000     9.50000000     8.67467579  -113.52726819     1.00000000  -113.23279160  -113.40454530  -113.26385420  -113.49129500
2.00000000     9.75000000     8.91978139  -113.52723861     1.00000000  -113.23278870  -113.40451280  -113.26385590  -113.49126510
2.00000000    10.00000000     9.16515139  -113.52721488     1.00000000  -113.23278300  -113.40448230  -113.26385650  -113.49123990


2.10000000     1.50000000     1.87349940  -112.60938297     1.00000000  -112.07476260  -112.25674940  -112.23719840  -112.50833500
2.10000000     1.75000000     1.94871753  -113.22800375     1.00000000  -112.76622810  -112.95442480  -112.87405650  -113.14758460
2.10000000     2.00000000     2.05182845  -113.53666263     1.00000000  -113.12290790  -113.31849080  -113.19649380  -113.47156300
2.10000000     2.25000000     2.17887586  -113.68242690     1.00000000  -113.30255850  -113.50055290  -113.35504490  -113.62758550
2.10000000     2.50000000     2.32594067  -113.73999241     1.00000000  -113.38068160  -113.58070590  -113.42115620  -113.69172180
2.10000000     2.75000000     2.48947786  -113.75108979     1.00000000  -113.40462500  -113.60553590  -113.43864280  -113.70695470
2.10000000     3.00000000     2.66645833  -113.73980688     1.00000000  -113.40147330  -113.60250480  -113.43222110  -113.69825770
2.10000000     3.25000000     2.85438260  -113.71995645     1.00000000  -113.38672780  -113.58764450  -113.41596670  -113.68004910
2.10000000     3.50000000     3.05122926  -113.69864895     1.00000000  -113.36869470  -113.56952360  -113.39731060  -113.65984640
2.10000000     3.75000000     3.25538016  -113.67871189     1.00000000  -113.35111980  -113.55185100  -113.37948680  -113.64072530
2.10000000     4.00000000     3.46554469  -113.66043123     1.00000000  -113.33493720  -113.53539160  -113.36316750  -113.62310930
2.10000000     4.25000000     3.68069287  -113.64322644     1.00000000  -113.31999970  -113.51980520  -113.34809320  -113.60649030
2.10000000     4.50000000     3.90000000  -113.62674101     1.00000000  -113.30620540  -113.50486420  -113.33411430  -113.59055280
2.10000000     4.75000000     4.12280244  -113.61102748     1.00000000  -113.29383090  -113.49070930  -113.32147960  -113.57537810
2.10000000     5.00000000     4.34856298  -113.59637254     1.00000000  -113.28354990  -113.47770270  -113.31084070  -113.56127760


2.20000000     1.50000000     1.94679223  -112.68770818     1.00000000  -112.17599880  -112.35975760  -112.32204640  -112.59326170
2.20000000     1.75000000     2.01308221  -113.29459528     1.00000000  -112.85070970  -113.04052870  -112.94638290  -113.21956080
2.20000000     2.00000000     2.10713075  -113.59281237     1.00000000  -113.19277170  -113.38982810  -113.25739860  -113.53198550
2.20000000     2.25000000     2.22542131  -113.73073350     1.00000000  -113.36161280  -113.56086550  -113.40737670  -113.67932200
2.20000000     2.50000000     2.36431808  -113.78303280     1.00000000  -113.43252160  -113.63374860  -113.46765140  -113.73765310
2.20000000     2.75000000     2.52041663  -113.79068956     1.00000000  -113.45198340  -113.65404710  -113.48138940  -113.74914550
2.20000000     3.00000000     2.69072481  -113.77697947     1.00000000  -113.44595520  -113.64806050  -113.47243270  -113.73787030
2.20000000     3.25000000     2.87271648  -113.75518578     1.00000000  -113.42909600  -113.63102190  -113.45420260  -113.71764570
2.20000000     3.50000000     3.06431069  -113.73215394     1.00000000  -113.40923250  -113.61108820  -113.43376130  -113.69568700
2.20000000     3.75000000     3.26381678  -113.71077327     1.00000000  -113.39009390  -113.59194840  -113.41438630  -113.67511060
2.20000000     4.00000000     3.46987031  -113.69153172     1.00000000  -113.37274520  -113.57451880  -113.39690550  -113.65652680
2.20000000     4.25000000     3.68137203  -113.67384635     1.00000000  -113.35697620  -113.55843080  -113.38100510  -113.63941660
2.20000000     4.50000000     3.89743505  -113.65718260     1.00000000  -113.34246950  -113.54326350  -113.36632990  -113.62328230
2.20000000     4.75000000     4.11734138  -113.64140307     1.00000000  -113.32924480  -113.52894730  -113.35288620  -113.60801000
2.20000000     5.00000000     4.34050688  -113.62660705     1.00000000  -113.31768420  -113.51563900  -113.34104940  -113.59371950
2.20000000     5.25000000     4.56645377  -113.61281723     1.00000000  -113.30857250  -113.50345010  -113.33158890  -113.58046390
2.20000000     5.50000000     4.79478884  -113.59974286     1.00000000  -113.30337900  -113.49233550  -113.32598290  -113.56804410
2.20000000     5.75000000     5.02518656  -113.59113786     1.00000000  -113.30267080  -113.48524960  -113.32503010  -113.55995710
2.20000000     6.00000000     5.25737577  -113.58843466     1.00000000  -113.30381910  -113.48305040  -113.32609190  -113.55742460
2.20000000     6.25000000     5.49112921  -113.58784474     1.00000000  -113.30515610  -113.48269910  -113.32740280  -113.55691780
2.20000000     6.50000000     5.72625532  -113.58783053     1.00000000  -113.30626210  -113.48282840  -113.32851170  -113.55695650
2.20000000     6.75000000     5.96259172  -113.58793779     1.00000000  -113.30708680  -113.48301930  -113.32935460  -113.55709720
2.20000000     7.00000000     6.20000000  -113.58803781     1.00000000  -113.30767230  -113.48315980  -113.32996600  -113.55721610
2.20000000     7.25000000     6.43836159  -113.58809813     1.00000000  -113.30807540  -113.48323440  -113.33039800  -113.55728620
2.20000000     7.50000000     6.67757441  -113.58811924     1.00000000  -113.30834700  -113.48325560  -113.33069720  -113.55731170
2.20000000     7.75000000     6.91755014  -113.58810916     1.00000000  -113.30852740  -113.48324240  -113.33090050  -113.55730410
2.20000000     8.00000000     7.15821207  -113.58807744     1.00000000  -113.30864640  -113.48320980  -113.33103560  -113.55727460
2.20000000     8.25000000     7.39949323  -113.58803223     1.00000000  -113.30872480  -113.48316890  -113.33112310  -113.55723240
2.20000000     8.50000000     7.64133496  -113.58798063     1.00000000  -113.30877650  -113.48312620  -113.33117830  -113.55718460
2.20000000     8.75000000     7.88368569  -113.58792812     1.00000000  -113.30881030  -113.48308490  -113.33121220  -113.55713620
2.20000000     9.00000000     8.12649986  -113.58787862     1.00000000  -113.30883150  -113.48304620  -113.33123250  -113.55709050
2.20000000     9.25000000     8.36973715  -113.58783442     1.00000000  -113.30884350  -113.48301000  -113.33124440  -113.55704920
2.20000000     9.50000000     8.61336171  -113.58779646     1.00000000  -113.30884880  -113.48297620  -113.33125120  -113.55701300
2.20000000     9.75000000     8.85734159  -113.58776481     1.00000000  -113.30884920  -113.48294460  -113.33125500  -113.55698190
2.20000000    10.00000000     9.10164820  -113.58773881     1.00000000  -113.30884630  -113.48291510  -113.33125700  -113.55695540


2.30000000     1.50000000     2.02237484  -112.74504540     1.00000000  -112.25204810  -112.43743230  -112.38494420  -112.65611290
2.30000000     1.75000000     2.08026441  -113.34345997     1.00000000  -112.91378000  -113.10510520  -112.99942830  -113.27270030
2.30000000     2.00000000     2.16564078  -113.63281812     1.00000000  -113.24414390  -113.44252890  -113.30330350  -113.57597300
2.30000000     2.25000000     2.27541205  -113.76414471     1.00000000  -113.40392170  -113.60421150  -113.44434550  -113.71560850
2.30000000     2.50000000     2.40624188  -113.81176968     1.00000000  -113.46844220  -113.67067110  -113.49940210  -113.76878850
2.30000000     2.75000000     2.55489726  -113.81630798     1.00000000  -113.48380450  -113.68685500  -113.50968160  -113.77688400
2.30000000     3.00000000     2.71845544  -113.80041022     1.00000000  -113.47513780  -113.67817870  -113.49839390  -113.76327550
2.30000000     3.25000000     2.89439113  -113.77691705     1.00000000  -113.45643000  -113.65920610  -113.47844120  -113.74127790
2.30000000     3.50000000     3.08058436  -113.75240819     1.00000000  -113.43501940  -113.63769700  -113.45648900  -113.71780610
2.30000000     3.75000000     3.27528625  -113.72973005     1.00000000  -113.41451730  -113.61723380  -113.43575160  -113.69591840
2.30000000     4.00000000     3.47706773  -113.70955515     1.00000000  -113.39613500  -113.59886870  -113.41723110  -113.67639580
2.30000000     4.25000000     3.68476594  -113.69138702     1.00000000  -113.37970220  -113.58229270  -113.40066180  -113.65879690
2.30000000     4.50000000     3.89743505  -113.67458420     1.00000000  -113.36476450  -113.56696580  -113.38555720  -113.64251340
2.30000000     4.75000000     4.11430432  -113.65886887     1.00000000  -113.35113920  -113.55266210  -113.37173090  -113.62728660
2.30000000     5.00000000     4.33474336  -113.64426973     1.00000000  -113.33897310  -113.53943900  -113.35933640  -113.61315720
2.30000000     5.25000000     4.55823431  -113.63086809     1.00000000  -113.32866840  -113.52741100  -113.34878400  -113.60022020
2.30000000     5.50000000     4.78434949  -113.61819063     1.00000000  -113.32098800  -113.51624550  -113.34082640  -113.58805220
2.30000000     5.75000000     5.01273379  -113.60455789     1.00000000  -113.31767600  -113.50482510  -113.33726900  -113.57518760
2.30000000     6.00000000     5.24309069  -113.59864177     1.00000000  -113.31811530  -113.49958550  -113.33764760  -113.56950790
2.30000000     6.25000000     5.47517123  -113.59728226     1.00000000  -113.31932190  -113.49838590  -113.33884360  -113.56820480
2.30000000     6.50000000     5.70876519  -113.59705239     1.00000000  -113.32042200  -113.49826250  -113.33995550  -113.56801540
2.30000000     6.75000000     5.94369414  -113.59709676     1.00000000  -113.32126980  -113.49837600  -113.34082690  -113.56808850
2.30000000     7.00000000     6.17980582  -113.59718018     1.00000000  -113.32188210  -113.49849650  -113.34146850  -113.56818990
2.30000000     7.25000000     6.41696969  -113.59723809     1.00000000  -113.32230890  -113.49857030  -113.34192590  -113.56825830
2.30000000     7.50000000     6.65507325  -113.59726176     1.00000000  -113.32259960  -113.49859660  -113.34224490  -113.56828730
2.30000000     7.75000000     6.89401915  -113.59725473     1.00000000  -113.32279460  -113.49858860  -113.34246310  -113.56828350
2.30000000     8.00000000     7.13372273  -113.59722540     1.00000000  -113.32292440  -113.49856010  -113.34260930  -113.56825700
2.30000000     8.25000000     7.37411012  -113.59718197     1.00000000  -113.32301070  -113.49852190  -113.34270490  -113.56821690
2.30000000     8.50000000     7.61511655  -113.59713134     1.00000000  -113.32306810  -113.49848080  -113.34276600  -113.56817030
2.30000000     8.75000000     7.85668505  -113.59707944     1.00000000  -113.32310600  -113.49844040  -113.34280410  -113.56812260
2.30000000     9.00000000     8.09876534  -113.59703038     1.00000000  -113.32313020  -113.49840150  -113.34282750  -113.56807710
2.30000000     9.25000000     8.34131285  -113.59698575     1.00000000  -113.32314450  -113.49836560  -113.34284160  -113.56803560
2.30000000     9.50000000     8.58428797  -113.59694708     1.00000000  -113.32315140  -113.49833200  -113.34285000  -113.56799900
2.30000000     9.75000000     8.82765541  -113.59691470     1.00000000  -113.32315320  -113.49830040  -113.34285500  -113.56796740
2.30000000    10.00000000     9.07138358  -113.59688788     1.00000000  -113.32315130  -113.49827110  -113.34285780  -113.56794040


2.40000000     1.50000000     2.10000000  -112.78662899     1.00000000  -112.30819360  -112.49504080  -112.42897010  -112.70163200
2.40000000     1.75000000     2.15000000  -113.37727214     1.00000000  -112.95975800  -113.15247320  -113.03789470  -113.31044460
2.40000000     2.00000000     2.22710575  -113.66040506     1.00000000  -113.28087320  -113.48042390  -113.33256450  -113.60615930
2.40000000     2.25000000     2.32862620  -113.78601041     1.00000000  -113.43315370  -113.63427220  -113.46936760  -113.73987800
2.40000000     2.50000000     2.45153013  -113.82955759     1.00000000  -113.49212210  -113.69515980  -113.51984580  -113.78856790
2.40000000     2.75000000     2.59277843  -113.83132343     1.00000000  -113.50379890  -113.70767410  -113.52699200  -113.79363620
2.40000000     3.00000000     2.74954542  -113.81348231     1.00000000  -113.49272150  -113.69657940  -113.51356860  -113.77794460
2.40000000     3.25000000     2.91933212  -113.78850051     1.00000000  -113.47237760  -113.67588650  -113.49209770  -113.75438560
2.40000000     3.50000000     3.10000000  -113.76273468     1.00000000  -113.44966560  -113.65301660  -113.46887760  -113.72961910
2.40000000     3.75000000     3.28975683  -113.73891754     1.00000000  -113.42798650  -113.63138380  -113.44695900  -113.70657660
2.40000000     4.00000000     3.48711915  -113.71784978     1.00000000  -113.40865890  -113.61212380  -113.42748070  -113.68615520
2.40000000     4.25000000     3.69086711  -113.69916821     1.00000000  -113.39162680  -113.59504110  -113.41030190  -113.66804100
2.40000000     4.50000000     3.90000000  -113.68220201     1.00000000  -113.37638040  -113.57954710  -113.39488320  -113.65158950
2.40000000     4.75000000     4.11369663  -113.66655332     1.00000000  -113.36259110  -113.56528720  -113.38089670  -113.63641940
2.40000000     5.00000000     4.33128157  -113.65216735     1.00000000  -113.35024640  -113.55222150  -113.36834280  -113.62248380
2.40000000     5.25000000     4.55219727  -113.63915816     1.00000000  -113.33955280  -113.54046890  -113.35744650  -113.60990170
2.40000000     5.50000000     4.77598157  -113.62759313     1.00000000  -113.33082280  -113.53010660  -113.34853690  -113.59874680
2.40000000     5.75000000     5.00224949  -113.61668154     1.00000000  -113.32451210  -113.52049840  -113.34207270  -113.58828500
2.40000000     6.00000000     5.23067873  -113.60181869     1.00000000  -113.32231970  -113.50798570  -113.33983680  -113.57426560
2.40000000     6.25000000     5.46099808  -113.59799528     1.00000000  -113.32308990  -113.50410630  -113.34063600  -113.57042640
2.40000000     6.50000000     5.69297813  -113.59723493     1.00000000  -113.32411640  -113.50334000  -113.34168880  -113.56966790
2.40000000     6.75000000     5.92642388  -113.59712722     1.00000000  -113.32496550  -113.50326020  -113.34256920  -113.56957500
2.40000000     7.00000000     6.16116872  -113.59716385     1.00000000  -113.32559650  -113.50331950  -113.34323380  -113.56962490
2.40000000     7.25000000     6.39706964  -113.59721060     1.00000000  -113.32604370  -113.50337610  -113.34371400  -113.56968020
2.40000000     7.50000000     6.63400332  -113.59723297     1.00000000  -113.32635200  -113.50340050  -113.34405200  -113.56970780
2.40000000     7.75000000     6.87186292  -113.59722668     1.00000000  -113.32656120  -113.50339500  -113.34428500  -113.56970540
2.40000000     8.00000000     7.11055553  -113.59719961     1.00000000  -113.32670170  -113.50336970  -113.34444220  -113.56968150
2.40000000     8.25000000     7.35000000  -113.59715799     1.00000000  -113.32679600  -113.50333410  -113.34454610  -113.56964350
2.40000000     8.50000000     7.59012516  -113.59710876     1.00000000  -113.32685920  -113.50329470  -113.34461320  -113.56959840
2.40000000     8.75000000     7.83086841  -113.59705749     1.00000000  -113.32690120  -113.50325530  -113.34465580  -113.56955150
2.40000000     9.00000000     8.07217443  -113.59700829     1.00000000  -113.32692840  -113.50321750  -113.34468230  -113.56950630
2.40000000     9.25000000     8.31399423  -113.59696355     1.00000000  -113.32694490  -113.50318180  -113.34469870  -113.56946480
2.40000000     9.50000000     8.55628424  -113.59692464     1.00000000  -113.32695360  -113.50314820  -113.34470870  -113.56942800
2.40000000     9.75000000     8.79900563  -113.59689139     1.00000000  -113.32695650  -113.50311680  -113.34471480  -113.56939590
2.40000000    10.00000000     9.04212364  -113.59686381     1.00000000  -113.32695560  -113.50308750  -113.34471850  -113.56936840


2.50000000     1.50000000     2.17944947  -112.81484126     1.00000000  -112.34884520  -112.53698150  -112.46347230  -112.73417850
2.50000000     1.75000000     2.22204860  -113.40057504     1.00000000  -112.99224510  -113.18623870  -113.06449580  -113.33675470
2.50000000     2.00000000     2.29128785  -113.67772632     1.00000000  -113.30596430  -113.50654590  -113.35545590  -113.62653800
2.50000000     2.25000000     2.38484800  -113.79895931     1.00000000  -113.45222050  -113.65397320  -113.48513430  -113.75483480
2.50000000     2.50000000     2.50000000  -113.83899341     1.00000000  -113.50643320  -113.71010140  -113.53165020  -113.79966390
2.50000000     2.75000000     2.63391344  -113.83833953     1.00000000  -113.51485200  -113.71939620  -113.53600680  -113.80208160
2.50000000     3.00000000     2.78388218  -113.81880427     1.00000000  -113.50159030  -113.70616060  -113.52064310  -113.78456270
2.50000000     3.25000000     2.94745653  -113.79252070     1.00000000  -113.47977840  -113.68394140  -113.49781500  -113.75963160
2.50000000     3.50000000     3.12249900  -113.76568331     1.00000000  -113.45596890  -113.65989310  -113.47353170  -113.73375560
2.50000000     3.75000000     3.30718914  -113.74088999     1.00000000  -113.43329350  -113.63724630  -113.45061180  -113.70971890
2.50000000     4.00000000     3.50000000  -113.71898549     1.00000000  -113.41310280  -113.61715060  -113.43025520  -113.68845600
2.50000000     4.25000000     3.69966215  -113.69976846     1.00000000  -113.39548920  -113.59954060  -113.41248290  -113.66980510
2.50000000     4.50000000     3.90512484  -113.68259499     1.00000000  -113.37996240  -113.58384410  -113.39677730  -113.65314500
2.50000000     4.75000000     4.11551941  -113.66698005     1.00000000  -113.36609750  -113.56961090  -113.38271440  -113.63800410
2.50000000     5.00000000     4.33012702  -113.65277216     1.00000000  -113.35376200  -113.55670070  -113.37017700  -113.62423780


2.60000000     1.50000000     2.26053091  -112.83424874     1.00000000  -112.37764010  -112.56688250  -112.48630710  -112.75660190
2.60000000     1.75000000     2.29619250  -113.41495180     1.00000000  -113.01423490  -113.20940620  -113.08226840  -113.35380600
2.60000000     2.00000000     2.35796522  -113.68765622     1.00000000  -113.32209530  -113.52355850  -113.36841380  -113.63863430
2.60000000     2.25000000     2.44386988  -113.80507669     1.00000000  -113.46344950  -113.66565640  -113.49378910  -113.76263080
2.60000000     2.50000000     2.55147016  -113.84210955     1.00000000  -113.51362760  -113.71775980  -113.53690320  -113.80416920
2.60000000     2.75000000     2.67815235  -113.83937221     1.00000000  -113.51920670  -113.72427370  -113.53881140  -113.80429940
2.60000000     3.00000000     2.82134720  -113.81839315     1.00000000  -113.50399180  -113.70917450  -113.52170920  -113.78520980
2.60000000     3.25000000     2.97867420  -113.79098450     1.00000000  -113.48084660  -113.68561440  -113.49765090  -113.75908610
2.60000000     3.50000000     3.14801525  -113.76322367     1.00000000  -113.45609690  -113.66053690  -113.47246360  -113.73225010
2.60000000     3.75000000     3.32753663  -113.73760111     1.00000000  -113.43259400  -113.63702110  -113.44871320  -113.70736630
2.60000000     4.00000000     3.51567917  -113.71494155     1.00000000  -113.41163340  -113.61616790  -113.42757090  -113.68534260
2.60000000     4.25000000     3.71113190  -113.69518033     1.00000000  -113.39344730  -113.59802260  -113.40921370  -113.66614680
2.60000000     4.50000000     3.91279951  -113.67775327     1.00000000  -113.37762550  -113.58208040  -113.39320720  -113.64923330
2.60000000     4.75000000     4.11976941  -113.66212664     1.00000000  -113.36369600  -113.56783680  -113.37907910  -113.63407950
2.60000000     5.00000000     4.33128157  -113.64805967     1.00000000  -113.35142960  -113.55505890  -113.36661520  -113.62045020
2.60000000     5.25000000     4.54670210  -113.63556403     1.00000000  -113.34084030  -113.54374720  -113.35584960  -113.60835640
2.60000000     5.50000000     4.76550102  -113.62476646     1.00000000  -113.33205600  -113.53400760  -113.34692970  -113.59792050
2.60000000     5.75000000     4.98723370  -113.61578650     1.00000000  -113.32516730  -113.52593840  -113.33996410  -113.58925730
2.60000000     6.00000000     5.21152569  -113.60855326     1.00000000  -113.32010560  -113.51953210  -113.33490710  -113.58232230
2.60000000     6.25000000     5.43806032  -113.60287268     1.00000000  -113.31663360  -113.51454030  -113.33155960  -113.57690760
2.60000000     6.50000000     5.66656863  -113.59928606     1.00000000  -113.31444990  -113.51079340  -113.32951870  -113.57328480
2.60000000     6.75000000     5.89682118  -113.59705985     1.00000000  -113.31312530  -113.50842940  -113.32828540  -113.57102280
2.60000000     7.00000000     6.12862138  -113.59562511     1.00000000  -113.31230350  -113.50691550  -113.32753350  -113.56957010
2.60000000     7.25000000     6.36180006  -113.59467661     1.00000000  -113.31178090  -113.50590730  -113.32706730  -113.56860860
2.60000000     7.50000000     6.59621103  -113.59402669     1.00000000  -113.31143910  -113.50521140  -113.32676980  -113.56794880
2.60000000     7.75000000     6.83172745  -113.59356666     1.00000000  -113.31120880  -113.50471570  -113.32657250  -113.56748090
2.60000000     8.00000000     7.06823882  -113.59322921     1.00000000  -113.31104920  -113.50435510  -113.32643540  -113.56713850
2.60000000     8.25000000     7.30564850  -113.59297452     1.00000000  -113.31093580  -113.50408730  -113.32633600  -113.56688120
2.60000000     8.50000000     7.54387169  -113.59277634     1.00000000  -113.31085340  -113.50388540  -113.32626110  -113.56668280
2.60000000     8.75000000     7.78283367  -113.59262189     1.00000000  -113.31079210  -113.50373070  -113.32620340  -113.56652880
2.60000000     9.00000000     8.02246845  -113.59249974     1.00000000  -113.31074500  -113.50361010  -113.32615830  -113.56640750
2.60000000     9.25000000     8.26271747  -113.59240398     1.00000000  -113.31070750  -113.50351450  -113.32612280  -113.56631210
2.60000000     9.50000000     8.50352868  -113.59232685     1.00000000  -113.31067640  -113.50343710  -113.32609460  -113.56623530
2.60000000     9.75000000     8.74485563  -113.59226425     1.00000000  -113.31064980  -113.50337330  -113.32607220  -113.56617290
2.60000000    10.00000000     8.98665678  -113.59221531     1.00000000  -113.31062670  -113.50331980  -113.32605430  -113.56612310


2.70000000     1.50000000     2.34307490  -112.84761231     1.00000000  -112.39753570  -112.58769430  -112.49902310  -112.77145210
2.70000000     1.75000000     2.37223523  -113.42329415     1.00000000  -113.02820110  -113.22445850  -113.09191810  -113.36395520
2.70000000     2.00000000     2.42693222  -113.69250781     1.00000000  -113.33116510  -113.53349290  -113.37205040  -113.64442510
2.70000000     2.25000000     2.50549396  -113.80603667     1.00000000  -113.46870950  -113.67120170  -113.49705170  -113.76499330
2.70000000     2.50000000     2.60576284  -113.84050482     1.00000000  -113.51547920  -113.71992240  -113.53725180  -113.80373300
2.70000000     2.75000000     2.72534401  -113.83599342     1.00000000  -113.51860550  -113.72405920  -113.53702920  -113.80191010
2.70000000     3.00000000     2.86181760  -113.81380740     1.00000000  -113.50167300  -113.70736500  -113.51839710  -113.78149500
2.70000000     3.25000000     3.01288898  -113.78545442     1.00000000  -113.47731230  -113.68265100  -113.49321740  -113.75436100
2.70000000     3.50000000     3.17647603  -113.75688782     1.00000000  -113.45173190  -113.65666770  -113.46723640  -113.72668550
2.70000000     3.75000000     3.35074619  -113.73055957     1.00000000  -113.42754650  -113.63240570  -113.44280350  -113.70107880
2.70000000     4.00000000     3.53411941  -113.70723527     1.00000000  -113.40592080  -113.61088340  -113.42098110  -113.67838440
2.70000000     4.25000000     3.72525167  -113.68694124     1.00000000  -113.38718280  -113.59221430  -113.40205960  -113.65865540
2.70000000     4.50000000     3.92300905  -113.66922032     1.00000000  -113.37103880  -113.57598690  -113.38572600  -113.64144890
2.70000000     4.75000000     4.12643914  -113.65353395     1.00000000  -113.35701930  -113.56168800  -113.37150870  -113.62623570
2.70000000     5.00000000     4.33474336  -113.63956797     1.00000000  -113.34482250  -113.54900800  -113.35911900  -113.61270570
2.70000000     5.25000000     4.54725192  -113.62725900     1.00000000  -113.33438210  -113.53787200  -113.34850940  -113.60079450
2.70000000     5.50000000     4.76340215  -113.61668303     1.00000000  -113.32576790  -113.52833480  -113.33976760  -113.59057340
2.70000000     5.75000000     4.98272014  -113.60792963     1.00000000  -113.31903610  -113.52046580  -113.33296430  -113.58212710
2.70000000     6.00000000     5.20480547  -113.60094153     1.00000000  -113.31410130  -113.51424700  -113.32803100  -113.57541510
2.70000000     6.25000000     5.42931856  -113.59520383     1.00000000  -113.31071270  -113.50945350  -113.32477560  -113.57003480
2.70000000     6.50000000     5.65597030  -113.59155842     1.00000000  -113.30860570  -113.50559360  -113.32286430  -113.56634160
2.70000000     6.75000000     5.88451357  -113.58936374     1.00000000  -113.30738830  -113.50319440  -113.32174690  -113.56408860
2.70000000     7.00000000     6.11473630  -113.58794214     1.00000000  -113.30664990  -113.50168670  -113.32107540  -113.56264610
2.70000000     7.25000000     6.34645570  -113.58699631     1.00000000  -113.30618150  -113.50068420  -113.32065840  -113.56168760
2.70000000     7.50000000     6.57951366  -113.58634474     1.00000000  -113.30587160  -113.49998990  -113.32038880  -113.56102670
2.70000000     7.75000000     6.81377282  -113.58588090     1.00000000  -113.30565880  -113.49949300  -113.32020620  -113.56055550


2.80000000     1.50000000     2.42693222  -112.85618589     1.00000000  -112.41089900  -112.60177830  -112.50763740  -112.78124910
2.80000000     1.75000000     2.45000000  -113.42687367     1.00000000  -113.03617890  -113.23342070  -113.09717050  -113.36913600
2.80000000     2.00000000     2.49799920  -113.69266645     1.00000000  -113.33858570  -113.53826440  -113.37760990  -113.64603400
2.80000000     2.25000000     2.56953303  -113.80318648     1.00000000  -113.46950040  -113.67212970  -113.49630420  -113.76331580
2.80000000     2.50000000     2.66270539  -113.83545033     1.00000000  -113.51339080  -113.71800160  -113.53400360  -113.79966420
2.80000000     2.75000000     2.77533782  -113.82942393     1.00000000  -113.51440270  -113.72011960  -113.53192680  -113.79617520
2.80000000     3.00000000     2.90516781  -113.80624786     1.00000000  -113.49598340  -113.70207710  -113.51197060  -113.77465930
2.80000000     3.25000000     3.05000000  -113.77713911     1.00000000  -113.47052770  -113.67640030  -113.48578070  -113.74670360
2.80000000     3.50000000     3.20780299  -113.74787451     1.00000000  -113.44418570  -113.64962490  -113.45907370  -113.71829880
2.80000000     3.75000000     3.37675880  -113.72093147     1.00000000  -113.41942720  -113.62471160  -113.43407050  -113.69206240
2.80000000     4.00000000     3.55527777  -113.69703007     1.00000000  -113.39724270  -113.60260700  -113.41167600  -113.66878520
2.80000000     4.25000000     3.74199145  -113.67623241     1.00000000  -113.37799130  -113.58344290  -113.39222880  -113.64855230
2.80000000     4.50000000     3.93573373  -113.65818964     1.00000000  -113.36150280  -113.56690290  -113.37554640  -113.63102530
2.80000000     4.75000000     4.13551690  -113.64239686     1.00000000  -113.34735450  -113.55250230  -113.36120240  -113.61570650
2.80000000     5.00000000     4.34050688  -113.62848997     1.00000000  -113.33520050  -113.53988060  -113.34886090  -113.60223500
2.80000000     5.25000000     4.55000000  -113.61633299     1.00000000  -113.32489950  -113.52888980  -113.33839800  -113.59047340
2.80000000     5.50000000     4.76340215  -113.60594382     1.00000000  -113.31645660  -113.51952590  -113.32983490  -113.58043440
2.80000000     5.75000000     4.98021084  -113.59737392     1.00000000  -113.30988350  -113.51181750  -113.32319480  -113.57216320
2.80000000     6.00000000     5.20000000  -113.59057196     1.00000000  -113.30506810  -113.50573230  -113.31837660  -113.56561710
2.80000000     6.25000000     5.42240721  -113.58490988     1.00000000  -113.30174240  -113.50108570  -113.31516460  -113.56033380
2.80000000     6.50000000     5.64712316  -113.58105710     1.00000000  -113.29963760  -113.49715840  -113.31331190  -113.55649120
2.80000000     6.75000000     5.87388287  -113.57889259     1.00000000  -113.29846130  -113.49467490  -113.31225120  -113.55423000
2.80000000     7.00000000     6.10245852  -113.57748080     1.00000000  -113.29775550  -113.49316810  -113.31161550  -113.55279460
2.80000000     7.25000000     6.33265347  -113.57653771     1.00000000  -113.29730680  -113.49216850  -113.31121900  -113.55183900


2.90000000     1.50000000     2.51197134  -112.85836224     1.00000000  -112.41852850  -112.61108310  -112.51858930  -112.78706220
2.90000000     1.75000000     2.52932797  -113.42611551     1.00000000  -113.04029440  -113.23795750  -113.10146880  -113.37052710
2.90000000     2.00000000     2.57099203  -113.68963392     1.00000000  -113.33913350  -113.53890710  -113.37661140  -113.64414160
2.90000000     2.25000000     2.63581107  -113.79761406     1.00000000  -113.46701830  -113.66966640  -113.49265000  -113.75872330
2.90000000     2.50000000     2.72213152  -113.82794920     1.00000000  -113.50847140  -113.71311760  -113.52819610  -113.79299850
2.90000000     2.75000000     2.82798515  -113.82062345     1.00000000  -113.50765290  -113.71351870  -113.52449440  -113.78808310
2.90000000     3.00000000     2.95127091  -113.79663866     1.00000000  -113.48795560  -113.69434540  -113.50339910  -113.76565800
2.90000000     3.25000000     3.08990291  -113.76695624     1.00000000  -113.46154210  -113.66789140  -113.47632740  -113.73706310
2.90000000     3.50000000     3.24191302  -113.73711246     1.00000000  -113.43448620  -113.64044860  -113.44893860  -113.70804980
2.90000000     3.75000000     3.40551024  -113.70962237     1.00000000  -113.40922260  -113.61495720  -113.42343470  -113.68125400
2.90000000     4.00000000     3.57910603  -113.68521656     1.00000000  -113.38657320  -113.59234330  -113.40056420  -113.65746740
2.90000000     4.25000000     3.76131626  -113.66395624     1.00000000  -113.36686160  -113.57272310  -113.38064510  -113.63677110
2.90000000     4.50000000     3.95094925  -113.64557813     1.00000000  -113.35002000  -113.55585650  -113.36360540  -113.61891010
2.90000000     4.75000000     4.14698686  -113.62963665     1.00000000  -113.33570320  -113.54131340  -113.34909580  -113.60344420
2.90000000     5.00000000     4.34856298  -113.61574642     1.00000000  -113.32355340  -113.52870830  -113.33676490  -113.58998930
2.90000000     5.25000000     4.55494237  -113.60370887     1.00000000  -113.31336570  -113.51783070  -113.32642280  -113.57834510
2.90000000     5.50000000     4.76550102  -113.59348024     1.00000000  -113.30507640  -113.50861480  -113.31802070  -113.56846240
2.90000000     5.75000000     4.97970883  -113.58507027     1.00000000  -113.29864460  -113.50104550  -113.31152710  -113.56034370
2.90000000     6.00000000     5.19711458  -113.57842317     1.00000000  -113.29392780  -113.49507010  -113.30680530  -113.55393540
2.90000000     6.25000000     5.41733329  -113.57301668     1.00000000  -113.29064620  -113.49052330  -113.30360640  -113.54884680


3.00000000     1.50000000     2.59807621  -112.86041767     1.00000000  -112.42405380  -112.61681290  -112.52245590  -112.79025310
3.00000000     1.75000000     2.61007663  -113.42360357     1.00000000  -113.04035220  -113.23920290  -113.10126160  -113.36944540
3.00000000     2.00000000     2.64575131  -113.68448942     1.00000000  -113.33694150  -113.53673700  -113.37327230  -113.63993770
3.00000000     2.25000000     2.70416346  -113.79018057     1.00000000  -113.46220610  -113.66479510  -113.48695730  -113.75211100
3.00000000     2.50000000     2.78388218  -113.81880423     1.00000000  -113.50159030  -113.70616040  -113.52064310  -113.78456260
3.00000000     2.75000000     2.88314065  -113.81033620     1.00000000  -113.49917840  -113.70508490  -113.51550640  -113.77840190
3.00000000     3.00000000     3.00000000  -113.78568344     1.00000000  -113.47837230  -113.68496300  -113.49341710  -113.75522040
3.00000000     3.25000000     3.13249102  -113.75558570     1.00000000  -113.45115250  -113.65789670  -113.46560690  -113.72614620
3.00000000     3.50000000     3.27871926  -113.72531299     1.00000000  -113.42343880  -113.62993260  -113.43758780  -113.69667270
3.00000000     3.75000000     3.43693177  -113.69733731     1.00000000  -113.39770130  -113.60393040  -113.41161470  -113.66938140
3.00000000     4.00000000     3.60555128  -113.67247889     1.00000000  -113.37465580  -113.58086180  -113.38833940  -113.64513880
3.00000000     4.25000000     3.78318649  -113.65079656     1.00000000  -113.35454250  -113.56082820  -113.36800780  -113.62402080


3.10000000     1.50000000     2.68514432  -112.86131080     1.00000000  -112.42824740  -112.62001940  -112.52451490  -112.79163470
3.10000000     1.75000000     2.69211813  -113.41975994     1.00000000  -113.03879150  -113.23830580  -113.09938510  -113.36669480
3.10000000     2.00000000     2.72213152  -113.67798171     1.00000000  -113.33286680  -113.53263990  -113.36836110  -113.63420830
3.10000000     2.25000000     2.77443688  -113.78156450     1.00000000  -113.45579740  -113.65829330  -113.47989790  -113.74418470
3.10000000     2.50000000     2.84780617  -113.80864497     1.00000000  -113.49341490  -113.69783490  -113.51196660  -113.77500710
3.10000000     2.75000000     2.94066319  -113.79913779     1.00000000  -113.48961680  -113.69546350  -113.50556290  -113.76772730
3.10000000     3.00000000     3.05122926  -113.77391582     1.00000000  -113.46782580  -113.67453570  -113.48257940  -113.74390100
3.10000000     3.25000000     3.17765637  -113.74352390     1.00000000  -113.43994250  -113.64699070  -113.45416470  -113.71447220
3.10000000     3.50000000     3.31813200  -113.71298524     1.00000000  -113.41166130  -113.61865910  -113.42560130  -113.68469770
3.10000000     3.75000000     3.47095088  -113.68461429     1.00000000  -113.38546560  -113.59223800  -113.39917350  -113.65700180
3.10000000     4.00000000     3.63455637  -113.65934099     1.00000000  -113.36206200  -113.56875680  -113.37553340  -113.63234300
3.10000000     4.25000000     3.80755827  -113.63727064     1.00000000  -113.34159900  -113.54834340  -113.35484330  -113.61083760
3.10000000     4.50000000     3.98873414  -113.61822652     1.00000000  -113.32408380  -113.53082640  -113.33712250  -113.59231310
3.10000000     4.75000000     4.17702047  -113.60189356     1.00000000  -113.30934170  -113.51589940  -113.32219410  -113.57645760
3.10000000     5.00000000     4.37149860  -113.58791575     1.00000000  -113.29707670  -113.50320600  -113.30976230  -113.56291530
3.10000000     5.25000000     4.57137835  -113.57601748     1.00000000  -113.28701330  -113.49245780  -113.29956020  -113.55140760
3.10000000     5.50000000     4.77598157  -113.56604185     1.00000000  -113.27895970  -113.48347480  -113.29140800  -113.54177140
3.10000000     5.75000000     4.98472667  -113.55790035     1.00000000  -113.27275780  -113.47614140  -113.28515500  -113.53390990
3.10000000     6.00000000     5.19711458  -113.55149075     1.00000000  -113.26819540  -113.47034410  -113.28058940  -113.52771720
3.10000000     6.25000000     5.41271651  -113.54658256     1.00000000  -113.26497680  -113.46591810  -113.27741460  -113.52298620
3.10000000     6.50000000     5.63116329  -113.54138018     1.00000000  -113.26277220  -113.46261960  -113.27545670  -113.51849090
3.10000000     6.75000000     5.85213636  -113.53948498     1.00000000  -113.26147820  -113.45916040  -113.27445610  -113.51608580
3.10000000     7.00000000     6.07536007  -113.53808772     1.00000000  -113.26079920  -113.45757620  -113.27386570  -113.51463510


3.20000000     1.50000000     2.77308492  -112.86037754     1.00000000  -112.42883170  -112.62162540  -112.52534170  -112.79177020
3.20000000     1.75000000     2.77533782  -113.41652831     1.00000000  -113.04046930  -113.23593280  -113.09645870  -113.36290390
3.20000000     2.00000000     2.80000000  -113.67067887     1.00000000  -113.32757460  -113.52730110  -113.36246970  -113.62755370
3.20000000     2.25000000     2.84648907  -113.77227940     1.00000000  -113.44835840  -113.65076330  -113.47198620  -113.73548300
3.20000000     2.50000000     2.91376046  -113.79795240     1.00000000  -113.48444380  -113.68868940  -113.50262620  -113.76483200
3.20000000     2.75000000     3.00041664  -113.78747604     1.00000000  -113.47945070  -113.68515340  -113.49511510  -113.75652120
3.20000000     3.00000000     3.10483494  -113.76173570     1.00000000  -113.45676560  -113.66351690  -113.47130550  -113.73211480
3.20000000     3.25000000     3.22529068  -113.73113229     1.00000000  -113.42832580  -113.63559820  -113.44238260  -113.70242090
3.20000000     3.50000000     3.36005952  -113.70046806     1.00000000  -113.39960070  -113.60703440  -113.41339560  -113.67248370
3.20000000     3.75000000     3.50749198  -113.67183974     1.00000000  -113.37298210  -113.58032300  -113.38654600  -113.64451750
3.20000000     4.00000000     3.66606056  -113.64620027     1.00000000  -113.34923460  -113.55648180  -113.36255690  -113.61949300
3.20000000     4.25000000     3.83438391  -113.62376690     1.00000000  -113.32845780  -113.53571550  -113.34154690  -113.59762640
3.20000000     4.50000000     4.01123422  -113.60440141     1.00000000  -113.31063890  -113.51788490  -113.32351980  -113.57878210
3.20000000     4.75000000     4.19553334  -113.58783915     1.00000000  -113.29566080  -113.50273180  -113.30835900  -113.56269820
3.20000000     5.00000000     4.38634244  -113.57376091     1.00000000  -113.28328290  -113.48993730  -113.29582170  -113.54905560
3.20000000     5.25000000     4.58284846  -113.56188104     1.00000000  -113.27322760  -113.47920370  -113.28563540  -113.53756540
3.20000000     5.50000000     4.78434949  -113.55199843     1.00000000  -113.26525430  -113.47030670  -113.27756960  -113.52802000
3.20000000     5.75000000     4.99024048  -113.54397290     1.00000000  -113.25914560  -113.46307780  -113.27141410  -113.52027050
3.20000000     6.00000000     5.20000000  -113.53766589     1.00000000  -113.25464900  -113.45736230  -113.26691630  -113.51417290
3.20000000     6.25000000     5.41317836  -113.53286990     1.00000000  -113.25145800  -113.45298190  -113.26376360  -113.50952940
3.20000000     6.50000000     5.62938718  -113.52760021     1.00000000  -113.24924960  -113.44971510  -113.26170930  -113.50498730
3.20000000     6.75000000     5.84829035  -113.52555338     1.00000000  -113.24784160  -113.44612620  -113.26071260  -113.50245560
3.20000000     7.00000000     6.06959636  -113.52416419     1.00000000  -113.24716380  -113.44449350  -113.26013130  -113.50099420
3.20000000     7.25000000     6.29305172  -113.52321862     1.00000000  -113.24673900  -113.44347030  -113.25976770  -113.50002990
3.20000000     7.50000000     6.51843540  -113.52255793     1.00000000  -113.24645510  -113.44276770  -113.25952750  -113.49936060
3.20000000     7.75000000     6.74555409  -113.52208003     1.00000000  -113.24625670  -113.44226280  -113.25936040  -113.49887760
3.20000000     8.00000000     6.97423831  -113.52172328     1.00000000  -113.24611310  -113.44188990  -113.25923840  -113.49851820
3.20000000     8.25000000     7.20433897  -113.52145037     1.00000000  -113.24600660  -113.44160810  -113.25914570  -113.49824410
3.20000000     8.50000000     7.43572458  -113.52123735     1.00000000  -113.24592590  -113.44139160  -113.25907310  -113.49803100
3.20000000     8.75000000     7.66827882  -113.52106853     1.00000000  -113.24586350  -113.44122380  -113.25901540  -113.49786320
3.20000000     9.00000000     7.90189851  -113.52093392     1.00000000  -113.24581400  -113.44109130  -113.25896920  -113.49772980
3.20000000     9.25000000     8.13649187  -113.52082635     1.00000000  -113.24577380  -113.44098530  -113.25893200  -113.49762320
3.20000000     9.50000000     8.37197707  -113.52074002     1.00000000  -113.24574000  -113.44089890  -113.25890210  -113.49753740
3.20000000     9.75000000     8.60828090  -113.52067067     1.00000000  -113.24571110  -113.44082750  -113.25887800  -113.49746800
3.20000000    10.00000000     8.84533775  -113.52061484     1.00000000  -113.24568590  -113.44076780  -113.25885840  -113.49741160


3.30000000     1.50000000     2.86181760  -112.86035517     1.00000000  -112.42940610  -112.62195280  -112.52049710  -112.79075990
3.30000000     1.75000000     2.85963284  -113.41155587     1.00000000  -113.03747550  -113.23267780  -113.09291590  -113.35850150
3.30000000     2.00000000     2.87923601  -113.66299777     1.00000000  -113.32156810  -113.52123570  -113.35604180  -113.62041810
3.30000000     2.25000000     2.92018835  -113.76270536     1.00000000  -113.44032480  -113.64266220  -113.46361490  -113.72640800
3.30000000     2.50000000     2.98161030  -113.78707851     1.00000000  -113.47504320  -113.67913290  -113.49295480  -113.75440530
3.30000000     2.75000000     3.06227040  -113.77569054     1.00000000  -113.46902810  -113.67454180  -113.48448380  -113.74513660
3.30000000     3.00000000     3.16069613  -113.74943642     1.00000000  -113.44553050  -113.65225000  -113.45991030  -113.72016990
3.30000000     3.25000000     3.27528625  -113.71867027     1.00000000  -113.41659380  -113.62402940  -113.43052650  -113.69026640
3.30000000     3.50000000     3.40440891  -113.68797911     1.00000000  -113.38755080  -113.59533560  -113.40123910  -113.66026620
3.30000000     3.75000000     3.54647713  -113.65925276     1.00000000  -113.36059120  -113.56847670  -113.37404800  -113.63218290
3.30000000     4.00000000     3.70000000  -113.63334143     1.00000000  -113.33651530  -113.54436580  -113.34972560  -113.60688570
3.30000000     4.25000000     3.86361230  -113.61057416     1.00000000  -113.31544380  -113.52327970  -113.32841710  -113.58468890
3.30000000     4.50000000     4.03608721  -113.59089499     1.00000000  -113.29734170  -113.50514460  -113.31010640  -113.56553340
3.30000000     4.75000000     4.21633727  -113.57408748     1.00000000  -113.28212350  -113.48974940  -113.29470980  -113.54920530
3.30000000     5.00000000     4.40340777  -113.55987369     1.00000000  -113.26960320  -113.47681800  -113.28203760  -113.53542710
3.30000000     5.25000000     4.59646603  -113.54797508     1.00000000  -113.25952050  -113.46606300  -113.27183150  -113.52391770
3.30000000     5.50000000     4.79478884  -113.53816131     1.00000000  -113.25160210  -113.45723090  -113.26382550  -113.51443990
3.30000000     5.75000000     4.99774949  -113.53024163     1.00000000  -113.24557480  -113.45010300  -113.25775380  -113.50679440
3.30000000     6.00000000     5.20480547  -113.52403111     1.00000000  -113.24114120  -113.44447330  -113.25332020  -113.50078930
3.30000000     6.25000000     5.41548705  -113.51930730     1.00000000  -113.23797880  -113.44013750  -113.25019430  -113.49620770
3.30000000     6.50000000     5.62938718  -113.51572821     1.00000000  -113.23577140  -113.43688340  -113.24805380  -113.49275270
3.30000000     6.75000000     5.84615258  -113.51110467     1.00000000  -113.23424400  -113.43448640  -113.24703340  -113.48898130
3.30000000     7.00000000     6.06547607  -113.51043205     1.00000000  -113.23355700  -113.43148360  -113.24646070  -113.48750740
3.30000000     7.25000000     6.28708995  -113.50948645     1.00000000  -113.23313600  -113.43045390  -113.24610310  -113.48654110
3.30000000     7.50000000     6.51076032  -113.50882638     1.00000000  -113.23285530  -113.42974760  -113.24586690  -113.48587100
3.30000000     7.75000000     6.73628236  -113.50834674     1.00000000  -113.23265920  -113.42924160  -113.24570230  -113.48538650


3.40000000     1.50000000     2.95127091  -112.85818320     1.00000000  -112.43316240  -112.62111330  -112.52493950  -112.78927320
3.40000000     1.75000000     2.94491086  -113.40633205     1.00000000  -113.03398360  -113.22886050  -113.08904180  -113.35375700
3.40000000     2.00000000     2.95972972  -113.65522680     1.00000000  -113.31521220  -113.51481290  -113.34939380  -113.61311240
3.40000000     2.25000000     2.99541316  -113.75311690     1.00000000  -113.43203010  -113.63433080  -113.45508220  -113.71725340
3.40000000     2.50000000     3.05122926  -113.77626658     1.00000000  -113.46548370  -113.66946400  -113.48319570  -113.74398660
3.40000000     2.75000000     3.12609981  -113.76402858     1.00000000  -113.45858700  -113.66391570  -113.47388390  -113.73383190
3.40000000     3.00000000     3.21869539  -113.73724096     1.00000000  -113.43436650  -113.64099120  -113.44862100  -113.70829860
3.40000000     3.25000000     3.32753663  -113.70632199     1.00000000  -113.40495510  -113.61250530  -113.41878590  -113.67820340
3.40000000     3.50000000     3.45108679  -113.67566450     1.00000000  -113.37568800  -113.58375260  -113.38928750  -113.64820410
3.40000000     3.75000000     3.58782664  -113.64697269     1.00000000  -113.34850770  -113.55686760  -113.36187490  -113.62013230
3.40000000     4.00000000     3.73630834  -113.62093385     1.00000000  -113.32415390  -113.53261680  -113.33726860  -113.59470140
3.40000000     4.25000000     3.89518934  -113.59789710     1.00000000  -113.30280380  -113.51127490  -113.31567940  -113.57223900
3.40000000     4.50000000     4.06324993  -113.57791926     1.00000000  -113.28443300  -113.49285290  -113.29710230  -113.55278870
3.40000000     4.75000000     4.23939854  -113.56085496     1.00000000  -113.26897400  -113.47720420  -113.28147080  -113.53620520
3.40000000     5.00000000     4.42266888  -113.54647137     1.00000000  -113.25628710  -113.46410270  -113.26864040  -113.52225770
3.40000000     5.25000000     4.61221205  -113.53451441     1.00000000  -113.24614260  -113.45328720  -113.25838000  -113.51068970
3.40000000     5.50000000     4.80728614  -113.52473983     1.00000000  -113.23825260  -113.44449570  -113.25040610  -113.50125160
3.40000000     5.75000000     5.00724475  -113.51691706     1.00000000  -113.23229650  -113.43747020  -113.24440480  -113.49370440
3.40000000     6.00000000     5.21152569  -113.51080362     1.00000000  -113.22792700  -113.43194660  -113.24003310  -113.48779890
3.40000000     6.25000000     5.41964021  -113.50614827     1.00000000  -113.22479700  -113.42766950  -113.23693850  -113.48328190
3.40000000     6.50000000     5.63116329  -113.50268876     1.00000000  -113.22259380  -113.42442120  -113.23479450  -113.47990510
3.40000000     6.75000000     5.84572493  -113.49770735     1.00000000  -113.22105790  -113.42200520  -113.23365490  -113.47587760
3.40000000     7.00000000     6.06300256  -113.49710775     1.00000000  -113.22012280  -113.41873380  -113.23309090  -113.47439400
3.40000000     7.25000000     6.28271438  -113.49616760     1.00000000  -113.21985430  -113.41775090  -113.23273960  -113.47342730
3.40000000     7.50000000     6.50461375  -113.49547356     1.00000000  -113.21966810  -113.41713920  -113.23250760  -113.47275580
3.40000000     7.75000000     6.72848423  -113.49497156     1.00000000  -113.21952200  -113.41669240  -113.23234580  -113.47227100
3.40000000     8.00000000     6.95413546  -113.49459712     1.00000000  -113.21940180  -113.41634910  -113.23222710  -113.47190770
3.40000000     8.25000000     7.18139959  -113.49431567     1.00000000  -113.21930060  -113.41607640  -113.23213650  -113.47163080
3.40000000     8.50000000     7.41012820  -113.49409842     1.00000000  -113.21921450  -113.41585680  -113.23206530  -113.47141480
3.40000000     8.75000000     7.64018979  -113.49392905     1.00000000  -113.21914030  -113.41567710  -113.23200830  -113.47124420
3.40000000     9.00000000     7.87146746  -113.49379517     1.00000000  -113.21907570  -113.41552980  -113.23196230  -113.47110820
3.40000000     9.25000000     8.10385711  -113.49368925     1.00000000  -113.21901910  -113.41540710  -113.23192520  -113.47099910
3.40000000     9.50000000     8.33726574  -113.49360501     1.00000000  -113.21896930  -113.41530430  -113.23189520  -113.47091110
3.40000000     9.75000000     8.57161012  -113.49353777     1.00000000  -113.21892530  -113.41521740  -113.23187090  -113.47083970
3.40000000    10.00000000     8.80681554  -113.49348422     1.00000000  -113.21888650  -113.41514340  -113.23185100  -113.47078160


3.50000000     1.50000000     3.04138127  -112.85472824     1.00000000  -112.43083890  -112.62025490  -112.52407900  -112.78716510
3.50000000     1.75000000     3.03108891  -113.40098265     1.00000000  -113.03021700  -113.22469390  -113.08501200  -113.34882140
3.50000000     2.00000000     3.04138127  -113.64754550     1.00000000  -113.30875390  -113.50827920  -113.34273480  -113.60583520
3.50000000     2.25000000     3.07205143  -113.74370891     1.00000000  -113.42372270  -113.62601110  -113.44660830  -113.70822720
3.50000000     2.50000000     3.12249900  -113.76568341     1.00000000  -113.45596890  -113.65989320  -113.47353170  -113.73375570
3.50000000     2.75000000     3.19178633  -113.75265330     1.00000000  -113.44828640  -113.65347160  -113.46345650  -113.72277980
3.50000000     3.00000000     3.27871926  -113.72531289     1.00000000  -113.42343880  -113.62993250  -113.43758780  -113.69667260
3.50000000     3.25000000     3.38193731  -113.69420958     1.00000000  -113.39356120  -113.60118070  -113.40729940  -113.66636400
3.50000000     3.50000000     3.50000000  -113.66362027     1.00000000  -113.36411580  -113.57241310  -113.37763070  -113.63640290
3.50000000     3.75000000     3.63145976  -113.63505119     1.00000000  -113.33683580  -113.54558680  -113.35011720  -113.60842960
3.50000000     4.00000000     3.77491722  -113.60903725     1.00000000  -113.31230290  -113.52133040  -113.32532490  -113.58301080
3.50000000     4.25000000     3.92905841  -113.58584985     1.00000000  -113.29071520  -113.49984250  -113.30349510  -113.56039830
3.50000000     4.50000000     4.09267639  -113.56562014     1.00000000  -113.27209240  -113.48118200  -113.28467010  -113.54070090
3.50000000     4.75000000     4.26468053  -113.54829629     1.00000000  -113.25639430  -113.46528200  -113.26880780  -113.52386140
3.50000000     5.00000000     4.44409721  -113.53371276     1.00000000  -113.24352100  -113.45198240  -113.25580110  -113.50971550
3.50000000     5.25000000     4.63006479  -113.52165423     1.00000000  -113.23328070  -113.44106360  -113.24545340  -113.49804600
3.50000000     5.50000000     4.82182538  -113.51188479     1.00000000  -113.22539040  -113.43228140  -113.23748180  -113.48861440
3.50000000     5.75000000     5.01871497  -113.50414959     1.00000000  -113.21949650  -113.42536900  -113.23153660  -113.48116250
3.50000000     6.00000000     5.22015325  -113.49814310     1.00000000  -113.21520100  -113.42001530  -113.22722700  -113.47538410
3.50000000     6.25000000     5.42563360  -113.49354926     1.00000000  -113.21211650  -113.41587940  -113.22416960  -113.47095520
3.50000000     6.50000000     5.63471383  -113.49011302     1.00000000  -113.20992210  -113.41267040  -113.22203440  -113.46760710
3.50000000     6.75000000     5.84700778  -113.48673727     1.00000000  -113.20978710  -113.41239780  -113.22055860  -113.46513360
3.50000000     7.00000000     6.06217783  -113.48194795     1.00000000  -113.20917650  -113.41115960  -113.22005370  -113.46159460
3.50000000     7.25000000     6.27992834  -113.48113631     1.00000000  -113.20878240  -113.41029260  -113.21986410  -113.46079090
3.50000000     7.50000000     6.50000000  -113.48061166     1.00000000  -113.20852250  -113.40967540  -113.21972790  -113.46025060
3.50000000     7.75000000     6.72216483  -113.48023268     1.00000000  -113.20834590  -113.40922690  -113.21961800  -113.45985640
3.50000000     8.00000000     6.94622199  -113.47994669     1.00000000  -113.20822300  -113.40889340  -113.21952400  -113.45955780
3.50000000     8.25000000     7.17199414  -113.47972945     1.00000000  -113.20813240  -113.40864010  -113.21944180  -113.45932920
