1.80000000     1.50000000     1.90868835  -112.45284909     1.00000000  -111.87413520  -112.05313080  -112.06871180  -112.33939970
1.80000000     1.75000000     2.03660823  -113.06540642     1.00000000  -112.57187910  -112.75743010  -112.70210400  -112.97569640
1.80000000     2.00000000     2.18573900  -113.35313683     1.00000000  -112.91469980  -113.10546060  -113.00577380  -113.27972450
1.80000000     2.25000000     2.35204950  -113.47379229     1.00000000  -113.06834070  -113.26275360  -113.13738210  -113.41062840
1.80000000     2.50000000     2.53215693  -113.51043728     1.00000000  -113.12374930  -113.32095890  -113.18381720  -113.45410170
1.80000000     2.75000000     2.72332528  -113.50888597     1.00000000  -113.13194770  -113.33152800  -113.18861770  -113.45666860
1.80000000     3.00000000     2.92338544  -113.49242907     1.00000000  -113.12024260  -113.32213120  -113.17660940  -113.44289560
1.80000000     3.25000000     3.13063321  -113.47426761     1.00000000  -113.10923400  -113.30604170  -113.15919100  -113.42433110
1.80000000     3.50000000     3.34373237  -113.45443515     1.00000000  -113.09136400  -113.28859170  -113.14098650  -113.40536460
1.80000000     3.75000000     3.56163278  -113.43553829     1.00000000  -113.07420160  -113.27156590  -113.12364520  -113.38716100
1.80000000     4.00000000     3.78350498  -113.41763733     1.00000000  -113.05885500  -113.25540420  -113.10807350  -113.36989120
1.80000000     4.25000000     4.00868954  -113.40085537     1.00000000  -113.04669400  -113.24051510  -113.09553640  -113.35376970
1.80000000     4.50000000     4.23665832  -113.38638045     1.00000000  -113.03944280  -113.22826870  -113.08769070  -113.34004230
1.80000000     4.75000000     4.46698506  -113.37649297     1.00000000  -113.03775270  -113.22073740  -113.08524320  -113.33091970
1.80000000     5.00000000     4.69932308  -113.37187447     1.00000000  -113.03986830  -113.21810060  -113.08667410  -113.32693460
1.80000000     5.25000000     4.93338822  -113.37077536     1.00000000  -113.04321020  -113.21836120  -113.08959760  -113.32627860
1.80000000     5.50000000     5.16894585  -113.37121472     1.00000000  -113.04627990  -113.21957700  -113.09246610  -113.32697740
1.80000000     5.75000000     5.40580087  -113.37199076     1.00000000  -113.04866130  -113.22078740  -113.09475600  -113.32790220
1.80000000     6.00000000     5.64378994  -113.37267613     1.00000000  -113.05038410  -113.22171050  -113.09644030  -113.32867100
1.80000000     6.25000000     5.88277543  -113.37317721     1.00000000  -113.05158680  -113.22233240  -113.09763270  -113.32921610
1.80000000     6.50000000     6.12264066  -113.37350857     1.00000000  -113.05240850  -113.22271450  -113.09846000  -113.32956770
1.80000000     6.75000000     6.36328614  -113.37371051     1.00000000  -113.05296080  -113.22292630  -113.09902770  -113.32977610
1.80000000     7.00000000     6.60462659  -113.37382190     1.00000000  -113.05332690  -113.22302570  -113.09941450  -113.32988660
1.80000000     7.25000000     6.84658851  -113.37387106     1.00000000  -113.05356680  -113.22305600  -113.09967590  -113.32993240
1.80000000     7.50000000     7.08910827  -113.37387910     1.00000000  -113.05372280  -113.22304740  -113.09985040  -113.32993740
1.80000000     7.75000000     7.33213052  -113.37385913     1.00000000  -113.05382390  -113.22301950  -113.09996440  -113.32991670
1.80000000     8.00000000     7.57560690  -113.37382341     1.00000000  -113.05388920  -113.22298400  -113.10003670  -113.32988230
1.80000000     8.25000000     7.81949498  -113.37377941     1.00000000  -113.05393100  -113.22294680  -113.10008090  -113.32984130
1.80000000     8.50000000     8.06375741  -113.37373300     1.00000000  -113.05395650  -113.22291030  -113.10010670  -113.32979870
1.80000000     8.75000000     8.30836118  -113.37368891     1.00000000  -113.05397050  -113.22287500  -113.10012100  -113.32975800
1.80000000     9.00000000     8.55327700  -113.37364944     1.00000000  -113.05397590  -113.22284080  -113.10012850  -113.32972090
1.80000000     9.25000000     8.79847880  -113.37361631     1.00000000  -113.05397500  -113.22280750  -113.10013210  -113.32968850
1.80000000     9.50000000     9.04394334  -113.37358965     1.00000000  -113.05396960  -113.22277510  -113.10013370  -113.32966090
1.80000000     9.75000000     9.28964978  -113.37356872     1.00000000  -113.05396120  -113.22274400  -113.10013430  -113.32963770
1.80000000    10.00000000     9.53557942  -113.37355295     1.00000000  -113.05395120  -113.22271440  -113.10013460  -113.32961850


1.90000000     1.50000000     1.97749467  -112.58688399     1.00000000  -112.03904490  -112.21994730  -112.21120630  -112.48206180
1.90000000     1.75000000     2.09715666  -113.18914576     1.00000000  -112.71991980  -112.90748370  -112.83285520  -113.10650920
1.90000000     2.00000000     2.23844743  -113.47022913     1.00000000  -113.05112640  -113.24465300  -113.12914810  -113.40305740
1.90000000     2.25000000     2.39754620  -113.58694542     1.00000000  -113.19796620  -113.39522440  -113.25648800  -113.52939280
1.90000000     2.50000000     2.57114928  -113.62195777     1.00000000  -113.24936410  -113.44932550  -113.29795570  -113.57001550
1.90000000     2.75000000     2.75651764  -113.61918983     1.00000000  -113.25490780  -113.45712500  -113.29872380  -113.57047990
1.90000000     3.00000000     2.95143531  -113.60174498     1.00000000  -113.24121450  -113.44562430  -113.28287760  -113.55494770
1.90000000     3.25000000     3.15413241  -113.57817906     1.00000000  -113.22150500  -113.42803800  -113.27075600  -113.53503950
1.90000000     3.50000000     3.36320265  -113.55958528     1.00000000  -113.21055980  -113.40935780  -113.25137610  -113.51491460
1.90000000     3.75000000     3.57752889  -113.53983914     1.00000000  -113.19226830  -113.39146690  -113.23294950  -113.49585740
1.90000000     4.00000000     3.79622099  -113.52130437     1.00000000  -113.17548360  -113.37458870  -113.21599950  -113.47792740
1.90000000     4.25000000     4.01856625  -113.50387867     1.00000000  -113.16093550  -113.35880110  -113.20117210  -113.46107700
1.90000000     4.50000000     4.24399052  -113.48762483     1.00000000  -113.15007660  -113.34446250  -113.18980070  -113.44546080
1.90000000     4.75000000     4.47202822  -113.47370823     1.00000000  -113.14499920  -113.33300810  -113.18392070  -113.43233650
1.90000000     5.00000000     4.70229915  -113.46539236     1.00000000  -113.14573950  -113.32710110  -113.18392390  -113.42480230
1.90000000     5.25000000     4.93449067  -113.46302748     1.00000000  -113.14886390  -113.32616770  -113.18667110  -113.42291150
1.90000000     5.50000000     5.16834393  -113.46321150     1.00000000  -113.15196570  -113.32708190  -113.18960070  -113.42334050
1.90000000     5.75000000     5.40364320  -113.46395049     1.00000000  -113.15441690  -113.32823440  -113.19197120  -113.42422100
1.90000000     6.00000000     5.64020751  -113.46464397     1.00000000  -113.15620610  -113.32916600  -113.19372600  -113.42499800
1.90000000     6.25000000     5.87788411  -113.46516056     1.00000000  -113.15746390  -113.32981340  -113.19497510  -113.42556220
1.90000000     6.50000000     6.11654334  -113.46550592     1.00000000  -113.15832830  -113.33022130  -113.19584630  -113.42593220
1.90000000     6.75000000     6.35607452  -113.46571792     1.00000000  -113.15891260  -113.33045470  -113.19644680  -113.42615500
1.90000000     7.00000000     6.59638266  -113.46583526     1.00000000  -113.15930220  -113.33057030  -113.19685750  -113.42627530
1.90000000     7.25000000     6.83738583  -113.46588814     1.00000000  -113.15955900  -113.33061200  -113.19713600  -113.42632770
1.90000000     7.50000000     7.07901306  -113.46589714     1.00000000  -113.15972730  -113.33061110  -113.19732250  -113.42633610
1.90000000     7.75000000     7.32120255  -113.46587804     1.00000000  -113.15983740  -113.33058820  -113.19744500  -113.42631770
1.90000000     8.00000000     7.56390029  -113.46584188     1.00000000  -113.15990950  -113.33055590  -113.19752360  -113.42628410
1.90000000     8.25000000     7.80705889  -113.46579733     1.00000000  -113.15995660  -113.33052080  -113.19757250  -113.42624340
1.90000000     8.50000000     8.05063658  -113.46575059     1.00000000  -113.15998650  -113.33048580  -113.19760200  -113.42620100
1.90000000     8.75000000     8.29459645  -113.46570611     1.00000000  -113.16000420  -113.33045190  -113.19761920  -113.42616040
1.90000000     9.00000000     8.53890573  -113.46566657     1.00000000  -113.16001280  -113.33041890  -113.19762890  -113.42612350
1.90000000     9.25000000     8.78353528  -113.46563297     1.00000000  -113.16001470  -113.33038690  -113.19763430  -113.42609110
1.90000000     9.50000000     9.02845905  -113.46560541     1.00000000  -113.16001180  -113.33035600  -113.19763730  -113.42606330
1.90000000     9.75000000     9.27365374  -113.46558368     1.00000000  -113.16000590  -113.33032640  -113.19763890  -113.42603990
1.90000000    10.00000000     9.51909841  -113.46556688     1.00000000  -113.15999810  -113.33029840  -113.19763990  -113.42602040


2.00000000     1.50000000     2.04887265  -112.68469994     1.00000000  -112.16208610  -112.34480010  -112.31428110  -112.58663280
2.00000000     1.75000000     2.16063856  -113.27849390     1.00000000  -112.82951980  -113.01885370  -112.92863160  -113.20191490
2.00000000     2.00000000     2.29430575  -113.55469669     1.00000000  -113.15190510  -113.34724510  -113.21936660  -113.49265670
2.00000000     2.25000000     2.44628672  -113.66839542     1.00000000  -113.29393120  -113.49216920  -113.34369410  -113.61525800
2.00000000     2.50000000     2.61338833  -113.70122182     1.00000000  -113.34327540  -113.54266320  -113.38410860  -113.65330860
2.00000000     2.75000000     2.79289785  -113.69671524     1.00000000  -113.34849450  -113.54797840  -113.38509740  -113.65183200
2.00000000     3.00000000     2.98257578  -113.67777296     1.00000000  -113.33519590  -113.53460650  -113.36995640  -113.63470440
2.00000000     3.25000000     3.18060342  -113.65524595     1.00000000  -113.31582420  -113.51544180  -113.34990160  -113.61334680
2.00000000     3.50000000     3.38551591  -113.63328063     1.00000000  -113.29570160  -113.49578280  -113.32955950  -113.59222520
2.00000000     3.75000000     3.59613652  -113.61285405     1.00000000  -113.27663080  -113.47720430  -113.31037590  -113.57248310
2.00000000     4.00000000     3.81151908  -113.59388032     1.00000000  -113.25906330  -113.45986640  -113.29267510  -113.55410700
2.00000000     4.25000000     4.03090034  -113.57618424     1.00000000  -113.24329390  -113.44369650  -113.27670850  -113.53695390
2.00000000     4.50000000     4.25366165  -113.55967978     1.00000000  -113.23006140  -113.42876140  -113.26313310  -113.52098190
2.00000000     4.75000000     4.47929875  -113.54409294     1.00000000  -113.22114000  -113.41515330  -113.25355740  -113.50602660
2.00000000     5.00000000     4.70739813  -113.53068233     1.00000000  -113.21906100  -113.40460040  -113.25066350  -113.49354800
2.00000000     5.25000000     4.93761855  -113.52553342     1.00000000  -113.22147350  -113.40117640  -113.25268670  -113.48897740
2.00000000     5.50000000     5.16967667  -113.52501941     1.00000000  -113.22446960  -113.40138080  -113.25552050  -113.48870380
2.00000000     5.75000000     5.40333570  -113.52557865     1.00000000  -113.22694110  -113.40234240  -113.25791860  -113.48940050
2.00000000     6.00000000     5.63839663  -113.52623101     1.00000000  -113.22877570  -113.40323210  -113.25972370  -113.49013620
2.00000000     6.25000000     5.87469118  -113.52674624     1.00000000  -113.23007820  -113.40388230  -113.26102140  -113.49070080
2.00000000     6.50000000     6.11207627  -113.52709968     1.00000000  -113.23098020  -113.40430610  -113.26193310  -113.49108200
2.00000000     6.75000000     6.35042960  -113.52732067     1.00000000  -113.23159390  -113.40455620  -113.26256540  -113.49131690
2.00000000     7.00000000     6.58964612  -113.52744493     1.00000000  -113.23200590  -113.40468590  -113.26299980  -113.49144690
2.00000000     7.25000000     6.82963512  -113.52750187     1.00000000  -113.23227940  -113.40473840  -113.26329560  -113.49150590
2.00000000     7.50000000     7.07031793  -113.52751343     1.00000000  -113.23246010  -113.40474520  -113.26349440  -113.49151870
2.00000000     7.75000000     7.31162605  -113.52749530     1.00000000  -113.23257950  -113.40472770  -113.26362580  -113.49150280
2.00000000     8.00000000     7.55349955  -113.52745934     1.00000000  -113.23265870  -113.40469900  -113.26371080  -113.49147050
2.00000000     8.25000000     7.79588579  -113.52741484     1.00000000  -113.23271120  -113.40466630  -113.26376460  -113.49143060
2.00000000     8.50000000     8.03873840  -113.52736805     1.00000000  -113.23274540  -113.40463290  -113.26379770  -113.49138860
2.00000000     8.75000000     8.28201636  -113.52732348     1.00000000  -113.23276640  -113.40460020  -113.26381790  -113.49134830
2.00000000     9.00000000     8.52568325  -113.52728365     1.00000000  -113.23277790  -113.40456830  -113.26382990  -113.49131150
2.00000000     9.25000000     8.76970665  -113.52724956     1.00000000  -113.23278230  -113.40453750  -113.26383710  -113.49127910
2.00000000     9.50000000     9.01405761  -113.52722152     1.00000000  -113.23278180  -113.40450770  -113.26384140  -113.49125120
2.00000000     9.75000000     9.25871019  -113.52719914     1.00000000  -113.23277790  -113.40447940  -113.26384400  -113.49122770
2.00000000    10.00000000     9.50364111  -113.52718127     1.00000000  -113.23277200  -113.40445270  -113.26384560  -113.49120780


2.10000000     1.50000000     2.12256286  -112.75399673     1.00000000  -112.25243650  -112.43682950  -112.38986940  -112.66209030
2.10000000     1.75000000     2.22680308  -113.34183103     1.00000000  -112.90916780  -113.10008860  -112.99734120  -113.27023110
2.10000000     2.00000000     2.35308963  -113.61379004     1.00000000  -113.22306790  -113.42080630  -113.28193140  -113.55579920
2.10000000     2.25000000     2.49808119  -113.72489534     1.00000000  -113.36151550  -113.56114600  -113.40431860  -113.67532100
2.10000000     2.50000000     2.65871933  -113.75578984     1.00000000  -113.40776110  -113.60855360  -113.44246950  -113.71113030
2.10000000     2.75000000     2.83234308  -113.74977633     1.00000000  -113.41095130  -113.61175870  -113.44185360  -113.70797950
2.10000000     3.00000000     3.01671116  -113.72956636     1.00000000  -113.39620330  -113.59681590  -113.42546120  -113.68949440
2.10000000     3.25000000     3.20997275  -113.70595712     1.00000000  -113.37570610  -113.57643260  -113.40436220  -113.66700970
2.10000000     3.50000000     3.41061635  -113.68313165     1.00000000  -113.35473400  -113.55587180  -113.38319550  -113.64501050
2.10000000     3.75000000     3.61741382  -113.66212339     1.00000000  -113.33507150  -113.53670950  -113.36342290  -113.62468130
2.10000000     4.00000000     3.82936830  -113.64282260     1.00000000  -113.31705560  -113.51904260  -113.34527700  -113.60597360
2.10000000     4.25000000     4.04566934  -113.62497642     1.00000000  -113.30074320  -113.50269180  -113.32879870  -113.58866040
2.10000000     4.50000000     4.26565579  -113.60847625     1.00000000  -113.28642450  -113.48762740  -113.31424700  -113.57265800
2.10000000     4.75000000     4.48878582  -113.59316742     1.00000000  -113.27493020  -113.47384550  -113.30235720  -113.55785240
2.10000000     5.00000000     4.71461313  -113.57751281     1.00000000  -113.26857530  -113.46045290  -113.29527750  -113.54291840
2.10000000     5.25000000     4.94276803  -113.56636873     1.00000000  -113.26916760  -113.45197220  -113.29538440  -113.53268100
2.10000000     5.50000000     5.17294256  -113.56427422     1.00000000  -113.27183880  -113.45064090  -113.29789580  -113.53084220
2.10000000     5.75000000     5.40487868  -113.56445354     1.00000000  -113.27427160  -113.45119020  -113.30026300  -113.53114730
2.10000000     6.00000000     5.63835902  -113.56500223     1.00000000  -113.27612990  -113.45196810  -113.30209930  -113.53177690
2.10000000     6.25000000     5.87319940  -113.56549630     1.00000000  -113.27746760  -113.45259550  -113.30343830  -113.53232030
2.10000000     6.50000000     6.10924300  -113.56585240     1.00000000  -113.27840260  -113.45302400  -113.30438770  -113.53270540
2.10000000     6.75000000     6.34635556  -113.56608154     1.00000000  -113.27904360  -113.45328550  -113.30505060  -113.53295000
2.10000000     7.00000000     6.58442160  -113.56621324     1.00000000  -113.27947690  -113.45342730  -113.30550850  -113.53308940
2.10000000     7.25000000     6.82334131  -113.56627563     1.00000000  -113.27976680  -113.45348980  -113.30582170  -113.53315560
2.10000000     7.50000000     7.06302807  -113.56629042     1.00000000  -113.27995990  -113.45350440  -113.30603320  -113.53317330
2.10000000     7.75000000     7.30340635  -113.56627416     1.00000000  -113.28008870  -113.45349240  -113.30617370  -113.53316050
2.10000000     8.00000000     7.54441006  -113.56623936     1.00000000  -113.28017510  -113.45346750  -113.30626540  -113.53313020
2.10000000     8.25000000     7.78598112  -113.56619529     1.00000000  -113.28023300  -113.45343740  -113.30632410  -113.53309140
2.10000000     8.50000000     8.02806832  -113.56614888     1.00000000  -113.28027140  -113.45340580  -113.30636100  -113.53305020
2.10000000     8.75000000     8.27062632  -113.56610424     1.00000000  -113.28029570  -113.45337430  -113.30638410  -113.53301020
2.10000000     9.00000000     8.51361490  -113.56606443     1.00000000  -113.28030980  -113.45334340  -113.30639840  -113.53297370
2.10000000     9.25000000     8.75699820  -113.56603020     1.00000000  -113.28031640  -113.45331340  -113.30640730  -113.53294140
2.10000000     9.50000000     9.00074421  -113.56600175     1.00000000  -113.28031770  -113.45328450  -113.30641300  -113.53291350
2.10000000     9.75000000     9.24482423  -113.56597867     1.00000000  -113.28031550  -113.45325720  -113.30641660  -113.53288980
2.10000000    10.00000000     9.48921251  -113.56596014     1.00000000  -113.28031120  -113.45323150  -113.30641890  -113.53286970


2.20000000     1.50000000     2.19833279  -112.80210830     1.00000000  -112.31745480  -112.50337310  -112.44339790  -112.71530090
2.20000000     1.75000000     2.29541824  -113.38528702     1.00000000  -112.96562510  -113.15797130  -113.04524890  -113.31775060
2.20000000     2.00000000     2.41458542  -113.65384640     1.00000000  -113.27321730  -113.47254640  -113.32568320  -113.59923100
2.20000000     2.25000000     2.55274374  -113.76260894     1.00000000  -113.40812700  -113.60889120  -113.44558970  -113.71594180
2.20000000     2.50000000     2.70698696  -113.79179402     1.00000000  -113.45163830  -113.65363670  -113.48167560  -113.74978140
2.20000000     2.75000000     2.87472716  -113.78443532     1.00000000  -113.45301900  -113.65499220  -113.47959130  -113.74514240
2.20000000     3.00000000     3.05374100  -113.76311969     1.00000000  -113.43701730  -113.63867630  -113.46210190  -113.72546930
2.20000000     3.25000000     3.24216162  -113.73857537     1.00000000  -113.41556200  -113.61723180  -113.44010210  -113.70200530
2.20000000     3.50000000     3.43844293  -113.71498911     1.00000000  -113.39385730  -113.59586930  -113.41821210  -113.67922620
2.20000000     3.75000000     3.64131400  -113.69345889     1.00000000  -113.37370190  -113.57618360  -113.39793700  -113.65836840
2.20000000     4.00000000     3.84973317  -113.67388490     1.00000000  -113.35539050  -113.55825140  -113.37948300  -113.63938450
2.20000000     4.25000000     4.06284670  -113.65595740     1.00000000  -113.33885100  -113.54181500  -113.36277720  -113.62198500
2.20000000     4.50000000     4.27995341  -113.63951147     1.00000000  -113.32414520  -113.52676050  -113.34787610  -113.60602370
2.20000000     4.75000000     4.50047542  -113.62449922     1.00000000  -113.31161040  -113.51311900  -113.33508350  -113.59147690
2.20000000     5.00000000     4.72393447  -113.61049182     1.00000000  -113.30211000  -113.50058750  -113.32518230  -113.57794940
2.20000000     5.25000000     4.94993280  -113.59352211     1.00000000  -113.29854520  -113.48666820  -113.32103670  -113.56200850
2.20000000     5.50000000     5.17813794  -113.58708067     1.00000000  -113.30034060  -113.48144380  -113.32266260  -113.55598600
2.20000000     5.75000000     5.40827055  -113.58643066     1.00000000  -113.30263370  -113.48110280  -113.32490190  -113.55544050
2.20000000     6.00000000     5.64009470  -113.58677548     1.00000000  -113.30448630  -113.48163970  -113.32674220  -113.55585360
2.20000000     6.25000000     5.87341009  -113.58721650     1.00000000  -113.30584800  -113.48220290  -113.32811290  -113.55634070
2.20000000     6.50000000     6.10804583  -113.58756415     1.00000000  -113.30681090  -113.48261990  -113.32909610  -113.55671690
2.20000000     6.75000000     6.34385543  -113.58779822     1.00000000  -113.30747670  -113.48288710  -113.32978800  -113.55696720
2.20000000     7.00000000     6.58071270  -113.58793683     1.00000000  -113.30793010  -113.48303820  -113.33026880  -113.55711470
2.20000000     7.25000000     6.81850845  -113.58800534     1.00000000  -113.30823590  -113.48310920  -113.33059920  -113.55718800
2.20000000     7.50000000     7.05714781  -113.58802429     1.00000000  -113.30844120  -113.48313110  -113.33082330  -113.55721100
2.20000000     7.75000000     7.29654803  -113.58801070     1.00000000  -113.30857940  -113.48312480  -113.33097310  -113.55720190
2.20000000     8.00000000     7.53663658  -113.58797755     1.00000000  -113.30867290  -113.48310390  -113.33107150  -113.55717400
2.20000000     8.25000000     7.77734973  -113.58793446     1.00000000  -113.30873620  -113.48307650  -113.33113520  -113.55713670
2.20000000     8.50000000     8.01863122  -113.58788870     1.00000000  -113.30877870  -113.48304670  -113.33117600  -113.55709650


2.30000000     1.50000000     2.27597474  -112.83388028     1.00000000  -112.36304680  -112.55033420  -112.48129470  -112.75166850
2.30000000     1.75000000     2.36627087  -113.41433625     1.00000000  -113.00428380  -113.19791110  -113.07665510  -113.34968870
2.30000000     2.00000000     2.47859127  -113.67906425     1.00000000  -113.30699450  -113.50757090  -113.35665810  -113.62778630
2.30000000     2.25000000     2.61009416  -113.78616004     1.00000000  -113.43882130  -113.64044170  -113.47224280  -113.74184680
2.30000000     2.50000000     2.75803705  -113.81382849     1.00000000  -113.47990610  -113.68289770  -113.50643250  -113.77395520
2.30000000     2.75000000     2.91992212  -113.80525900     1.00000000  -113.47963500  -113.68262360  -113.50296900  -113.76798430
2.30000000     3.00000000     3.09356138  -113.78295892     1.00000000  -113.46252300  -113.66509190  -113.48449410  -113.74725370
2.30000000     3.25000000     3.27708695  -113.75760253     1.00000000  -113.44024730  -113.64271980  -113.46171440  -113.72293550
2.30000000     3.50000000     3.46893005  -113.73334271     1.00000000  -113.41790420  -113.62064390  -113.43918580  -113.69946330
2.30000000     3.75000000     3.66778578  -113.71133017     1.00000000  -113.39731130  -113.60047610  -113.41845770  -113.67811680
2.30000000     4.00000000     3.87257400  -113.69150422     1.00000000  -113.37876620  -113.58229990  -113.39975190  -113.65887760
2.30000000     4.25000000     4.08240201  -113.67352154     1.00000000  -113.36213040  -113.56581450  -113.38293740  -113.64142030
2.30000000     4.50000000     4.29653151  -113.65716152     1.00000000  -113.34734170  -113.55083310  -113.36795810  -113.62553840
2.30000000     4.75000000     4.51435044  -113.64236729     1.00000000  -113.33452700  -113.53735150  -113.35493060  -113.61119320
2.30000000     5.00000000     4.73534969  -113.62911278     1.00000000  -113.32399240  -113.52538870  -113.34414890  -113.59837350


2.40000000     1.50000000     2.35530358  -112.85366979     1.00000000  -112.39248200  -112.58259210  -112.50541950  -112.77543180
2.40000000     1.75000000     2.43916600  -113.43148955     1.00000000  -113.02963660  -113.22447360  -113.09662120  -113.36952510
2.40000000     2.00000000     2.54491780  -113.69441866     1.00000000  -113.33090200  -113.53000710  -113.37455910  -113.64475180
2.40000000     2.25000000     2.66995926  -113.79913140     1.00000000  -113.45756280  -113.65976340  -113.48796000  -113.75671670
2.40000000     2.50000000     2.81171803  -113.82544563     1.00000000  -113.49648290  -113.70024420  -113.52039980  -113.78729550
2.40000000     2.75000000     2.96779954  -113.81577262     1.00000000  -113.49465970  -113.69852350  -113.51559930  -113.78012000
2.40000000     3.00000000     3.13606600  -113.79256786     1.00000000  -113.47652460  -113.67989180  -113.49620180  -113.75842220
2.40000000     3.25000000     3.31466224  -113.76649396     1.00000000  -113.45353470  -113.65669740  -113.47273770  -113.73334750
2.40000000     3.50000000     3.50200822  -113.74163712     1.00000000  -113.43063370  -113.63398740  -113.44964560  -113.70925960
2.40000000     3.75000000     3.69677392  -113.71917702     1.00000000  -113.40964040  -113.61336750  -113.42849990  -113.68745770
2.40000000     4.00000000     3.89784726  -113.69910090     1.00000000  -113.39088040  -113.59495310  -113.40956130  -113.66796700
2.40000000     4.25000000     4.10430129  -113.68106160     1.00000000  -113.37419120  -113.57842110  -113.39267920  -113.65045200
2.40000000     4.50000000     4.31536382  -113.66479216     1.00000000  -113.35943800  -113.56353010  -113.37773030  -113.63465760
2.40000000     4.75000000     4.53039079  -113.65019855     1.00000000  -113.34664190  -113.55022440  -113.36473360  -113.62050390
2.40000000     5.00000000     4.74884371  -113.63730199     1.00000000  -113.33593530  -113.53855080  -113.35382500  -113.60802230
2.40000000     5.25000000     4.97027086  -113.62610459     1.00000000  -113.32748580  -113.52850840  -113.34518940  -113.59721670
2.40000000     5.50000000     5.19429189  -113.61584449     1.00000000  -113.32153850  -113.51938050  -113.33907720  -113.58734260
2.40000000     5.75000000     5.42058521  -113.59781699     1.00000000  -113.32080030  -113.50410000  -113.33832320  -113.57030660
2.40000000     6.00000000     5.64887775  -113.59636865     1.00000000  -113.32238800  -113.50244120  -113.33994200  -113.56878710
2.40000000     6.25000000     5.87893661  -113.59641748     1.00000000  -113.32372970  -113.50248940  -113.34131530  -113.56884050
2.40000000     6.50000000     6.11056229  -113.59666576     1.00000000  -113.32472270  -113.50276350  -113.34234330  -113.56910340
2.40000000     6.75000000     6.34358316  -113.59688120     1.00000000  -113.32542650  -113.50299590  -113.34308300  -113.56933040
2.40000000     7.00000000     6.57785095  -113.59702421     1.00000000  -113.32591460  -113.50314700  -113.34360460  -113.56948140
2.40000000     7.25000000     6.81323704  -113.59710010     1.00000000  -113.32624920  -113.50322870  -113.34396700  -113.56956360
2.40000000     7.50000000     7.04962941  -113.59712733     1.00000000  -113.32647750  -113.50326210  -113.34421540  -113.56959610
2.40000000     7.75000000     7.28693013  -113.59711988     1.00000000  -113.32663360  -113.50326570  -113.34438320  -113.56959440
2.40000000     8.00000000     7.52505326  -113.59709108     1.00000000  -113.32674080  -113.50325250  -113.34449490  -113.56957190
2.40000000     8.25000000     7.76392313  -113.59705109     1.00000000  -113.32681460  -113.50323060  -113.34456850  -113.56953840
2.40000000     8.50000000     8.00347288  -113.59700717     1.00000000  -113.32686480  -113.50320450  -113.34461670  -113.56950060
2.40000000     8.75000000     8.24364325  -113.59696449     1.00000000  -113.32689810  -113.50317660  -113.34464840  -113.56946300
2.40000000     9.00000000     8.48438152  -113.59692544     1.00000000  -113.32691890  -113.50314820  -113.34466930  -113.56942780
2.40000000     9.25000000     8.72564070  -113.59689146     1.00000000  -113.32693070  -113.50311990  -113.34468330  -113.56939620
2.40000000     9.50000000     8.96737874  -113.59686270     1.00000000  -113.32693610  -113.50309260  -113.34469290  -113.56936860
2.40000000     9.75000000     9.20955793  -113.59683869     1.00000000  -113.32693740  -113.50306670  -113.34469940  -113.56934470
2.40000000    10.00000000     9.45214437  -113.59681886     1.00000000  -113.32693600  -113.50304250  -113.34470400  -113.56932420


2.50000000     1.50000000     2.43615454  -112.86680846     1.00000000  -112.41386040  -112.60345170  -112.51784600  -112.78978080
2.50000000     1.75000000     2.51392596  -113.43993200     1.00000000  -113.04450410  -113.24036030  -113.10870230  -113.38039650
2.50000000     2.00000000     2.61338833  -113.70103266     1.00000000  -113.33967680  -113.54237600  -113.38054450  -113.65308760
2.50000000     2.25000000     2.73217375  -113.80431425     1.00000000  -113.46745620  -113.66997850  -113.49561020  -113.76342880
2.50000000     2.50000000     2.86788218  -113.82940408     1.00000000  -113.50444300  -113.70873900  -113.52643750  -113.79264050
2.50000000     2.75000000     3.01823177  -113.81871309     1.00000000  -113.50111910  -113.70572350  -113.52030220  -113.78436370
2.50000000     3.00000000     3.18114725  -113.79464253     1.00000000  -113.48198760  -113.68606950  -113.49998850  -113.76174970
2.50000000     3.25000000     3.35479845  -113.76791036     1.00000000  -113.45835300  -113.66212340  -113.47590290  -113.73598170
2.50000000     3.50000000     3.53760477  -113.74252218     1.00000000  -113.43496190  -113.63884340  -113.45231300  -113.71134350
2.50000000     3.75000000     3.72821972  -113.71964536     1.00000000  -113.41359880  -113.61780290  -113.43078080  -113.68911790
2.50000000     4.00000000     3.92550597  -113.69931718     1.00000000  -113.39462560  -113.59914590  -113.41161360  -113.66937370
2.50000000     4.25000000     4.12850723  -113.68120645     1.00000000  -113.37788500  -113.58255260  -113.39466850  -113.65178700
2.50000000     4.50000000     4.33642096  -113.66501361     1.00000000  -113.36320100  -113.56774330  -113.37978330  -113.63606830
2.50000000     4.75000000     4.54857358  -113.65060220     1.00000000  -113.35052940  -113.55461350  -113.36691450  -113.62209330
2.50000000     5.00000000     4.76439885  -113.63797401     1.00000000  -113.33992520  -113.54317850  -113.35612420  -113.60987010


2.60000000     1.50000000     2.51838100  -112.87229769     1.00000000  -112.42502910  -112.61642180  -112.52570000  -112.79762550
2.60000000     1.75000000     2.59038929  -113.44342834     1.00000000  -113.05381690  -113.24919730  -113.11351050  -113.38510740
2.60000000     2.00000000     2.68383876  -113.70325599     1.00000000  -113.34883670  -113.54833610  -113.38322940  -113.65550330
2.60000000     2.25000000     2.79658083  -113.80388761     1.00000000  -113.47091840  -113.67354230  -113.49742200  -113.76423550
2.60000000     2.50000000     2.92638653  -113.82784307     1.00000000  -113.50619240  -113.71077990  -113.52678270  -113.79219930
2.60000000     2.75000000     3.07109296  -113.81621031     1.00000000  -113.50139320  -113.70659720  -113.51929630  -113.78291070
2.60000000     3.00000000     3.22869722  -113.79128523     1.00000000  -113.48122830  -113.68596390  -113.49801110  -113.75940140
2.60000000     3.25000000     3.39740483  -113.76391311     1.00000000  -113.45697460  -113.66129830  -113.47332480  -113.73296350
2.60000000     3.50000000     3.57564447  -113.73803871     1.00000000  -113.43314480  -113.63749760  -113.44928820  -113.70782220
2.60000000     3.75000000     3.76206156  -113.71477526     1.00000000  -113.41144060  -113.61606510  -113.42739960  -113.68520310
2.60000000     4.00000000     3.95550010  -113.69419333     1.00000000  -113.39225150  -113.59716240  -113.40800390  -113.66520400
2.60000000     4.25000000     4.15497952  -113.67599024     1.00000000  -113.37544410  -113.58048700  -113.39098410  -113.64752560
2.60000000     4.50000000     4.35967070  -113.65985105     1.00000000  -113.36082460  -113.56573710  -113.37616030  -113.63186050
2.60000000     4.75000000     4.56887322  -113.64559945     1.00000000  -113.34830280  -113.55276510  -113.36344410  -113.61804350
2.60000000     5.00000000     4.78199501  -113.63320168     1.00000000  -113.33788080  -113.54154640  -113.35284510  -113.60604560
2.60000000     5.25000000     4.99853479  -113.62270494     1.00000000  -113.32957480  -113.53210520  -113.34439980  -113.59590900
2.60000000     5.50000000     5.21806707  -113.61414252     1.00000000  -113.32331050  -113.52444520  -113.33806020  -113.58766050
2.60000000     5.75000000     5.44022956  -113.60732407     1.00000000  -113.31885410  -113.51846440  -113.33362470  -113.58114650
2.60000000     6.00000000     5.66471284  -113.60198890     1.00000000  -113.31587150  -113.51379240  -113.33080470  -113.57607360
2.60000000     6.25000000     5.89125159  -113.59879184     1.00000000  -113.31404340  -113.51031270  -113.32912680  -113.57279760
2.60000000     6.50000000     6.11961757  -113.59677822     1.00000000  -113.31292950  -113.50815520  -113.32810550  -113.57074620
2.60000000     6.75000000     6.34961361  -113.59546624     1.00000000  -113.31221990  -113.50675040  -113.32746670  -113.56941150
2.60000000     7.00000000     6.58106882  -113.59458514     1.00000000  -113.31175240  -113.50580080  -113.32705530  -113.56851420
2.60000000     7.25000000     6.81383450  -113.59397195     1.00000000  -113.31143550  -113.50513720  -113.32678110  -113.56788930
2.60000000     7.50000000     7.04778081  -113.59352990     1.00000000  -113.31121580  -113.50466230  -113.32659110  -113.56743990
2.60000000     7.75000000     7.28279398  -113.59320075     1.00000000  -113.31106050  -113.50431620  -113.32645410  -113.56710740
2.60000000     8.00000000     7.51877397  -113.59294862     1.00000000  -113.31094880  -113.50405960  -113.32635200  -113.56685510
2.60000000     8.25000000     7.75563252  -113.59275414     1.00000000  -113.31086680  -113.50386610  -113.32627420  -113.56666160
2.60000000     8.50000000     7.99329154  -113.59260185     1.00000000  -113.31080480  -113.50371750  -113.32621400  -113.56651090
2.60000000     8.75000000     8.23168169  -113.59248203     1.00000000  -113.31075630  -113.50360130  -113.32616700  -113.56639260
2.60000000     9.00000000     8.47074125  -113.59238874     1.00000000  -113.31071690  -113.50350830  -113.32613020  -113.56629980
2.60000000     9.25000000     8.71041509  -113.59231416     1.00000000  -113.31068400  -113.50343260  -113.32610120  -113.56622540
2.60000000     9.50000000     8.95065388  -113.59225389     1.00000000  -113.31065580  -113.50336980  -113.32607820  -113.56616500
2.60000000     9.75000000     9.19141332  -113.59220681     1.00000000  -113.31063150  -113.50331720  -113.32605970  -113.56611680
2.60000000    10.00000000     9.43265353  -113.59216910     1.00000000  -113.31061050  -113.50327260  -113.32604460  -113.56607750


2.70000000     1.50000000     2.60185258  -112.87315585     1.00000000  -112.43145700  -112.62339360  -112.53236040  -112.80102870
2.70000000     1.75000000     2.66840957  -113.44284360     1.00000000  -113.05697750  -113.25245700  -113.11428680  -113.38557640
2.70000000     2.00000000     2.75611728  -113.69929037     1.00000000  -113.34951310  -113.54901630  -113.38671770  -113.65392250
2.70000000     2.25000000     2.86303253  -113.79955097     1.00000000  -113.46980890  -113.67237440  -113.49511040  -113.76089570
2.70000000     2.50000000     2.98709358  -113.82243780     1.00000000  -113.50359340  -113.70824110  -113.52316920  -113.78770110
2.70000000     2.75000000     3.12625989  -113.80991725     1.00000000  -113.49735830  -113.70298730  -113.51433720  -113.77746570
2.70000000     3.00000000     3.27860850  -113.78414158     1.00000000  -113.47606460  -113.68140960  -113.49196670  -113.75307420
2.70000000     3.25000000     3.44238965  -113.75610499     1.00000000  -113.45116400  -113.65601700  -113.46664840  -113.72594820
2.70000000     3.50000000     3.61605023  -113.72976870     1.00000000  -113.42692440  -113.63171950  -113.44219430  -113.70032850
2.70000000     3.75000000     3.79823539  -113.70614086     1.00000000  -113.40490470  -113.60991960  -113.41997680  -113.67733970
2.70000000     4.00000000     3.98777694  -113.68530619     1.00000000  -113.38549840  -113.59077060  -113.40035380  -113.65708680
2.70000000     4.25000000     4.18367514  -113.66698993     1.00000000  -113.36860370  -113.57399080  -113.38324210  -113.63929610
2.70000000     4.50000000     4.38507817  -113.65087667     1.00000000  -113.35402710  -113.55927280  -113.36846090  -113.62365760
2.70000000     4.75000000     4.59126163  -113.63675870     1.00000000  -113.34164570  -113.54643320  -113.35588930  -113.60997310
2.70000000     5.00000000     4.80160974  -113.62456331     1.00000000  -113.33141670  -113.53540670  -113.34549140  -113.59817390
2.70000000     5.25000000     5.01559856  -113.61430529     1.00000000  -113.32331320  -113.52618360  -113.33725880  -113.58826900
2.70000000     5.50000000     5.23278145  -113.60599783     1.00000000  -113.31722880  -113.51874210  -113.33110690  -113.58026250
2.70000000     5.75000000     5.45277677  -113.59944746     1.00000000  -113.31291070  -113.51297240  -113.32680790  -113.57399480
2.70000000     6.00000000     5.67525747  -113.59404921     1.00000000  -113.31001040  -113.50851130  -113.32408750  -113.56895810
2.70000000     6.25000000     5.89994239  -113.59092643     1.00000000  -113.30825810  -113.50495480  -113.32252500  -113.56570840
2.70000000     6.50000000     6.12658902  -113.58898649     1.00000000  -113.30722870  -113.50281980  -113.32159480  -113.56371340
2.70000000     6.75000000     6.35498747  -113.58771522     1.00000000  -113.30658100  -113.50145130  -113.32101770  -113.56241780
2.70000000     7.00000000     6.58495547  -113.58685515     1.00000000  -113.30615400  -113.50052560  -113.32064510  -113.56154230
2.70000000     7.25000000     6.81633416  -113.58625310     1.00000000  -113.30586220  -113.49987670  -113.32039390  -113.56092950
2.70000000     7.50000000     7.04898462  -113.58581577     1.00000000  -113.30565730  -113.49940940  -113.32021710  -113.56048560
2.70000000     7.75000000     7.28278498  -113.58548872     1.00000000  -113.30551070  -113.49906740  -113.32008740  -113.56015570
2.70000000     8.00000000     7.51762794  -113.58523824     1.00000000  -113.30540400  -113.49881300  -113.31998940  -113.55990510
2.70000000     8.25000000     7.75341877  -113.58504257     1.00000000  -113.30532470  -113.49862020  -113.31991380  -113.55971100
2.70000000     8.50000000     7.99007356  -113.58488972     1.00000000  -113.30526410  -113.49847160  -113.31985480  -113.55955990
2.70000000     8.75000000     8.22751774  -113.58476940     1.00000000  -113.30521640  -113.49835520  -113.31980860  -113.55944120
2.70000000     9.00000000     8.46568491  -113.58467590     1.00000000  -113.30517730  -113.49826170  -113.31977220  -113.55934810
2.70000000     9.25000000     8.70451572  -113.58460078     1.00000000  -113.30514450  -113.49818550  -113.31974350  -113.55927320
2.70000000     9.50000000     8.94395699  -113.58453992     1.00000000  -113.30511640  -113.49812240  -113.31972060  -113.55921230
2.70000000     9.75000000     9.18396099  -113.58449244     1.00000000  -113.30509200  -113.49806930  -113.31970220  -113.55916370
2.70000000    10.00000000     9.42448472  -113.58445423     1.00000000  -113.30507090  -113.49802440  -113.31968720  -113.55912400


2.80000000     1.50000000     2.68645320  -112.87163949     1.00000000  -112.43329960  -112.62623810  -112.53273670  -112.80096650
2.80000000     1.75000000     2.74785418  -113.43902410     1.00000000  -113.05643700  -113.25197020  -113.11202530  -113.38274180
2.80000000     2.00000000     2.83008381  -113.69360260     1.00000000  -113.34677570  -113.54623550  -113.38286920  -113.64915580
2.80000000     2.25000000     2.93138981  -113.79260329     1.00000000  -113.46553650  -113.66795680  -113.48997420  -113.75475950
2.80000000     2.50000000     3.04987180  -113.81448909     1.00000000  -113.49805440  -113.70258140  -113.51690780  -113.78049030
2.80000000     2.75000000     3.18361270  -113.80110092     1.00000000  -113.49048110  -113.69631710  -113.50680400  -113.76934020
2.80000000     3.00000000     3.33077492  -113.77450057     1.00000000  -113.46793440  -113.67383810  -113.48320480  -113.74409620
2.80000000     3.25000000     3.48966093  -113.74574282     1.00000000  -113.44229670  -113.64768000  -113.45716060  -113.71623200
2.80000000     3.50000000     3.65874366  -113.71893058     1.00000000  -113.41764500  -113.62287950  -113.43228770  -113.69012330
2.80000000     3.75000000     3.83667525  -113.69495740     1.00000000  -113.39532830  -113.60072640  -113.40976120  -113.66678260
2.80000000     4.00000000     4.02228154  -113.67386965     1.00000000  -113.37570590  -113.58133140  -113.38991430  -113.64627640
2.80000000     4.25000000     4.21454868  -113.65542367     1.00000000  -113.35870460  -113.56442900  -113.37269370  -113.62835680
2.80000000     4.50000000     4.41260608  -113.63930825     1.00000000  -113.34414290  -113.54971400  -113.35792980  -113.61271710
2.80000000     4.75000000     4.61570842  -113.62529537     1.00000000  -113.33187800  -113.53697790  -113.34548040  -113.59913680
2.80000000     5.00000000     4.82321843  -113.61327586     1.00000000  -113.32182680  -113.52611780  -113.33526900  -113.58751030
2.80000000     5.25000000     5.03459112  -113.60323047     1.00000000  -113.31391810  -113.51708760  -113.32724090  -113.57781140
2.80000000     5.50000000     5.24935992  -113.59514171     1.00000000  -113.30800800  -113.50983580  -113.32127050  -113.57001340
2.80000000     5.75000000     5.46712460  -113.58883077     1.00000000  -113.30381980  -113.50423680  -113.31709810  -113.56395920
2.80000000     6.00000000     5.68754105  -113.58342058     1.00000000  -113.30098780  -113.49997350  -113.31444040  -113.55898310
2.80000000     6.25000000     5.91031260  -113.58031037     1.00000000  -113.29926280  -113.49633740  -113.31295330  -113.55572040
2.80000000     6.50000000     6.13518270  -113.57842817     1.00000000  -113.29828120  -113.49420930  -113.31208030  -113.55376650
2.80000000     6.75000000     6.36192884  -113.57719085     1.00000000  -113.29766690  -113.49286800  -113.31153970  -113.55250290
2.80000000     7.00000000     6.59035738  -113.57635073     1.00000000  -113.29726100  -113.49196220  -113.31118940  -113.55164750
2.80000000     7.25000000     6.82029927  -113.57575954     1.00000000  -113.29698220  -113.49132560  -113.31095150  -113.55104610
2.80000000     7.50000000     7.05160648  -113.57532780     1.00000000  -113.29678540  -113.49086610  -113.31078230  -113.55060850
2.80000000     7.75000000     7.28414894  -113.57500325     1.00000000  -113.29664380  -113.49052880  -113.31065710  -113.55028180
2.80000000     8.00000000     7.51781202  -113.57475423     1.00000000  -113.29654000  -113.49027640  -113.31056170  -113.55003280
2.80000000     8.25000000     7.75249440  -113.57455866     1.00000000  -113.29646250  -113.49008470  -113.31048760  -113.54983910
2.80000000     8.50000000     7.98810623  -113.57440584     1.00000000  -113.29640300  -113.48993670  -113.31042950  -113.54968820
2.80000000     8.75000000     8.22456765  -113.57428660     1.00000000  -113.29635580  -113.48982000  -113.31038390  -113.54957010
2.80000000     9.00000000     8.46180742  -113.57419147     1.00000000  -113.29631700  -113.48972630  -113.31034800  -113.54947590
2.80000000     9.25000000     8.69976187  -113.57411605     1.00000000  -113.29628420  -113.48964970  -113.31031960  -113.54940070
2.80000000     9.50000000     8.93837392  -113.57405480     1.00000000  -113.29625610  -113.48958610  -113.31029690  -113.54933940
2.80000000     9.75000000     9.17759229  -113.57400685     1.00000000  -113.29623170  -113.48953270  -113.31027860  -113.54929040
2.80000000    10.00000000     9.41737076  -113.57396819     1.00000000  -113.29621060  -113.48948750  -113.31026360  -113.54925030


2.90000000     1.50000000     2.77207950  -112.86935018     1.00000000  -112.43540820  -112.62614410  -112.53088950  -112.79873560
2.90000000     1.75000000     2.82860311  -113.43338422     1.00000000  -113.05336570  -113.24894740  -113.10769730  -113.37789410
2.90000000     2.00000000     2.90560946  -113.68619009     1.00000000  -113.34173060  -113.54114860  -113.37703580  -113.64249760
2.90000000     2.25000000     3.00152247  -113.78402252     1.00000000  -113.45915080  -113.66140880  -113.48297990  -113.74684460
2.90000000     2.50000000     3.11459595  -113.80498591     1.00000000  -113.49060710  -113.69491650  -113.50895510  -113.77159130
2.90000000     2.75000000     3.24303542  -113.79073323     1.00000000  -113.48186730  -113.68768320  -113.49773550  -113.75954200
2.90000000     3.00000000     3.38509224  -113.76334898     1.00000000  -113.45798250  -113.66434900  -113.47280640  -113.73348610
2.90000000     3.25000000     3.53912705  -113.73380784     1.00000000  -113.43145270  -113.63738360  -113.44587590  -113.70482850
2.90000000     3.50000000     3.70364565  -113.70647648     1.00000000  -113.40634620  -113.61204140  -113.42054290  -113.67818980
2.90000000     3.75000000     3.87731375  -113.68215637     1.00000000  -113.38373720  -113.58953280  -113.39771390  -113.65449590
2.90000000     4.00000000     4.05895709  -113.66081986     1.00000000  -113.36390070  -113.56989160  -113.37764650  -113.63373950
2.90000000     4.25000000     4.24755264  -113.64222694     1.00000000  -113.34677660  -113.55285090  -113.36030280  -113.61567480
2.90000000     4.50000000     4.44221502  -113.62608389     1.00000000  -113.33220180  -113.53811120  -113.34552980  -113.60000800
2.90000000     4.75000000     4.64218107  -113.61214718     1.00000000  -113.32002380  -113.52544900  -113.33317450  -113.58650310
2.90000000     5.00000000     4.84679439  -113.60027710     1.00000000  -113.31012540  -113.51472820  -113.32312510  -113.57502280
2.90000000     5.25000000     5.05549074  -113.59041943     1.00000000  -113.30239150  -113.50586690  -113.31528180  -113.56550550
2.90000000     5.50000000     5.26778487  -113.58252749     1.00000000  -113.29663850  -113.49878360  -113.30947570  -113.55789450
2.90000000     5.75000000     5.48325891  -113.57642991     1.00000000  -113.29256480  -113.49333370  -113.30541610  -113.55202980
2.90000000     6.00000000     5.70155233  -113.57110550     1.00000000  -113.28979190  -113.48923910  -113.30279390  -113.54716420
2.90000000     6.25000000     5.92235340  -113.56790101     1.00000000  -113.28806270  -113.48555580  -113.30135860  -113.54383220
2.90000000     6.50000000     6.14539182  -113.56607866     1.00000000  -113.28711300  -113.48341270  -113.30052860  -113.54191330
2.90000000     6.75000000     6.37043259  -113.56487129     1.00000000  -113.28652280  -113.48209240  -113.30001570  -113.54067700
2.90000000     7.00000000     6.59727081  -113.56404821     1.00000000  -113.28613250  -113.48120180  -113.29968250  -113.53983820
2.90000000     7.25000000     6.82572729  -113.56346707     1.00000000  -113.28586370  -113.48057610  -113.29945500  -113.53924720
2.90000000     7.50000000     7.05564482  -113.56304056     1.00000000  -113.28567340  -113.48012350  -113.29929220  -113.53881540
2.90000000     7.75000000     7.28688511  -113.56271919     1.00000000  -113.28553600  -113.47979020  -113.29917080  -113.53849210
2.90000000     8.00000000     7.51932612  -113.56247107     1.00000000  -113.28543500  -113.47954030  -113.29907780  -113.53824450
2.90000000     8.25000000     7.75285987  -113.56227711     1.00000000  -113.28535920  -113.47935000  -113.29900520  -113.53805230
2.90000000     8.50000000     7.98739050  -113.56212454     1.00000000  -113.28530070  -113.47920240  -113.29894810  -113.53790170
2.90000000     8.75000000     8.22283271  -113.56200390     1.00000000  -113.28525400  -113.47908570  -113.29890310  -113.53778270
2.90000000     9.00000000     8.45911039  -113.56190869     1.00000000  -113.28521550  -113.47899180  -113.29886770  -113.53768840
2.90000000     9.25000000     8.69615543  -113.56183295     1.00000000  -113.28518280  -113.47891490  -113.29883950  -113.53761290
2.90000000     9.50000000     8.93390677  -113.56177264     1.00000000  -113.28515470  -113.47885090  -113.29881710  -113.53755210
2.90000000     9.75000000     9.17230946  -113.56172319     1.00000000  -113.28513030  -113.47879710  -113.29879890  -113.53750200
2.90000000    10.00000000     9.41131403  -113.56168419     1.00000000  -113.28510910  -113.47875160  -113.29878400  -113.53746160


3.00000000     1.50000000     2.85863931  -112.86482732     1.00000000  -112.43005470  -112.62422580  -112.52259590  -112.79464650
3.00000000     1.75000000     2.91054780  -113.42690106     1.00000000  -113.04862070  -113.24427240  -113.09949590  -113.37142100
3.00000000     2.00000000     2.98257578  -113.67987319     1.00000000  -113.33519590  -113.53460650  -113.36221080  -113.63447630
3.00000000     2.25000000     3.07330898  -113.77451464     1.00000000  -113.45142370  -113.65355330  -113.47483490  -113.73789050
3.00000000     2.50000000     3.18114725  -113.79464253     1.00000000  -113.48198760  -113.68606950  -113.49998850  -113.76174970
3.00000000     2.75000000     3.30441638  -113.77956478     1.00000000  -113.47229260  -113.67792500  -113.48785230  -113.74884600
3.00000000     3.00000000     3.44145862  -113.75140006     1.00000000  -113.44710640  -113.65375590  -113.46162260  -113.72198710
3.00000000     3.25000000     3.59069731  -113.72106854     1.00000000  -113.41948900  -113.62598110  -113.43360170  -113.69252980
3.00000000     3.50000000     3.75067687  -113.69314594     1.00000000  -113.39383590  -113.60003040  -113.40771870  -113.66529150
3.00000000     3.75000000     3.92008250  -113.66845772     1.00000000  -113.37091870  -113.57714590  -113.38457310  -113.64122400
3.00000000     4.00000000     4.09774530  -113.64686614     1.00000000  -113.35086670  -113.55725250  -113.36428530  -113.62021160
3.00000000     4.25000000     4.28263778  -113.62811696     1.00000000  -113.33360710  -113.54005880  -113.34680670  -113.60199080
3.00000000     4.50000000     4.47386367  -113.61192192     1.00000000  -113.31899320  -113.52526960  -113.33199990  -113.58627270
3.00000000     4.75000000     4.67064513  -113.59803126     1.00000000  -113.30687140  -113.51265170  -113.31970890  -113.57281350
3.00000000     5.00000000     4.87230907  -113.58628526     1.00000000  -113.29709770  -113.50204270  -113.30979410  -113.56145350
3.00000000     5.25000000     5.07827387  -113.57659115     1.00000000  -113.28951560  -113.49332780  -113.30211240  -113.55209430
3.00000000     5.50000000     5.28803700  -113.56887629     1.00000000  -113.28390180  -113.48639390  -113.29645330  -113.54465100
3.00000000     5.75000000     5.50116397  -113.56296576     1.00000000  -113.27993010  -113.48107650  -113.29249580  -113.53895340
3.00000000     6.00000000     5.71727862  -113.55792254     1.00000000  -113.27721320  -113.47711220  -113.28989530  -113.53430950
3.00000000     6.25000000     5.93605463  -113.55442574     1.00000000  -113.27546170  -113.47345090  -113.28849460  -113.53080460
3.00000000     6.50000000     6.15720833  -113.55299595     1.00000000  -113.27386760  -113.47039230  -113.28770060  -113.52891270
3.00000000     6.75000000     6.38049247  -113.55171603     1.00000000  -113.27363400  -113.46940790  -113.28721130  -113.52770080
3.00000000     7.00000000     6.60569103  -113.55080698     1.00000000  -113.27346750  -113.46880400  -113.28689310  -113.52687810
3.00000000     7.25000000     6.83261471  -113.55016854     1.00000000  -113.27333170  -113.46835940  -113.28667490  -113.52629650
3.00000000     7.50000000     7.06109719  -113.54970704     1.00000000  -113.27321720  -113.46801530  -113.28651800  -113.52587050
3.00000000     7.75000000     7.29099193  -113.54936541     1.00000000  -113.27312030  -113.46774290  -113.28640030  -113.52555040
3.00000000     8.00000000     7.52216944  -113.54910596     1.00000000  -113.27303800  -113.46752570  -113.28630960  -113.52530470
3.00000000     8.25000000     7.75451500  -113.54890612     1.00000000  -113.27296750  -113.46734990  -113.28623860  -113.52511330


3.10000000     1.50000000     2.94605035  -112.85847545     1.00000000  -112.42666720  -112.62093630  -112.52204230  -112.79012170
3.10000000     1.75000000     2.99359006  -113.41782643     1.00000000  -113.04281790  -113.23857250  -113.09850030  -113.36467140
3.10000000     2.00000000     3.06087409  -113.66885536     1.00000000  -113.32776580  -113.52721940  -113.36216160  -113.62630990
3.10000000     2.25000000     3.14663614  -113.76457391     1.00000000  -113.44291690  -113.64497890  -113.46604970  -113.72841860
3.10000000     2.50000000     3.24941345  -113.78394781     1.00000000  -113.47271510  -113.67661640  -113.49048160  -113.75147960
3.10000000     2.75000000     3.36764852  -113.76813131     1.00000000  -113.46226340  -113.66765930  -113.47761390  -113.73781060
3.10000000     3.00000000     3.49977504  -113.73916106     1.00000000  -113.43595240  -113.64265190  -113.45026220  -113.71013230
3.10000000     3.25000000     3.64428239  -113.70809938     1.00000000  -113.40708990  -113.61411410  -113.42098400  -113.67992920
3.10000000     3.50000000     3.79975827  -113.67950973     1.00000000  -113.38074680  -113.58748890  -113.39440910  -113.65201950
3.10000000     3.75000000     3.96491257  -113.65441076     1.00000000  -113.35747770  -113.56418720  -113.37090560  -113.62753680
3.10000000     4.00000000     4.13858677  -113.63255057     1.00000000  -113.33720070  -113.54402630  -113.35038880  -113.60625450
3.10000000     4.25000000     4.31975338  -113.61362985     1.00000000  -113.31979390  -113.52666430  -113.33276470  -113.58786260
3.10000000     4.50000000     4.50750907  -113.59736064     1.00000000  -113.30511830  -113.51180200  -113.31790220  -113.57207070
3.10000000     4.75000000     4.70106443  -113.58349133     1.00000000  -113.29302310  -113.49919980  -113.30564660  -113.55863130
3.10000000     5.00000000     4.89973219  -113.57183947     1.00000000  -113.28334540  -113.48867480  -113.29583770  -113.54736250
3.10000000     5.25000000     5.10291528  -113.56228723     1.00000000  -113.27589170  -113.48008250  -113.28829450  -113.53813910
3.10000000     5.50000000     5.31009540  -113.55472990     1.00000000  -113.27040050  -113.47328060  -113.28276570  -113.53084480
3.10000000     5.75000000     5.52082257  -113.54898217     1.00000000  -113.26652150  -113.46808190  -113.27890240  -113.52529410
3.10000000     6.00000000     5.73470580  -113.54441570     1.00000000  -113.26385950  -113.46422290  -113.27632560  -113.52099030
3.10000000     6.25000000     5.95140483  -113.54037555     1.00000000  -113.26207870  -113.46074130  -113.27493910  -113.51720330
3.10000000     6.50000000     6.17062300  -113.53876079     1.00000000  -113.26117000  -113.45835390  -113.27417720  -113.51533670
3.10000000     6.75000000     6.39210114  -113.53760704     1.00000000  -113.26061800  -113.45706730  -113.27370950  -113.51414800
3.10000000     7.00000000     6.61561228  -113.53681737     1.00000000  -113.26025390  -113.45620540  -113.27340510  -113.51334130
3.10000000     7.25000000     6.84095714  -113.53625323     1.00000000  -113.26000280  -113.45560080  -113.27319580  -113.51276880
3.10000000     7.50000000     7.06796034  -113.53583741     1.00000000  -113.25982460  -113.45516120  -113.27304450  -113.51234840
3.10000000     7.75000000     7.29646710  -113.53552166     1.00000000  -113.25969530  -113.45483600  -113.27293060  -113.51203150
3.10000000     8.00000000     7.52634047  -113.53527698     1.00000000  -113.25959980  -113.45459120  -113.27284230  -113.51178780
3.10000000     8.25000000     7.75745897  -113.53508464     1.00000000  -113.25952760  -113.45440380  -113.27277290  -113.51159760


3.20000000     1.50000000     3.03423905  -112.85445844     1.00000000  -112.42596140  -112.61676890  -112.51866240  -112.78549160
3.20000000     1.75000000     3.07764104  -113.41013579     1.00000000  -113.03639100  -113.23227950  -113.09171250  -113.35746080
3.20000000     2.00000000     3.14040478  -113.65977559     1.00000000  -113.31986070  -113.51941120  -113.35402090  -113.61767630
3.20000000     2.25000000     3.22139875  -113.75453492     1.00000000  -113.43403350  -113.63609620  -113.45698620  -113.71878530
3.20000000     2.50000000     3.31928874  -113.77321964     1.00000000  -113.46315600  -113.66695090  -113.48076490  -113.74112140
3.20000000     2.75000000     3.43262953  -113.75676758     1.00000000  -113.45210120  -113.65729400  -113.46730650  -113.72679210
3.20000000     3.00000000     3.55994568  -113.72701676     1.00000000  -113.42490730  -113.63148520  -113.43907600  -113.69832420
3.20000000     3.25000000     3.69979473  -113.69527097     1.00000000  -113.39478530  -113.60222170  -113.40852380  -113.66741800
3.20000000     3.50000000     3.85081145  -113.66600049     1.00000000  -113.36757740  -113.57490530  -113.38108140  -113.63882210
3.20000000     3.75000000     4.01173486  -113.64043507     1.00000000  -113.34388120  -113.55113060  -113.35714740  -113.61386900
3.20000000     4.00000000     4.18142133  -113.61828130     1.00000000  -113.32335590  -113.53067670  -113.33637990  -113.59229200
3.20000000     4.25000000     4.35884757  -113.59917100     1.00000000  -113.30578900  -113.51313000  -113.31859780  -113.57371170
3.20000000     4.50000000     4.54310685  -113.58280552     1.00000000  -113.29103130  -113.49817210  -113.30365960  -113.55782390
3.20000000     4.75000000     4.73340128  -113.56892939     1.00000000  -113.27893530  -113.48555700  -113.29141240  -113.54437610
3.20000000     5.00000000     4.92903189  -113.55734498     1.00000000  -113.26932530  -113.47508780  -113.28168140  -113.53317140
3.20000000     5.25000000     5.12938819  -113.54791003     1.00000000  -113.26197680  -113.46659460  -113.27425300  -113.52405960
3.20000000     5.50000000     5.33393766  -113.54049097     1.00000000  -113.25659270  -113.45990600  -113.26883890  -113.51689530


3.30000000     1.50000000     3.12313954  -112.84870992     1.00000000  -112.42145970  -112.61218850  -112.51375160  -112.78012900
3.30000000     1.75000000     3.16262033  -113.40238196     1.00000000  -113.02963940  -113.22568060  -113.08472260  -113.35011470
3.30000000     2.00000000     3.22107654  -113.65074823     1.00000000  -113.31176850  -113.51146390  -113.34578060  -113.60903670
3.30000000     2.25000000     3.29749918  -113.74461663     1.00000000  -113.42505630  -113.62718220  -113.44789350  -113.70922580
3.30000000     2.50000000     3.39067363  -113.76266269     1.00000000  -113.45356840  -113.65733250  -113.47106860  -113.73089570
3.30000000     2.75000000     3.49926198  -113.74566388     1.00000000  -113.44201610  -113.64707690  -113.45711390  -113.71599790
3.30000000     3.00000000     3.62187813  -113.71523152     1.00000000  -113.41415800  -113.62056590  -113.42822030  -113.68683920
3.30000000     3.25000000     3.75714891  -113.68278789     1.00000000  -113.38293150  -113.59057640  -113.39655500  -113.65522220
3.30000000     3.50000000     3.90375905  -113.65291526     1.00000000  -113.35471600  -113.56262370  -113.36809820  -113.62600960
3.30000000     3.75000000     4.06048045  -113.62684118     1.00000000  -113.33049070  -113.53833440  -113.34363470  -113.60054470
3.30000000     4.00000000     4.22618838  -113.60436113     1.00000000  -113.30967720  -113.51755470  -113.32257820  -113.57864060
3.30000000     4.25000000     4.39986761  -113.58504024     1.00000000  -113.29193180  -113.49980150  -113.30462050  -113.55985080
3.30000000     4.50000000     4.58061150  -113.56855506     1.00000000  -113.27707280  -113.48472540  -113.28958790  -113.54384410
3.30000000     4.75000000     4.76761665  -113.55464443     1.00000000  -113.26495060  -113.47207030  -113.27732380  -113.53036050
3.30000000     5.00000000     4.96017492  -113.54309875     1.00000000  -113.25538070  -113.46162800  -113.26764330  -113.51919120
3.30000000     5.25000000     5.15766440  -113.53375520     1.00000000  -113.24811420  -113.45320730  -113.26030630  -113.51016490
3.30000000     5.50000000     5.35953998  -113.52763213     1.00000000  -113.23715480  -113.44217790  -113.25499100  -113.50311000
3.30000000     5.75000000     5.56532439  -113.52154424     1.00000000  -113.23493640  -113.43888180  -113.25129580  -113.49779690
3.30000000     6.00000000     5.77459975  -113.51710260     1.00000000  -113.23337930  -113.43635020  -113.24880120  -113.49389500
3.30000000     6.25000000     5.98700001  -113.51197944     1.00000000  -113.23232520  -113.43447860  -113.24738380  -113.48985650
3.30000000     6.50000000     6.20220411  -113.50991602     1.00000000  -113.23162180  -113.43312330  -113.24668040  -113.48803880
3.30000000     6.75000000     6.41993011  -113.50867516     1.00000000  -113.23114960  -113.43214710  -113.24625230  -113.48689550
3.30000000     7.00000000     6.63992992  -113.50785323     1.00000000  -113.23082690  -113.43143970  -113.24597390  -113.48611910
3.30000000     7.25000000     6.86198485  -113.50727516     1.00000000  -113.23060160  -113.43092110  -113.24578170  -113.48556600
3.30000000     7.50000000     7.08590170  -113.50685051     1.00000000  -113.23044080  -113.43053520  -113.24564160  -113.48515750
3.30000000     7.75000000     7.31150940  -113.50652893     1.00000000  -113.23032400  -113.43024490  -113.24553510  -113.48484810
3.30000000     8.00000000     7.53865614  -113.50628011     1.00000000  -113.23023690  -113.43002240  -113.24545190  -113.48460890
3.30000000     8.25000000     7.76720691  -113.50608494     1.00000000  -113.23017010  -113.42984880  -113.24538590  -113.48442130
3.30000000     8.50000000     7.99704133  -113.50593159     1.00000000  -113.23011680  -113.42971030  -113.24533350  -113.48427320
3.30000000     8.75000000     8.22805182  -113.50581094     1.00000000  -113.23007270  -113.42959730  -113.24529170  -113.48415550
3.30000000     9.00000000     8.46014205  -113.50571610     1.00000000  -113.23003480  -113.42950280  -113.24525850  -113.48406140
3.30000000     9.25000000     8.69322554  -113.50564179     1.00000000  -113.23000160  -113.42942220  -113.24523200  -113.48398580
3.30000000     9.50000000     8.92722449  -113.50558386     1.00000000  -113.22997240  -113.42935150  -113.24521070  -113.48392450
3.30000000     9.75000000     9.16206875  -113.50553924     1.00000000  -113.22994680  -113.42928790  -113.24519330  -113.48387440
3.30000000    10.00000000     9.39769496  -113.50683649     1.00000000  -113.23188910  -113.42751040  -113.24517900  -113.48383310


3.40000000     1.50000000     3.21269272  -112.84289496     1.00000000  -112.41683830  -112.60735840  -112.50884880  -112.77465230
3.40000000     1.75000000     3.24845506  -113.39467922     1.00000000  -113.02276800  -113.21895940  -113.07769340  -113.34276660
3.40000000     2.00000000     3.30280578  -113.64189622     1.00000000  -113.30367690  -113.50355420  -113.33759630  -113.60052900
3.40000000     2.25000000     3.37484693  -113.73495307     1.00000000  -113.41617480  -113.61841530  -113.43893570  -113.69988660
3.40000000     2.50000000     3.46347478  -113.75240487     1.00000000  -113.44413100  -113.64792910  -113.46155030  -113.72094190
3.40000000     2.75000000     3.56745334  -113.73492510     1.00000000  -113.43214930  -113.63715440  -113.44715930  -113.70554540
3.40000000     3.00000000     3.68548356  -113.70392871     1.00000000  -113.40378720  -113.61005770  -113.41775790  -113.67581240
3.40000000     3.25000000     3.81626189  -113.67079265     1.00000000  -113.37169150  -113.57936550  -113.38522090  -113.64349760
3.40000000     3.50000000     3.95852505  -113.64040999     1.00000000  -113.34244120  -113.55084410  -113.35572020  -113.61375130
3.40000000     3.75000000     4.11108092  -113.61384306     1.00000000  -113.31758220  -113.52604830  -113.33062320  -113.58778780
3.40000000     4.00000000     4.27282718  -113.59101053     1.00000000  -113.29642690  -113.50491760  -113.30922580  -113.56553110
3.40000000     4.25000000     4.44276016  -113.57145611     1.00000000  -113.27847730  -113.48693570  -113.29106760  -113.54650930
3.40000000     4.50000000     4.61997658  -113.55482726     1.00000000  -113.26349700  -113.47171840  -113.27592110  -113.53036020
3.40000000     4.75000000     4.80367041  -113.54085426     1.00000000  -113.25132420  -113.45899720  -113.26361630  -113.51681370
3.40000000     5.00000000     4.99312679  -113.52931730     1.00000000  -113.24176770  -113.44855060  -113.25395950  -113.50564940
3.40000000     5.25000000     5.18771442  -113.52003623     1.00000000  -113.23455920  -113.44017450  -113.24669000  -113.49668010
3.40000000     5.50000000     5.38687726  -113.51358959     1.00000000  -113.22554680  -113.43073370  -113.24145670  -113.48971160
3.40000000     5.75000000     5.59012633  -113.50756597     1.00000000  -113.22347310  -113.42761530  -113.23783400  -113.48449250
3.40000000     6.00000000     5.79703184  -113.50322196     1.00000000  -113.22201160  -113.42521490  -113.23538830  -113.48069350
3.40000000     6.25000000     6.00721599  -113.49804157     1.00000000  -113.22101870  -113.42343290  -113.23394440  -113.47663690
3.40000000     6.50000000     6.22034643  -113.49598620     1.00000000  -113.22035530  -113.42213830  -113.23326860  -113.47484380
3.40000000     6.75000000     6.43613047  -113.49476076     1.00000000  -113.21991100  -113.42120440  -113.23285940  -113.47372400
3.40000000     7.00000000     6.65430997  -113.49394778     1.00000000  -113.21960920  -113.42052760  -113.23259340  -113.47296290
3.40000000     7.25000000     6.87465686  -113.49337467     1.00000000  -113.21940020  -113.42003140  -113.23240940  -113.47241970
3.40000000     7.50000000     7.09696926  -113.49295237     1.00000000  -113.21925250  -113.41966390  -113.23227490  -113.47201810
3.40000000     7.75000000     7.32106812  -113.49263006     1.00000000  -113.21914600  -113.41938730  -113.23217220  -113.47171210
3.40000000     8.00000000     7.54679430  -113.49238039     1.00000000  -113.21906680  -113.41917540  -113.23209160  -113.47147530
3.40000000     8.25000000     7.77400604  -113.49218417     1.00000000  -113.21900600  -113.41901030  -113.23202750  -113.47128940
3.40000000     8.50000000     8.00257682  -113.49202910     1.00000000  -113.21895730  -113.41887890  -113.23197640  -113.47114220
3.40000000     8.75000000     8.23239342  -113.49190654     1.00000000  -113.21891640  -113.41877210  -113.23193560  -113.47102510
3.40000000     9.00000000     8.46335437  -113.49180931     1.00000000  -113.21888100  -113.41868370  -113.23190310  -113.47093130
3.40000000     9.25000000     8.69536848  -113.49173203     1.00000000  -113.21884960  -113.41860950  -113.23187710  -113.47085580
3.40000000     9.50000000     8.92835364  -113.49167037     1.00000000  -113.21882170  -113.41854650  -113.23185620  -113.47079460
3.40000000     9.75000000     9.16223578  -113.49162071     1.00000000  -113.21879700  -113.41849270  -113.23183900  -113.47074450
3.40000000    10.00000000     9.39694792  -113.49158035     1.00000000  -113.21877520  -113.41844640  -113.23182490  -113.47070310


3.50000000     1.50000000     3.30284551  -112.83711306     1.00000000  -112.41233120  -112.60245030  -112.50412830  -112.76917770
3.50000000     1.75000000     3.33507920  -113.38708587     1.00000000  -113.01591850  -113.21222890  -113.07073410  -113.33549010
3.50000000     2.00000000     3.38551591  -113.63328063     1.00000000  -113.29570160  -113.49578280  -113.32955950  -113.59222520
3.50000000     2.25000000     3.45335818  -113.72561740     1.00000000  -113.40750820  -113.60990030  -113.43021230  -113.69084950
3.50000000     2.50000000     3.53760477  -113.74252218     1.00000000  -113.43496190  -113.63884340  -113.45231300  -113.71134350
3.50000000     2.75000000     3.63711592  -113.72460557     1.00000000  -113.42259590  -113.62760970  -113.43752590  -113.69549770
3.50000000     3.00000000     3.75067687  -113.69314610     1.00000000  -113.39383590  -113.60003040  -113.40771870  -113.66529160
3.50000000     3.25000000     3.87705323  -113.65939127     1.00000000  -113.36108810  -113.56871090  -113.37452790  -113.63235350
3.50000000     3.50000000     4.01503505  -113.62852415     1.00000000  -113.33090710  -113.53965230  -113.34409040  -113.60210180
3.50000000     3.75000000     4.16346865  -113.60155117     1.00000000  -113.30535150  -113.51441390  -113.31829430  -113.57571790
3.50000000     4.00000000     4.32127712  -113.57837461     1.00000000  -113.28380070  -113.49293820  -113.29650280  -113.55311630
3.50000000     4.25000000     4.48747153  -113.55857381     1.00000000  -113.26561650  -113.47471620  -113.27811420  -113.53385030
3.50000000     4.50000000     4.66115495  -113.54177999     1.00000000  -113.25049310  -113.45933880  -113.26283270  -113.51753850
3.50000000     4.75000000     4.84152148  -113.52771749     1.00000000  -113.23824630  -113.44652520  -113.25046450  -113.50390240
3.50000000     5.00000000     5.02785193  -113.51615803     1.00000000  -113.22867640  -113.43604530  -113.24080530  -113.49271280
3.50000000     5.25000000     5.21950761  -113.50690780     1.00000000  -113.22150080  -113.42768260  -113.23357850  -113.48376910
3.50000000     5.50000000     5.41592323  -113.49976490     1.00000000  -113.21633940  -113.42120650  -113.22840880  -113.47686030
3.50000000     5.75000000     5.61659944  -113.49445948     1.00000000  -113.21274920  -113.41634510  -113.22484850  -113.47171550
3.50000000     6.00000000     5.82109560  -113.49063739     1.00000000  -113.21029590  -113.41278340  -113.22245060  -113.46799280
3.50000000     6.25000000     6.02902303  -113.48781776     1.00000000  -113.20862020  -113.41020750  -113.22084760  -113.46526900
3.50000000     6.50000000     6.24003874  -113.48393469     1.00000000  -113.20746790  -113.40832760  -113.22033200  -113.46217440
3.50000000     6.75000000     6.45383980  -113.48362740     1.00000000  -113.20716780  -113.40580520  -113.21994100  -113.46108020
3.50000000     7.00000000     6.67015839  -113.48284966     1.00000000  -113.20696330  -113.40513950  -113.21968710  -113.46033490
3.50000000     7.25000000     6.88875734  -113.48229457     1.00000000  -113.20680240  -113.40465300  -113.21951130  -113.45980180
3.50000000     7.50000000     7.10942631  -113.48187457     1.00000000  -113.20667250  -113.40430250  -113.21938230  -113.45940630
3.50000000     7.75000000     7.33197840  -113.47963225     1.00000000  -113.20759510  -113.40802990  -113.21928350  -113.45910470
3.50000000     8.00000000     7.55624721  -113.47915334     1.00000000  -113.20807450  -113.40847200  -113.21920550  -113.45887060
3.50000000     8.25000000     7.78208434  -113.47895778     1.00000000  -113.20801840  -113.40831160  -113.21914340  -113.45868640
3.50000000     8.50000000     8.00935712  -113.47880341     1.00000000  -113.20797270  -113.40818330  -113.21909360  -113.45854050
3.50000000     8.75000000     8.23794672  -113.47868095     1.00000000  -113.20793400  -113.40807850  -113.21905380  -113.45842400
3.50000000     9.00000000     8.46774651  -113.47858376     1.00000000  -113.20790000  -113.40799140  -113.21902210  -113.45833060
3.50000000     9.25000000     8.69866057  -113.47850666     1.00000000  -113.20786980  -113.40791800  -113.21899660  -113.45825540
3.50000000     9.50000000     8.93060247  -113.47844460     1.00000000  -113.20784280  -113.40785570  -113.21897600  -113.45819410
3.50000000     9.75000000     9.16349416  -113.47839474     1.00000000  -113.20781880  -113.40780240  -113.21895920  -113.45814400
3.50000000    10.00000000     9.39726503  -113.47835416     1.00000000  -113.20779760  -113.40775670  -113.21894520  -113.45810260
