1.80000000     1.50000000     2.13361192  -112.53717033     1.00000000  -111.99351340  -112.17513580  -112.16057340  -112.43321450
1.80000000     1.75000000     2.28221745  -113.11247966     1.00000000  -112.64578970  -112.83344960  -112.75730500  -113.03062140
1.80000000     2.00000000     2.44739313  -113.37136007     1.00000000  -112.95097490  -113.14364340  -113.03057440  -113.30365360
1.80000000     2.25000000     2.62601404  -113.47309246     1.00000000  -113.07880330  -113.27500920  -113.14241330  -113.41403450
1.80000000     2.50000000     2.81552240  -113.50090331     1.00000000  -113.12210040  -113.31868760  -113.17721480  -113.44646090
1.80000000     2.75000000     3.01386513  -113.49663695     1.00000000  -113.12622230  -113.32275230  -113.17780030  -113.44479240
1.80000000     3.00000000     3.21940983  -113.48064265     1.00000000  -113.11472280  -113.31131320  -113.16489210  -113.43031490
1.80000000     3.25000000     3.43086233  -113.46138952     1.00000000  -113.09780860  -113.29480370  -113.14750110  -113.41204300
1.80000000     3.50000000     3.64719522  -113.44178727     1.00000000  -113.07963540  -113.27717830  -113.12915310  -113.39317690
1.80000000     3.75000000     3.86758964  -113.42273039     1.00000000  -113.06194940  -113.25981630  -113.11129680  -113.37474500
1.80000000     4.00000000     4.09138928  -113.40464070     1.00000000  -113.04599820  -113.24335880  -113.09502600  -113.35722640
1.80000000     4.25000000     4.31806471  -113.38770331     1.00000000  -113.03407100  -113.22837530  -113.08235670  -113.34090480
1.80000000     4.50000000     4.54718589  -113.37245409     1.00000000  -113.03102960  -113.21661400  -113.07804860  -113.32676310
1.80000000     4.75000000     4.77840100  -113.36699146     1.00000000  -113.03538530  -113.21379560  -113.08182810  -113.32220690
1.80000000     5.00000000     5.01142024  -113.36772214     1.00000000  -113.04049170  -113.21558480  -113.08674050  -113.32330600
1.80000000     5.25000000     5.24600319  -113.36944288     1.00000000  -113.04458610  -113.21790400  -113.09073560  -113.32523660
1.80000000     5.50000000     5.48194911  -113.37094971     1.00000000  -113.04757920  -113.21977860  -113.09367110  -113.32687290
1.80000000     5.75000000     5.71908933  -113.37205381     1.00000000  -113.04968110  -113.22109880  -113.09574460  -113.32805400
1.80000000     6.00000000     5.95728121  -113.37279902     1.00000000  -113.05112410  -113.22196070  -113.09717920  -113.32884200
1.80000000     6.25000000     6.19640347  -113.37327679     1.00000000  -113.05210030  -113.22248900  -113.09815970  -113.32933970
1.80000000     6.50000000     6.43635243  -113.37356731     1.00000000  -113.05275310  -113.22278960  -113.09882530  -113.32963630
1.80000000     6.75000000     6.67703896  -113.37373249     1.00000000  -113.05318550  -113.22294290  -113.09927540  -113.32980010
1.80000000     7.00000000     6.91838608  -113.37381511     1.00000000  -113.05346980  -113.22300580  -113.09957870  -113.32987860
1.80000000     7.25000000     7.16032699  -113.37384360     1.00000000  -113.05365590  -113.22301710  -113.09978140  -113.32990350
1.80000000     7.50000000     7.40280347  -113.37383788     1.00000000  -113.05377800  -113.22300160  -113.09991500  -113.32989610
1.80000000     7.75000000     7.64576457  -113.37381089     1.00000000  -113.05385830  -113.22297420  -113.10000120  -113.32987000
1.80000000     8.00000000     7.88916551  -113.37377203     1.00000000  -113.05391090  -113.22294250  -113.10005520  -113.32983410
1.80000000     8.25000000     8.13296681  -113.37372877     1.00000000  -113.05394430  -113.22291000  -113.10008790  -113.32979480
1.80000000     8.50000000     8.37713351  -113.37368598     1.00000000  -113.05396400  -113.22287770  -113.10010710  -113.32975590
1.80000000     8.75000000     8.62163456  -113.37364704     1.00000000  -113.05397350  -113.22284570  -113.10011780  -113.32971980
1.80000000     9.00000000     8.86644230  -113.37361372     1.00000000  -113.05397540  -113.22281400  -113.10012370  -113.32968780
1.80000000     9.25000000     9.11153202  -113.37358625     1.00000000  -113.05397190  -113.22278280  -113.10012690  -113.32966010
1.80000000     9.50000000     9.35688155  -113.37356479     1.00000000  -113.05396490  -113.22275240  -113.10012870  -113.32963680
1.80000000     9.75000000     9.60247098  -113.37354854     1.00000000  -113.05395570  -113.22272330  -113.10012980  -113.32961750
1.80000000    10.00000000     9.84828237  -113.37353628     1.00000000  -113.05394550  -113.22269580  -113.10013060  -113.32960140


1.90000000     1.50000000     2.20685418  -112.65071457     1.00000000  -112.13255590  -112.31595920  -112.28130730  -112.55401790
1.90000000     1.75000000     2.34898693  -113.22319329     1.00000000  -112.77672850  -112.96638140  -112.87416450  -113.14741380
1.90000000     2.00000000     2.50804184  -113.48059838     1.00000000  -113.07733820  -113.27224110  -113.14552580  -113.41834470
1.90000000     2.25000000     2.68100878  -113.58159930     1.00000000  -113.20333310  -113.40096930  -113.25623200  -113.52734050
1.90000000     2.50000000     2.86536949  -113.60835975     1.00000000  -113.24424370  -113.44258880  -113.28988750  -113.55854830
1.90000000     2.75000000     3.05906465  -113.60303282     1.00000000  -113.24691690  -113.44512770  -113.28939630  -113.55569500
1.90000000     3.00000000     3.26043107  -113.58607940     1.00000000  -113.23434760  -113.43251990  -113.27559670  -113.54020040
1.90000000     3.25000000     3.46813278  -113.56610327     1.00000000  -113.21671410  -113.41521820  -113.25756460  -113.52118520
1.90000000     3.50000000     3.68109756  -113.54601347     1.00000000  -113.19805020  -113.39709260  -113.23876600  -113.50182730
1.90000000     3.75000000     3.89846296  -113.52661040     1.00000000  -113.17988990  -113.37937130  -113.22048360  -113.48304720
1.90000000     4.00000000     4.11953246  -113.50820064     1.00000000  -113.16309350  -113.36252110  -113.20348090  -113.46519640
1.90000000     4.25000000     4.34374055  -113.49102053     1.00000000  -113.14892870  -113.34692790  -113.18887730  -113.44854260
1.90000000     4.50000000     4.57062536  -113.47434691     1.00000000  -113.14077740  -113.33260710  -113.17967800  -113.43257720
1.90000000     4.75000000     4.79980733  -113.46230959     1.00000000  -113.14212800  -113.32419250  -113.18016270  -113.42175920
1.90000000     5.00000000     5.03097253  -113.46072743     1.00000000  -113.14654520  -113.32393880  -113.18430650  -113.42063030
1.90000000     5.25000000     5.26385969  -113.46179043     1.00000000  -113.15047750  -113.32565650  -113.18811190  -113.42191770
1.90000000     5.50000000     5.49825000  -113.46307721     1.00000000  -113.15344640  -113.32734170  -113.19101220  -113.42334240
1.90000000     5.75000000     5.73395913  -113.46410280     1.00000000  -113.15556530  -113.32860740  -113.19309810  -113.42445250
1.90000000     6.00000000     5.97083089  -113.46482215     1.00000000  -113.15703580  -113.32946310  -113.19455850  -113.42522130
1.90000000     6.25000000     6.20873222  -113.46529289     1.00000000  -113.15803910  -113.33000110  -113.19556600  -113.42571800
1.90000000     6.50000000     6.44754915  -113.46558362     1.00000000  -113.15871490  -113.33031570  -113.19625530  -113.42602000
1.90000000     6.75000000     6.68718358  -113.46575022     1.00000000  -113.15916540  -113.33048180  -113.19672440  -113.42618960
1.90000000     7.00000000     6.92755068  -113.46583374     1.00000000  -113.15946340  -113.33055500  -113.19704200  -113.42627260
1.90000000     7.25000000     7.16857676  -113.46586276     1.00000000  -113.15965990  -113.33057400  -113.19725510  -113.42630070
1.90000000     7.50000000     7.41019750  -113.46585606     1.00000000  -113.15978980  -113.33056410  -113.19739610  -113.42629470
1.90000000     7.75000000     7.65235658  -113.46582780     1.00000000  -113.15987630  -113.33054060  -113.19748770  -113.42626910
1.90000000     8.00000000     7.89500446  -113.46578785     1.00000000  -113.15993380  -113.33051170  -113.19754580  -113.42623340
1.90000000     8.25000000     8.13809742  -113.46574397     1.00000000  -113.15997140  -113.33048130  -113.19758180  -113.42619430
1.90000000     8.50000000     8.38159674  -113.46570076     1.00000000  -113.15999460  -113.33045070  -113.19760370  -113.42615560
1.90000000     8.75000000     8.62546799  -113.46566164     1.00000000  -113.16000710  -113.33042020  -113.19761670  -113.42611980
1.90000000     9.00000000     8.86968051  -113.46562806     1.00000000  -113.16001190  -113.33039000  -113.19762450  -113.42608800
1.90000000     9.25000000     9.11420685  -113.46560051     1.00000000  -113.16001100  -113.33036030  -113.19762920  -113.42606060
1.90000000     9.50000000     9.35902243  -113.46557837     1.00000000  -113.16000640  -113.33033160  -113.19763220  -113.42603730
1.90000000     9.75000000     9.60410511  -113.46556145     1.00000000  -113.15999960  -113.33030410  -113.19763410  -113.42601790
1.90000000    10.00000000     9.84943497  -113.46554844     1.00000000  -113.15999170  -113.33027840  -113.19763540  -113.42600170


2.00000000     1.50000000     2.28212860  -112.73113218     1.00000000  -112.23359390  -112.41862820  -112.36777370  -112.64043540
2.00000000     1.75000000     2.41804937  -113.30153383     1.00000000  -112.87128580  -113.06268780  -112.95766790  -113.23073390
2.00000000     2.00000000     2.57115044  -113.55780212     1.00000000  -113.16842740  -113.36501330  -113.22759840  -113.49995420
2.00000000     2.25000000     2.73855188  -113.65799553     1.00000000  -113.29227660  -113.49149720  -113.33719820  -113.60775370
2.00000000     2.50000000     2.91779338  -113.68385631     1.00000000  -113.33156660  -113.53149480  -113.36978330  -113.63786700
2.00000000     2.75000000     3.10682636  -113.67755347     1.00000000  -113.33297500  -113.53269370  -113.36830260  -113.63393560
2.00000000     3.00000000     3.30397062  -113.65972815     1.00000000  -113.31946400  -113.51903890  -113.35368840  -113.61751570
2.00000000     3.25000000     3.50785885  -113.63911322     1.00000000  -113.30121770  -113.50103360  -113.33509380  -113.59783860
2.00000000     3.50000000     3.71738154  -113.61863998     1.00000000  -113.28220370  -113.48251000  -113.31596280  -113.57808870
2.00000000     3.75000000     3.93163800  -113.59903911     1.00000000  -113.26380930  -113.46458600  -113.29746230  -113.55910650
2.00000000     4.00000000     4.14989508  -113.58051351     1.00000000  -113.24665420  -113.44759240  -113.28015080  -113.54113370
2.00000000     4.25000000     4.37155361  -113.56324226     1.00000000  -113.23145230  -113.43179260  -113.26468290  -113.52437170
2.00000000     4.50000000     4.59612150  -113.54708897     1.00000000  -113.21984770  -113.41724320  -113.25248140  -113.50871920
2.00000000     4.75000000     4.82319237  -113.52997421     1.00000000  -113.21637200  -113.40357910  -113.24796140  -113.49272050
2.00000000     5.00000000     5.05242877  -113.52386691     1.00000000  -113.21951210  -113.39949680  -113.25071990  -113.48730510
2.00000000     5.25000000     5.28354883  -113.52385646     1.00000000  -113.22316670  -113.40017670  -113.25422820  -113.48752730
2.00000000     5.50000000     5.51631581  -113.52482434     1.00000000  -113.22607660  -113.40155280  -113.25706750  -113.48863530
2.00000000     5.75000000     5.75052971  -113.52574818     1.00000000  -113.22819760  -113.40272300  -113.25915760  -113.48964560
2.00000000     6.00000000     5.98602069  -113.52643701     1.00000000  -113.22968780  -113.40355450  -113.26064080  -113.49038630
2.00000000     6.25000000     6.22264378  -113.52690098     1.00000000  -113.23071340  -113.40409400  -113.26167400  -113.49087960
2.00000000     6.50000000     6.46027456  -113.52719268     1.00000000  -113.23140930  -113.40441760  -113.26238640  -113.49118590
2.00000000     6.75000000     6.69880580  -113.52736276     1.00000000  -113.23187620  -113.40459400  -113.26287420  -113.49136180
2.00000000     7.00000000     6.93814464  -113.52744860     1.00000000  -113.23218700  -113.40467630  -113.26320590  -113.49144980
2.00000000     7.25000000     7.17821028  -113.52747865     1.00000000  -113.23239350  -113.40470260  -113.26342950  -113.49148130
2.00000000     7.50000000     7.41893218  -113.52747209     1.00000000  -113.23253130  -113.40469810  -113.26357810  -113.49147730
2.00000000     7.75000000     7.66024846  -113.52744348     1.00000000  -113.23262390  -113.40467860  -113.26367510  -113.49145280
2.00000000     8.00000000     7.90210468  -113.52740318     1.00000000  -113.23268630  -113.40465260  -113.26373740  -113.49141780
2.00000000     8.25000000     8.14445272  -113.52735892     1.00000000  -113.23272780  -113.40462430  -113.26377670  -113.49137910
2.00000000     8.50000000     8.38724996  -113.52731569     1.00000000  -113.23275430  -113.40459520  -113.26380130  -113.49134080
2.00000000     8.75000000     8.63045849  -113.52727643     1.00000000  -113.23276960  -113.40456610  -113.26381650  -113.49130530
2.00000000     9.00000000     8.87404449  -113.52724282     1.00000000  -113.23277680  -113.40453710  -113.26382610  -113.49127380
2.00000000     9.25000000     9.11797770  -113.52721504     1.00000000  -113.23277810  -113.40450870  -113.26383230  -113.49124660
2.00000000     9.50000000     9.36223100  -113.52719260     1.00000000  -113.23277560  -113.40448130  -113.26383630  -113.49122340
2.00000000     9.75000000     9.60677995  -113.52717487     1.00000000  -113.23277080  -113.40445540  -113.26383910  -113.49120390
2.00000000    10.00000000     9.85160255  -113.52716119     1.00000000  -113.23276470  -113.40443110  -113.26384100  -113.49118760


2.10000000     1.50000000     2.35924066  -112.78634116     1.00000000  -112.30567610  -112.49217620  -112.43017800  -112.70111910
2.10000000     1.75000000     2.48921391  -113.35561422     1.00000000  -112.93812260  -113.13104960  -113.01600470  -113.28882740
2.10000000     2.00000000     2.63654230  -113.61083613     1.00000000  -113.23256250  -113.43046870  -113.28480610  -113.55654870
2.10000000     2.25000000     2.79848615  -113.71024777     1.00000000  -113.35452680  -113.55508160  -113.39332610  -113.66327180
2.10000000     2.50000000     2.97265776  -113.73523722     1.00000000  -113.39234970  -113.59366220  -113.42485580  -113.69236310
2.10000000     2.75000000     3.15703398  -113.72800278     1.00000000  -113.39260250  -113.59364780  -113.42241830  -113.68741680
2.10000000     3.00000000     3.34993029  -113.70935452     1.00000000  -113.37823150  -113.57902810  -113.40702830  -113.67012650
2.10000000     3.25000000     3.54995808  -113.68814305     1.00000000  -113.35943280  -113.56037200  -113.38790810  -113.64983040
2.10000000     3.50000000     3.75597814  -113.66733617     1.00000000  -113.34014130  -113.54149840  -113.36850080  -113.62973540
2.10000000     3.75000000     3.96705700  -113.64761159     1.00000000  -113.32164150  -113.52344960  -113.34989030  -113.61062360
2.10000000     4.00000000     4.18242879  -113.62908627     1.00000000  -113.30439510  -113.50644950  -113.33249680  -113.59264610
2.10000000     4.25000000     4.40146340  -113.61186879     1.00000000  -113.28882760  -113.49065970  -113.31673060  -113.57592950
2.10000000     4.50000000     4.62364028  -113.59603613     1.00000000  -113.27571940  -113.47624940  -113.30329340  -113.56057250
2.10000000     4.75000000     4.84852749  -113.58009180     1.00000000  -113.26729630  -113.46210070  -113.29413980  -113.54517470
2.10000000     5.00000000     5.07576480  -113.56548141     1.00000000  -113.26756930  -113.45101910  -113.29379970  -113.53177160
2.10000000     5.25000000     5.30505021  -113.56333509     1.00000000  -113.27071180  -113.44965830  -113.29678090  -113.52988900
2.10000000     5.50000000     5.53612925  -113.56379677     1.00000000  -113.27351010  -113.45049690  -113.29951220  -113.53047880
2.10000000     5.75000000     5.76878640  -113.56456595     1.00000000  -113.27561560  -113.45150650  -113.30159370  -113.53133270
2.10000000     6.00000000     6.00283816  -113.56521120     1.00000000  -113.27711740  -113.45229130  -113.30309510  -113.53202930
2.10000000     6.25000000     6.23812755  -113.56566602     1.00000000  -113.27816120  -113.45282230  -113.30415200  -113.53251430
2.10000000     6.50000000     6.47451965  -113.56595945     1.00000000  -113.27887460  -113.45314990  -113.30488630  -113.53282370
2.10000000     6.75000000     6.71189796  -113.56613317     1.00000000  -113.27935650  -113.45333420  -113.30539220  -113.53300520
2.10000000     7.00000000     6.95016141  -113.56622288     1.00000000  -113.27967950  -113.45342450  -113.30573790  -113.53309880
2.10000000     7.25000000     7.18922200  -113.56625499     1.00000000  -113.27989570  -113.45345750  -113.30597180  -113.53313410
2.10000000     7.50000000     7.42900279  -113.56624964     1.00000000  -113.28004110  -113.45345840  -113.30612800  -113.53313280
2.10000000     7.75000000     7.66943621  -113.56622149     1.00000000  -113.28013980  -113.45344280  -113.30623060  -113.53310990
2.10000000     8.00000000     7.91046277  -113.56618151     1.00000000  -113.28020700  -113.45341970  -113.30629700  -113.53307600
2.10000000     8.25000000     8.15202985  -113.56613736     1.00000000  -113.28025220  -113.45339340  -113.30633960  -113.53303800
2.10000000     8.50000000     8.39409078  -113.56609437     1.00000000  -113.28028170  -113.45336580  -113.30636680  -113.53300030
2.10000000     8.75000000     8.63660405  -113.56605537     1.00000000  -113.28029940  -113.45333780  -113.30638420  -113.53296530
2.10000000     9.00000000     8.87953258  -113.56602177     1.00000000  -113.28030860  -113.45330980  -113.30639550  -113.53293410
2.10000000     9.25000000     9.12284321  -113.56599387     1.00000000  -113.28031180  -113.45328240  -113.30640310  -113.53290710
2.10000000     9.50000000     9.36650616  -113.56597110     1.00000000  -113.28031090  -113.45325610  -113.30640820  -113.53288400
2.10000000     9.75000000     9.61049463  -113.56595298     1.00000000  -113.28030770  -113.45323130  -113.30641170  -113.53286450
2.10000000    10.00000000     9.85478445  -113.56593850     1.00000000  -113.28030310  -113.45320820  -113.30641420  -113.53284800


2.20000000     1.50000000     2.43801600  -112.82420823     1.00000000  -112.35588060  -112.54367880  -112.47000690  -112.74232060
2.20000000     1.75000000     2.56230541  -113.39128246     1.00000000  -112.98399170  -113.17825300  -113.05537870  -113.32780980
2.20000000     2.00000000     2.70405178  -113.64578935     1.00000000  -113.27635370  -113.47522260  -113.32336670  -113.59435120
2.20000000     2.25000000     2.86066129  -113.74441741     1.00000000  -113.39661960  -113.59822560  -113.43080540  -113.70006560
2.20000000     2.50000000     3.02983004  -113.76853683     1.00000000  -113.43304690  -113.63553180  -113.46124460  -113.72817280
2.20000000     2.75000000     3.20957272  -113.76037179     1.00000000  -113.43218630  -113.63437970  -113.45783320  -113.72223180
2.20000000     3.00000000     3.39821189  -113.74091722     1.00000000  -113.41699500  -113.61884360  -113.44167460  -113.70409520
2.20000000     3.25000000     3.59434710  -113.71912684     1.00000000  -113.39766980  -113.59955960  -113.42203690  -113.68319750
2.20000000     3.50000000     3.79681683  -113.69799929     1.00000000  -113.37812660  -113.58035220  -113.40236960  -113.66277070
2.20000000     3.75000000     4.00466042  -113.67817720     1.00000000  -113.35957640  -113.56220610  -113.38369450  -113.64355500
2.20000000     4.00000000     4.21708336  -113.65970476     1.00000000  -113.34236940  -113.54526000  -113.36633040  -113.62562560
2.20000000     4.25000000     4.43342746  -113.64262444     1.00000000  -113.32676940  -113.52959290  -113.35054600  -113.60904010
2.20000000     4.50000000     4.65314583  -113.62703530     1.00000000  -113.31320000  -113.51535840  -113.33674330  -113.59391470
2.20000000     4.75000000     4.87578231  -113.61278180     1.00000000  -113.30246390  -113.50248790  -113.32565000  -113.58011410
2.20000000     5.00000000     5.10095482  -113.59468507     1.00000000  -113.29746490  -113.48733700  -113.31999300  -113.56299590
2.20000000     5.25000000     5.32834187  -113.58639716     1.00000000  -113.29938990  -113.48073670  -113.32172160  -113.55529540
2.20000000     5.50000000     5.55767164  -113.58585707     1.00000000  -113.30197390  -113.48050390  -113.32424870  -113.55485870
2.20000000     5.75000000     5.78871325  -113.58637948     1.00000000  -113.30403700  -113.48122320  -113.32629790  -113.55545090
2.20000000     6.00000000     6.02126964  -113.58695240     1.00000000  -113.30554030  -113.48192220  -113.32780940  -113.55607120
2.20000000     6.25000000     6.25517187  -113.58738910     1.00000000  -113.30659730  -113.48243020  -113.32888630  -113.55653710
2.20000000     6.50000000     6.49027443  -113.58768190     1.00000000  -113.30732570  -113.48275660  -113.32964080  -113.55684630
2.20000000     6.75000000     6.72645145  -113.58785920     1.00000000  -113.30782110  -113.48294610  -113.33016370  -113.55703240
2.20000000     7.00000000     6.96359362  -113.58795295     1.00000000  -113.30815540  -113.48304240  -113.33052280  -113.55713100
2.20000000     7.25000000     7.20160559  -113.58798824     1.00000000  -113.30838080  -113.48308150  -113.33076670  -113.55717060


2.30000000     1.50000000     2.51829855  -112.84711113     1.00000000  -112.38875130  -112.57878620  -112.49941100  -112.76950660
2.30000000     1.75000000     2.63716366  -113.41364761     1.00000000  -113.01457970  -113.20975510  -113.08150520  -113.35293770
2.30000000     2.00000000     2.77352425  -113.66734754     1.00000000  -113.30494620  -113.50443890  -113.34807160  -113.61816960
2.30000000     2.25000000     2.92493442  -113.76516295     1.00000000  -113.42364960  -113.62600730  -113.45441720  -113.72290040
2.30000000     2.50000000     3.08918209  -113.78839292     1.00000000  -113.45869430  -113.66213390  -113.48369550  -113.75003450
2.30000000     2.75000000     3.26433003  -113.77926164     1.00000000  -113.45669910  -113.65987660  -113.47924400  -113.74308240
2.30000000     3.00000000     3.44871790  -113.75898766     1.00000000  -113.44068780  -113.64343470  -113.46229340  -113.72409230
2.30000000     3.25000000     3.64094215  -113.73661499     1.00000000  -113.42083490  -113.62352800  -113.44212570  -113.70259180
2.30000000     3.50000000     3.83982608  -113.71515913     1.00000000  -113.40103520  -113.60398040  -113.42218910  -113.68182600
2.30000000     3.75000000     4.04438734  -113.69523600     1.00000000  -113.38244380  -113.58573370  -113.40345640  -113.66250320
2.30000000     4.00000000     4.25380695  -113.67682707     1.00000000  -113.36532660  -113.56885760  -113.38616640  -113.64463410
2.30000000     4.25000000     4.46740172  -113.65991622     1.00000000  -113.34984360  -113.55335690  -113.37049370  -113.62821340
2.30000000     4.50000000     4.68460059  -113.64457861     1.00000000  -113.33625820  -113.53934390  -113.35670100  -113.61333030
2.30000000     4.75000000     4.90492480  -113.63088489     1.00000000  -113.32494850  -113.52693310  -113.34515400  -113.60006990
2.30000000     5.00000000     5.12797152  -113.61835767     1.00000000  -113.31655130  -113.51569810  -113.33645240  -113.58796780
2.30000000     5.25000000     5.35340046  -113.59904604     1.00000000  -113.31423110  -113.49985650  -113.33379130  -113.56986810
2.30000000     5.50000000     5.58092296  -113.59566693     1.00000000  -113.31630660  -113.49665680  -113.33583560  -113.56654930
2.30000000     5.75000000     5.81029308  -113.59568290     1.00000000  -113.31827490  -113.49677430  -113.33780500  -113.56660230
2.30000000     6.00000000     6.04130038  -113.59612518     1.00000000  -113.31976380  -113.49730600  -113.33931240  -113.56707990
2.30000000     6.25000000     6.27376401  -113.59652714     1.00000000  -113.32082750  -113.49776470  -113.34040360  -113.56750670
2.30000000     6.50000000     6.50752791  -113.59681208     1.00000000  -113.32156760  -113.49807910  -113.34117520  -113.56780720
2.30000000     6.75000000     6.74245683  -113.59699127     1.00000000  -113.32207470  -113.49826930  -113.34171350  -113.56799520
2.30000000     7.00000000     6.97843311  -113.59708805     1.00000000  -113.32241930  -113.49837070  -113.34208490  -113.56809780
2.30000000     7.25000000     7.21535400  -113.59712613     1.00000000  -113.32265330  -113.49841500  -113.34233810  -113.56814110
2.30000000     7.50000000     7.45312940  -113.59712491     1.00000000  -113.32281310  -113.49842550  -113.34250870  -113.56814580
2.30000000     7.75000000     7.69168008  -113.59709951     1.00000000  -113.32292320  -113.49841750  -113.34262200  -113.56812720


2.40000000     1.50000000     2.59994868  -112.86150826     1.00000000  -112.41111590  -112.60152900  -112.51662770  -112.78620620
2.40000000     1.75000000     2.71364244  -113.42636244     1.00000000  -113.03383350  -113.22935040  -113.09717550  -113.36768000
2.40000000     2.00000000     2.84481590  -113.67911339     1.00000000  -113.32232740  -113.52215060  -113.36260400  -113.63171910
2.40000000     2.25000000     2.99117029  -113.77607116     1.00000000  -113.43958190  -113.64239200  -113.46785460  -113.73546120
2.40000000     2.50000000     3.15059072  -113.79837799     1.00000000  -113.47322790  -113.67739580  -113.49589060  -113.76161300
2.40000000     2.75000000     3.32119618  -113.78821929     1.00000000  -113.47001520  -113.67403120  -113.49028090  -113.75360600
2.40000000     3.00000000     3.50135206  -113.76707528     1.00000000  -113.45314350  -113.65666010  -113.47248200  -113.73372030
2.40000000     3.25000000     3.68965966  -113.74410029     1.00000000  -113.43274010  -113.63611620  -113.45175470  -113.71159870
2.40000000     3.50000000     3.88493380  -113.72229614     1.00000000  -113.41265960  -113.61620810  -113.43152360  -113.69047430
2.40000000     3.75000000     4.08617582  -113.70225131     1.00000000  -113.39400890  -113.59784020  -113.41271700  -113.67102460
2.40000000     4.00000000     4.29254645  -113.68389377     1.00000000  -113.37698590  -113.58102180  -113.39550690  -113.65320430
2.40000000     4.25000000     4.50334067  -113.66715099     1.00000000  -113.36167490  -113.56569480  -113.37999660  -113.63694990
2.40000000     4.50000000     4.71796560  -113.65206352     1.00000000  -113.34825090  -113.55192190  -113.36636980  -113.62231190
2.40000000     4.75000000     4.93592155  -113.63873009     1.00000000  -113.33695110  -113.53982400  -113.35486710  -113.60939800
2.40000000     5.00000000     5.15678618  -113.62720486     1.00000000  -113.32799760  -113.52945940  -113.34572410  -113.59826620
2.40000000     5.25000000     5.38020129  -113.61703655     1.00000000  -113.32159440  -113.52038470  -113.33915550  -113.58846990
2.40000000     5.50000000     5.60586194  -113.59745780     1.00000000  -113.32034350  -113.50378750  -113.33786550  -113.56996410
2.40000000     5.75000000     5.83350755  -113.59602888     1.00000000  -113.32206760  -113.50209390  -113.33962220  -113.56844470
2.40000000     6.00000000     6.06291452  -113.59618610     1.00000000  -113.32351060  -113.50224610  -113.34109740  -113.56860500
2.40000000     6.25000000     6.29389027  -113.59651179     1.00000000  -113.32457010  -113.50259660  -113.34219290  -113.56894510
2.40000000     6.50000000     6.52626822  -113.59677783     1.00000000  -113.32531710  -113.50287830  -113.34297690  -113.56922240
2.40000000     6.75000000     6.75990377  -113.59695349     1.00000000  -113.32583340  -113.50306080  -113.34352800  -113.56940580
2.40000000     7.00000000     6.99467092  -113.59705053     1.00000000  -113.32618680  -113.50316310  -113.34391020  -113.56950910
2.40000000     7.25000000     7.23045942  -113.59709105     1.00000000  -113.32642850  -113.50321070  -113.34417190  -113.56955520
2.40000000     7.50000000     7.46717253  -113.59709189     1.00000000  -113.32659480  -113.50322500  -113.34434880  -113.56956250


2.50000000     1.50000000     2.68284153  -112.86869503     1.00000000  -112.42403340  -112.61540120  -112.52640540  -112.79544590
2.50000000     1.75000000     2.79160858  -113.43313102     1.00000000  -113.04475850  -113.24041130  -113.10326890  -113.37517290
2.50000000     2.00000000     2.91779338  -113.68385615     1.00000000  -113.33156660  -113.53149480  -113.36978330  -113.63786690
2.50000000     2.25000000     3.05924141  -113.77990028     1.00000000  -113.44748320  -113.65047300  -113.47396050  -113.74059610
2.50000000     2.50000000     3.21393805  -113.80124180     1.00000000  -113.47972690  -113.68437520  -113.50069990  -113.76574000
2.50000000     2.75000000     3.38006473  -113.78999012     1.00000000  -113.47515940  -113.67988940  -113.49376500  -113.75662790
2.50000000     3.00000000     3.55601987  -113.76788537     1.00000000  -113.45733940  -113.66152460  -113.47502020  -113.73576490
2.50000000     3.25000000     3.74041670  -113.74427167     1.00000000  -113.43634270  -113.64030880  -113.45368720  -113.71298660
2.50000000     3.50000000     3.93206776  -113.72209078     1.00000000  -113.41594440  -113.62001090  -113.43312520  -113.69147550
2.50000000     3.75000000     4.12996328  -113.70189429     1.00000000  -113.39720090  -113.60149090  -113.41421450  -113.67186960
2.50000000     4.00000000     4.33324779  -113.68356045     1.00000000  -113.38025150  -113.58470440  -113.39706750  -113.65407210
2.50000000     4.25000000     4.54119766  -113.66696839     1.00000000  -113.36511890  -113.56953470  -113.38172780  -113.63796760
2.50000000     4.50000000     4.75320061  -113.65211642     1.00000000  -113.35191630  -113.55599560  -113.36832250  -113.62356270
2.50000000     4.75000000     4.96873785  -113.63908690     1.00000000  -113.34081530  -113.54418130  -113.35703110  -113.61094560
2.50000000     5.00000000     5.18736885  -113.62798071     1.00000000  -113.33194780  -113.53418090  -113.34800460  -113.60021610


2.60000000     1.50000000     2.76686541  -112.87209949     1.00000000  -112.43111180  -112.62277420  -112.52710840  -112.79909750
2.60000000     1.75000000     2.87094089  -113.43412397     1.00000000  -113.04971740  -113.24538780  -113.10539950  -113.37718300
2.60000000     2.00000000     2.99233336  -113.68368134     1.00000000  -113.33500080  -113.53488800  -113.37174840  -113.63880360
2.60000000     2.25000000     3.12902802  -113.77878228     1.00000000  -113.44969590  -113.65265400  -113.47489920  -113.74051040
2.60000000     2.50000000     3.27911172  -113.79909927     1.00000000  -113.48058770  -113.68544560  -113.50035650  -113.76460120
2.60000000     2.75000000     3.44083290  -113.78672007     1.00000000  -113.47450510  -113.67983140  -113.49190980  -113.75435610
2.60000000     3.00000000     3.61262902  -113.76351782     1.00000000  -113.45558760  -113.66037020  -113.47206310  -113.73239130
2.60000000     3.25000000     3.79313140  -113.73919809     1.00000000  -113.43393230  -113.63842160  -113.45005860  -113.70889190
2.60000000     3.50000000     3.98115601  -113.71660418     1.00000000  -113.41317050  -113.61769680  -113.42912120  -113.68695820
2.60000000     3.75000000     4.17568683  -113.69622129     1.00000000  -113.39429250  -113.59898880  -113.41006780  -113.66716180
2.60000000     4.00000000     4.37585625  -113.67788253     1.00000000  -113.37738310  -113.58220120  -113.39295420  -113.64935780
2.60000000     4.25000000     4.58092515  -113.66141239     1.00000000  -113.36241020  -113.56716210  -113.37777000  -113.63337600
2.60000000     4.50000000     4.79026436  -113.64677275     1.00000000  -113.34943610  -113.55383650  -113.36459400  -113.61918240
2.60000000     4.75000000     5.00333789  -113.63401527     1.00000000  -113.33858560  -113.54228310  -113.35356120  -113.60683310
2.60000000     5.00000000     5.21968844  -113.62322696     1.00000000  -113.32994890  -113.53257200  -113.34477990  -113.59641200
2.60000000     5.25000000     5.43892496  -113.61445686     1.00000000  -113.32347480  -113.52472060  -113.33822440  -113.58796080
2.60000000     5.50000000     5.66071216  -113.60751611     1.00000000  -113.31891090  -113.51862350  -113.33367480  -113.58132570
2.60000000     5.75000000     5.88476163  -113.60206971     1.00000000  -113.31588340  -113.51389680  -113.33080880  -113.57616170
2.60000000     6.00000000     6.11082456  -113.59882021     1.00000000  -113.31404520  -113.51036380  -113.32912580  -113.57283370
2.60000000     6.25000000     6.33868553  -113.59679541     1.00000000  -113.31293500  -113.50817920  -113.32811010  -113.57076570
2.60000000     6.50000000     6.56815740  -113.59547795     1.00000000  -113.31222920  -113.50676320  -113.32747670  -113.56942370
2.60000000     6.75000000     6.79907707  -113.59459441     1.00000000  -113.31176290  -113.50580640  -113.32706810  -113.56852250
2.60000000     7.00000000     7.03130189  -113.59397866     1.00000000  -113.31144540  -113.50513860  -113.32679430  -113.56789460
2.60000000     7.25000000     7.26470672  -113.59353423     1.00000000  -113.31122440  -113.50466090  -113.32660320  -113.56744270
2.60000000     7.50000000     7.49918136  -113.59320272     1.00000000  -113.31106800  -113.50431370  -113.32646450  -113.56710820
2.60000000     7.75000000     7.73462853  -113.59294851     1.00000000  -113.31095550  -113.50405710  -113.32636050  -113.56685440
2.60000000     8.00000000     7.97096204  -113.59275238     1.00000000  -113.31087300  -113.50386430  -113.32628090  -113.56665990
2.60000000     8.25000000     8.20810533  -113.59259876     1.00000000  -113.31081050  -113.50371650  -113.32621930  -113.56650850
2.60000000     8.50000000     8.44599021  -113.59247842     1.00000000  -113.31076140  -113.50360080  -113.32617140  -113.56639000
2.60000000     8.75000000     8.68455571  -113.59238384     1.00000000  -113.31072130  -113.50350820  -113.32613380  -113.56629650
2.60000000     9.00000000     8.92374727  -113.59231069     1.00000000  -113.31068760  -113.50343260  -113.32610430  -113.56622310
2.60000000     9.25000000     9.16351585  -113.59225064     1.00000000  -113.31065880  -113.50336990  -113.32608090  -113.56616290
2.60000000     9.50000000     9.40381731  -113.59220410     1.00000000  -113.31063390  -113.50331730  -113.32606210  -113.56611510
2.60000000     9.75000000     9.64461183  -113.59216676     1.00000000  -113.31061250  -113.50327280  -113.32604680  -113.56607610
2.60000000    10.00000000     9.88586338  -113.59213637     1.00000000  -113.31059400  -113.50323490  -113.32603420  -113.56604390


2.70000000     1.50000000     2.85192036  -112.87087221     1.00000000  -112.43264290  -112.62584900  -112.52730660  -112.79934360
2.70000000     1.75000000     2.95152922  -113.43044638     1.00000000  -113.04626750  -113.24612260  -113.10390130  -113.37567200
2.70000000     2.00000000     3.06832197  -113.68017677     1.00000000  -113.33438350  -113.53416170  -113.37010000  -113.63618400
2.70000000     2.25000000     3.20041789  -113.77433884     1.00000000  -113.44797670  -113.65077860  -113.47229010  -113.73688700
2.70000000     2.50000000     3.34600502  -113.79359459     1.00000000  -113.47763400  -113.68245050  -113.49655840  -113.75989530
2.70000000     2.75000000     3.50340186  -113.78005620     1.00000000  -113.46993340  -113.67569610  -113.48647780  -113.74849050
2.70000000     3.00000000     3.67108969  -113.75560958     1.00000000  -113.44968890  -113.65502810  -113.46529240  -113.72528990
2.70000000     3.25000000     3.84772329  -113.73048438     1.00000000  -113.42727910  -113.63224970  -113.44252200  -113.70097160
2.70000000     3.50000000     4.03212716  -113.70743278     1.00000000  -113.40609970  -113.61105120  -113.42115610  -113.67857040
2.70000000     3.75000000     4.22328360  -113.68682572     1.00000000  -113.38704150  -113.59211640  -113.40191630  -113.65854600
2.70000000     4.00000000     4.42031666  -113.66844441     1.00000000  -113.37013150  -113.57529120  -113.38479910  -113.64069910
2.70000000     4.25000000     4.62247491  -113.65206814     1.00000000  -113.35528740  -113.56035060  -113.36974280  -113.62481120
2.70000000     4.50000000     4.82911475  -113.63761206     1.00000000  -113.34252440  -113.54721130  -113.35678070  -113.61080120
2.70000000     4.75000000     5.03968493  -113.62509888     1.00000000  -113.33192450  -113.53589320  -113.34600660  -113.59869290
2.70000000     5.00000000     5.25371290  -113.61458823     1.00000000  -113.32354020  -113.52643780  -113.33748910  -113.58854210
2.70000000     5.25000000     5.47079283  -113.60610719     1.00000000  -113.31728920  -113.51883980  -113.33116680  -113.58036760
2.70000000     5.50000000     5.69057547  -113.59946074     1.00000000  -113.31289880  -113.51298300  -113.32679250  -113.57400660
2.70000000     5.75000000     5.91275943  -113.59373308     1.00000000  -113.30929200  -113.50870840  -113.32405610  -113.56892500
2.70000000     6.00000000     6.13708392  -113.59392209     1.00000000  -113.30111000  -113.49650920  -113.32250310  -113.56566530
2.70000000     6.25000000     6.36332256  -113.58953842     1.00000000  -113.30607940  -113.50125690  -113.32158470  -113.56367760
2.70000000     6.50000000     6.59127825  -113.58808793     1.00000000  -113.30590960  -113.50042790  -113.32101610  -113.56239040
2.70000000     6.75000000     6.82077884  -113.58708329     1.00000000  -113.30578240  -113.49990210  -113.32064820  -113.56152140
2.70000000     7.00000000     7.05167348  -113.58638591     1.00000000  -113.30567370  -113.49951170  -113.32039900  -113.56091300
2.70000000     7.25000000     7.28382961  -113.58588807     1.00000000  -113.30557960  -113.49920730  -113.32022230  -113.56047210
2.70000000     7.50000000     7.51713036  -113.58552204     1.00000000  -113.30549890  -113.49896730  -113.32009210  -113.56014380
2.70000000     7.75000000     7.75147236  -113.58524610     1.00000000  -113.30543010  -113.49877560  -113.31999310  -113.55989350
2.70000000     8.00000000     7.98676397  -113.58503688     1.00000000  -113.30537140  -113.49862110  -113.31991660  -113.55970120
2.70000000     8.25000000     8.22292367  -113.58487566     1.00000000  -113.30532050  -113.49849520  -113.31985690  -113.55955130
2.70000000     8.50000000     8.45987876  -113.58475214     1.00000000  -113.30527570  -113.49839100  -113.31981020  -113.55943440
2.70000000     8.75000000     8.69756423  -113.58465568     1.00000000  -113.30523560  -113.49830280  -113.31977360  -113.55934140
2.70000000     9.00000000     8.93592181  -113.58458029     1.00000000  -113.30519960  -113.49822860  -113.31974480  -113.55926750
2.70000000     9.25000000     9.17489910  -113.58452032     1.00000000  -113.30516730  -113.49816500  -113.31972180  -113.55920760
2.70000000     9.50000000     9.41444892  -113.58447379     1.00000000  -113.30513860  -113.49811040  -113.31970340  -113.55915970
2.70000000     9.75000000     9.65452865  -113.58443677     1.00000000  -113.30511330  -113.49806330  -113.31968840  -113.55912060
2.70000000    10.00000000     9.89509972  -113.58440704     1.00000000  -113.30509120  -113.49802270  -113.31967590  -113.55908840


2.80000000     1.50000000     2.93791683  -112.86774126     1.00000000  -112.43482080  -112.62556220  -112.52826670  -112.79711140
2.80000000     1.75000000     3.03327346  -113.42588232     1.00000000  -113.04832960  -113.24395570  -113.10485380  -113.37183720
2.80000000     2.00000000     3.14565421  -113.67450611     1.00000000  -113.33100870  -113.53067330  -113.36601600  -113.63122590
2.80000000     2.25000000     3.27330612  -113.76776776     1.00000000  -113.44361890  -113.64622610  -113.46732200  -113.73097500
2.80000000     2.50000000     3.41451688  -113.78599680     1.00000000  -113.47219710  -113.67681810  -113.49053900  -113.75293520
2.80000000     2.75000000     3.56767684  -113.77123274     1.00000000  -113.46293230  -113.66887540  -113.47887510  -113.74031120
2.80000000     3.00000000     3.73131486  -113.74546078     1.00000000  -113.44106070  -113.64694100  -113.45603670  -113.71579980
2.80000000     3.25000000     3.90411362  -113.71937433     1.00000000  -113.41775100  -113.62318650  -113.43235860  -113.69051130
2.80000000     3.50000000     4.08491074  -113.69580703     1.00000000  -113.39608920  -113.60145250  -113.41050040  -113.66758370
2.80000000     3.75000000     4.27269099  -113.67493495     1.00000000  -113.37680190  -113.58224840  -113.39102660  -113.64729030
2.80000000     4.00000000     4.46657372  -113.65647409     1.00000000  -113.35984820  -113.56534770  -113.37386470  -113.62936370
2.80000000     4.25000000     4.66579826  -113.64015679     1.00000000  -113.34509600  -113.55047110  -113.35890190  -113.61353550
2.80000000     4.50000000     4.86970902  -113.62585794     1.00000000  -113.33251540  -113.53748770  -113.34612730  -113.59968180
2.80000000     4.75000000     5.07774147  -113.61356023     1.00000000  -113.32214610  -113.52637740  -113.33559250  -113.58778640
2.80000000     5.00000000     5.28940933  -113.60329837     1.00000000  -113.31400010  -113.51714930  -113.32732440  -113.57787730
2.80000000     5.25000000     5.50429320  -113.59507143     1.00000000  -113.30796010  -113.50977370  -113.32122230  -113.56994600
2.80000000     5.50000000     5.72203077  -113.58869218     1.00000000  -113.30372900  -113.50411700  -113.31700720  -113.56382730
2.80000000     5.75000000     5.94230836  -113.58307518     1.00000000  -113.30066180  -113.50006380  -113.31436350  -113.55882850
2.80000000     6.00000000     6.16485371  -113.57991244     1.00000000  -113.29812400  -113.49629160  -113.31290320  -113.55560450
2.80000000     6.25000000     6.38942985  -113.57883574     1.00000000  -113.29730590  -113.49284790  -113.31205050  -113.55368200
2.80000000     6.50000000     6.61582998  -113.57745946     1.00000000  -113.29711840  -113.49199050  -113.31152350  -113.55244100
2.80000000     6.75000000     6.84387309  -113.57650242     1.00000000  -113.29697880  -113.49144480  -113.31118120  -113.55160090
2.80000000     7.00000000     7.07340027  -113.57583560     1.00000000  -113.29686110  -113.49103890  -113.31094760  -113.55101010
2.80000000     7.25000000     7.30427163  -113.57535689     1.00000000  -113.29676020  -113.49072330  -113.31078040  -113.55057980
2.80000000     7.50000000     7.53636362  -113.57500350     1.00000000  -113.29667410  -113.49047460  -113.31065600  -113.55025810
2.80000000     7.75000000     7.76956685  -113.57473714     1.00000000  -113.29660090  -113.49027590  -113.31056070  -113.55001260
2.80000000     8.00000000     8.00378421  -113.57453224     1.00000000  -113.29653830  -113.49011560  -113.31048660  -113.54982190
2.80000000     8.25000000     8.23892919  -113.57437627     1.00000000  -113.29648400  -113.48998470  -113.31042850  -113.54967430
2.80000000     8.50000000     8.47492459  -113.57425444     1.00000000  -113.29643610  -113.48987630  -113.31038300  -113.54955760
2.80000000     8.75000000     8.71170129  -113.57415982     1.00000000  -113.29639330  -113.48978530  -113.31034730  -113.54946530
2.80000000     9.00000000     8.94919727  -113.57408650     1.00000000  -113.29635490  -113.48970730  -113.31031910  -113.54939180
2.80000000     9.25000000     9.18735677  -113.57402749     1.00000000  -113.29632050  -113.48964120  -113.31029660  -113.54933200
2.80000000     9.50000000     9.42612948  -113.57398181     1.00000000  -113.29629000  -113.48958450  -113.31027850  -113.54928420
2.80000000     9.75000000     9.66546996  -113.57394532     1.00000000  -113.29626330  -113.48953580  -113.31026370  -113.54924510
2.80000000    10.00000000     9.90533705  -113.57391587     1.00000000  -113.29623990  -113.48949380  -113.31025140  -113.54921280


2.90000000     1.50000000     3.02477451  -112.86216200     1.00000000  -112.42951850  -112.62319370  -112.52482570  -112.79322140
2.90000000     1.75000000     3.11608264  -113.41984506     1.00000000  -113.04421540  -113.23986790  -113.10008810  -113.36644200
2.90000000     2.00000000     3.22423342  -113.66749913     1.00000000  -113.32581360  -113.52540310  -113.36034580  -113.62480150
2.90000000     2.25000000     3.34759485  -113.75992487     1.00000000  -113.43755890  -113.63999230  -113.46085300  -113.72367010
2.90000000     2.50000000     3.48455183  -113.77722370     1.00000000  -113.46521500  -113.66960070  -113.48316100  -113.74467690
2.90000000     2.75000000     3.63356733  -113.76120757     1.00000000  -113.45460100  -113.66044380  -113.47013710  -113.73080940
2.90000000     3.00000000     3.79322049  -113.73410665     1.00000000  -113.43085000  -113.63723800  -113.44537800  -113.70498090
2.90000000     3.25000000     3.96222562  -113.70683989     1.00000000  -113.40640840  -113.61231590  -113.42056470  -113.67851430
2.90000000     3.50000000     4.13943740  -113.68267514     1.00000000  -113.38418230  -113.58996020  -113.39813340  -113.65497740
2.90000000     3.75000000     4.32384691  -113.66149276     1.00000000  -113.36461380  -113.57044250  -113.37837350  -113.63437030
2.90000000     4.00000000     4.51457221  -113.64291377     1.00000000  -113.34757190  -113.55342730  -113.36112350  -113.61632560
2.90000000     4.25000000     4.71084625  -113.62662157     1.00000000  -113.33287210  -113.53857860  -113.34621690  -113.60052290
2.90000000     4.50000000     4.91200393  -113.61244844     1.00000000  -113.32044060  -113.52571950  -113.33359790  -113.58679430
2.90000000     4.75000000     5.11746937  -113.60034228     1.00000000  -113.31027390  -113.51478850  -113.32327540  -113.57508650
2.90000000     5.00000000     5.32674411  -113.59030172     1.00000000  -113.30234200  -113.50576170  -113.31523260  -113.56539230
2.90000000     5.25000000     5.53939645  -113.58230283     1.00000000  -113.29649030  -113.49858190  -113.30932800  -113.55767810
2.90000000     5.50000000     5.75505197  -113.57616448     1.00000000  -113.29239800  -113.49310020  -113.30525180  -113.55177610
2.90000000     5.75000000     5.97338541  -113.57077594     1.00000000  -113.28965010  -113.48901020  -113.30267070  -113.54687300
2.90000000     6.00000000     6.19411361  -113.56773443     1.00000000  -113.28797580  -113.48534480  -113.30128100  -113.54365120


3.00000000     1.50000000     3.11242131  -112.85793961     1.00000000  -112.42837560  -112.61936300  -112.52146720  -112.78869620
3.00000000     1.75000000     3.19987408  -113.41295895     1.00000000  -113.03879960  -113.23453610  -113.09423700  -113.36008350
3.00000000     2.00000000     3.30397062  -113.65972815     1.00000000  -113.31946400  -113.51903890  -113.35368840  -113.61751570
3.00000000     2.25000000     3.42319290  -113.75139816     1.00000000  -113.43046300  -113.63277850  -113.45349080  -113.71559330
3.00000000     2.50000000     3.55601987  -113.76788553     1.00000000  -113.45733940  -113.66152460  -113.47502020  -113.73576500
3.00000000     2.75000000     3.70098704  -113.75074405     1.00000000  -113.44563920  -113.65125070  -113.46090290  -113.72077080
3.00000000     3.00000000     3.85672566  -113.72228636     1.00000000  -113.42002100  -113.62674510  -113.43423950  -113.69359820
3.00000000     3.25000000     4.02198465  -113.69364743     1.00000000  -113.39408340  -113.60049670  -113.40792260  -113.66577330
3.00000000     3.50000000     4.19563920  -113.66876454     1.00000000  -113.37118010  -113.57739260  -113.38480820  -113.64150490
3.00000000     3.75000000     4.37669007  -113.64722032     1.00000000  -113.35127260  -113.55750600  -113.36470390  -113.62053130


3.10000000     1.50000000     3.20079239  -112.85187233     1.00000000  -112.42343570  -112.61459200  -112.51598990  -112.78304000
3.10000000     1.75000000     3.28457262  -113.40559026     1.00000000  -113.03255110  -113.22842830  -113.08770590  -113.35315590
3.10000000     2.00000000     3.38478398  -113.65157197     1.00000000  -113.31242220  -113.51204920  -113.34645440  -113.60977260
3.10000000     2.25000000     3.50001542  -113.74257920     1.00000000  -113.42279530  -113.62506000  -113.44565430  -113.70716020
3.10000000     2.50000000     3.62883635  -113.75837082     1.00000000  -113.44901990  -113.65306860  -113.46652530  -113.72661510
3.10000000     2.75000000     3.76985392  -113.74031038     1.00000000  -113.43645740  -113.64185400  -113.45153600  -113.71068940
3.10000000     3.00000000     3.92175266  -113.71045981     1.00000000  -113.40930700  -113.61601500  -113.42332850  -113.68214180
3.10000000     3.25000000     4.08331841  -113.68043234     1.00000000  -113.38145370  -113.58842690  -113.39506920  -113.65294040
3.10000000     3.50000000     4.25344972  -113.65463401     1.00000000  -113.35769870  -113.56438160  -113.37110330  -113.62774600
3.10000000     3.75000000     4.43116010  -113.63266254     1.00000000  -113.33738460  -113.54405650  -113.35058620  -113.60633900
3.10000000     4.00000000     4.61557420  -113.61372481     1.00000000  -113.32002780  -113.52668910  -113.33302170  -113.58793580
3.10000000     4.25000000     4.80592036  -113.59737752     1.00000000  -113.30531240  -113.51179170  -113.31810950  -113.57207980
3.10000000     4.50000000     5.00152135  -113.58336523     1.00000000  -113.29307320  -113.49908610  -113.30569920  -113.55851000
3.10000000     4.75000000     5.20178442  -113.57155900     1.00000000  -113.28322090  -113.48843020  -113.29571170  -113.54709460
3.10000000     5.00000000     5.40619150  -113.56188975     1.00000000  -113.27563840  -113.47972970  -113.28804040  -113.53775740
3.10000000     5.25000000     5.61428997  -113.55427790     1.00000000  -113.27009640  -113.47287290  -113.28246350  -113.53040880


3.20000000     1.50000000     3.28982940  -112.84546679     1.00000000  -112.41790250  -112.60923480  -112.51007750  -112.77697820
3.20000000     1.75000000     3.37010985  -113.39797203     1.00000000  -113.02579670  -113.22186010  -113.08077170  -113.34591520
3.20000000     2.00000000     3.46659824  -113.64327064     1.00000000  -113.30500180  -113.50474200  -113.33891760  -113.60183130
3.20000000     2.25000000     3.57798354  -113.73371649     1.00000000  -113.41486890  -113.61714820  -113.43762200  -113.69863720
3.20000000     2.50000000     3.70292171  -113.74892395     1.00000000  -113.44056030  -113.64453900  -113.45794890  -113.71748960
3.20000000     2.75000000     3.84009011  -113.73012577     1.00000000  -113.42730960  -113.63256040  -113.44225900  -113.70081180
3.20000000     3.00000000     3.98822705  -113.69908981     1.00000000  -113.39903460  -113.60554140  -113.41292610  -113.67107880
3.20000000     3.25000000     4.14615700  -113.66769155     1.00000000  -113.36912360  -113.57663780  -113.38257730  -113.64052040
3.20000000     3.50000000     4.31280429  -113.64071804     1.00000000  -113.34421720  -113.55142380  -113.35746660  -113.61415310
3.20000000     3.75000000     4.48719776  -113.61822917     1.00000000  -113.32341020  -113.53056360  -113.33645070  -113.59222040
3.20000000     4.00000000     4.66846941  -113.59904349     1.00000000  -113.30582100  -113.51294960  -113.31865320  -113.57356870
3.20000000     4.25000000     4.85584901  -113.58261451     1.00000000  -113.29103690  -113.49797260  -113.30367770  -113.55763170
3.20000000     4.50000000     5.04865650  -113.56863676     1.00000000  -113.27884150  -113.48529700  -113.29131990  -113.54409530
3.20000000     4.75000000     5.24629349  -113.55694073     1.00000000  -113.26910130  -113.47473820  -113.28145470  -113.53278620
3.20000000     5.00000000     5.44823442  -113.54742125     1.00000000  -113.26165580  -113.46616660  -113.27393060  -113.52359220
3.20000000     5.25000000     5.65401815  -113.53996800     1.00000000  -113.25623870  -113.45943940  -113.26848700  -113.51639260
3.20000000     5.50000000     5.86324007  -113.53437715     1.00000000  -113.25246740  -113.45435470  -113.26473860  -113.51098420
3.20000000     5.75000000     6.07554500  -113.53011565     1.00000000  -113.24991280  -113.45062970  -113.26226130  -113.50692330
3.20000000     6.00000000     6.29062079  -113.52560905     1.00000000  -113.24819880  -113.44789190  -113.26098790  -113.50310090
3.20000000     6.25000000     6.50819275  -113.52452377     1.00000000  -113.24737730  -113.44492450  -113.26030470  -113.50137330
3.20000000     6.50000000     6.72801871  -113.52345599     1.00000000  -113.24687670  -113.44373080  -113.25988680  -113.50027280
3.20000000     6.75000000     6.94988480  -113.52272232     1.00000000  -113.24654550  -113.44292910  -113.25961410  -113.49952340
3.20000000     7.00000000     7.17360172  -113.52219710     1.00000000  -113.24631630  -113.44236520  -113.25942500  -113.49899020
3.20000000     7.25000000     7.39900159  -113.52180634     1.00000000  -113.24615330  -113.44195540  -113.25928660  -113.49859620
3.20000000     7.50000000     7.62593519  -113.52150781     1.00000000  -113.24603520  -113.44165220  -113.25918110  -113.49829780
3.20000000     7.75000000     7.85426956  -113.52127578     1.00000000  -113.24594800  -113.44142320  -113.25909860  -113.49806750
3.20000000     8.00000000     8.08388603  -113.52109292     1.00000000  -113.24588170  -113.44124830  -113.25903340  -113.49788760
3.20000000     8.25000000     8.31467836  -113.52094860     1.00000000  -113.24582960  -113.44111090  -113.25898190  -113.49774580
3.20000000     8.50000000     8.54655130  -113.52083460     1.00000000  -113.24578680  -113.44100120  -113.25894110  -113.49763360
3.20000000     8.75000000     8.77941923  -113.52074449     1.00000000  -113.24575060  -113.44091180  -113.25890890  -113.49754430


3.30000000     1.50000000     3.37947970  -112.83889646     1.00000000  -112.41205730  -112.60354810  -112.50394460  -112.77070400
3.30000000     1.75000000     3.45642352  -113.39025058     1.00000000  -113.01876370  -113.21504110  -113.07362250  -113.33852510
3.30000000     2.00000000     3.54934417  -113.63496757     1.00000000  -113.29741040  -113.49731230  -113.33125520  -113.59384960
3.30000000     2.25000000     3.65702400  -113.72495811     1.00000000  -113.40688690  -113.60923640  -113.42957070  -113.69018500
3.30000000     2.50000000     3.77820130  -113.73968363     1.00000000  -113.43215720  -113.63612390  -113.44946370  -113.70854170
3.30000000     2.75000000     3.91162186  -113.72029575     1.00000000  -113.41835810  -113.62353080  -113.43321240  -113.69126050
3.30000000     3.00000000     4.05607767  -113.68837162     1.00000000  -113.38925600  -113.59559590  -113.40304800  -113.66062680
3.30000000     3.25000000     4.21043306  -113.65560866     1.00000000  -113.35763900  -113.56537040  -113.37098410  -113.62871660
3.30000000     3.50000000     4.37364003  -113.62737048     1.00000000  -113.33112160  -113.53892030  -113.34425750  -113.60109320
3.30000000     3.75000000     4.54474505  -113.60422996     1.00000000  -113.30969920  -113.51738410  -113.32262310  -113.57849870
3.30000000     4.00000000     4.72288980  -113.58473931     1.00000000  -113.29181950  -113.49946480  -113.30453340  -113.55954080


3.40000000     1.50000000     3.46969575  -112.83227678     1.00000000  -112.40611730  -112.59771680  -112.49775800  -112.76435040
3.40000000     1.75000000     3.54345688  -113.38251563     1.00000000  -113.01161170  -113.20810960  -113.06638840  -113.33108880
3.40000000     2.00000000     3.63295813  -113.62674269     1.00000000  -113.28978220  -113.48987940  -113.32357970  -113.58591870
3.40000000     2.25000000     3.73706876  -113.71638304     1.00000000  -113.39897480  -113.60143680  -113.42160680  -113.68189190
3.40000000     2.50000000     3.85460517  -113.73072854     1.00000000  -113.42392990  -113.62793020  -113.44117120  -113.69985770
3.40000000     2.75000000     3.98437938  -113.71086916     1.00000000  -113.40970100  -113.61484740  -113.42447830  -113.68209410
3.40000000     3.00000000     4.12523662  -113.67828067     1.00000000  -113.37997220  -113.58622080  -113.39367910  -113.65078320
3.40000000     3.25000000     4.27608177  -113.64432131     1.00000000  -113.34718930  -113.55480330  -113.36045690  -113.61767820
3.40000000     3.50000000     4.43589601  -113.61488735     1.00000000  -113.31875630  -113.52719480  -113.33179710  -113.58886890
3.40000000     3.75000000     4.60374537  -113.59089667     1.00000000  -113.29652090  -113.50479320  -113.30935350  -113.56541850
3.40000000     4.00000000     4.77878327  -113.57102851     1.00000000  -113.27827970  -113.48649300  -113.29090040  -113.54608080
3.40000000     4.25000000     4.96024875  -113.55431239     1.00000000  -113.26322920  -113.47123350  -113.27566820  -113.52985820
3.40000000     4.50000000     5.14746207  -113.54030781     1.00000000  -113.25101790  -113.45852320  -113.26331130  -113.51629320
3.40000000     4.75000000     5.33981871  -113.52875388     1.00000000  -113.24141730  -113.44808420  -113.25360370  -113.50511960
3.40000000     5.00000000     5.53678264  -113.51946553     1.00000000  -113.23417760  -113.43970740  -113.24630180  -113.49614510
3.40000000     5.25000000     5.73787940  -113.51226294     1.00000000  -113.22895730  -113.43318400  -113.24106900  -113.48918070
3.40000000     5.50000000     5.94268947  -113.50690423     1.00000000  -113.22533520  -113.42826750  -113.23747820  -113.48398240
3.40000000     5.75000000     6.15084191  -113.50304809     1.00000000  -113.22288010  -113.42467340  -113.23508500  -113.48022730
3.40000000     6.00000000     6.36200867  -113.49817132     1.00000000  -113.22122270  -113.42209560  -113.23378340  -113.47620620
3.40000000     6.25000000     6.57589936  -113.49652458     1.00000000  -113.22008920  -113.42025190  -113.23316330  -113.47456080
3.40000000     6.50000000     6.79225666  -113.49628431     1.00000000  -113.21992640  -113.41780570  -113.23278690  -113.47351880
3.40000000     6.75000000     7.01085221  -113.49553407     1.00000000  -113.21973930  -113.41719090  -113.23254140  -113.47280800
3.40000000     7.00000000     7.23148303  -113.49499998     1.00000000  -113.21958910  -113.41673710  -113.23237030  -113.47229920
3.40000000     7.25000000     7.45396840  -113.49460801     1.00000000  -113.21946440  -113.41638660  -113.23224420  -113.47192160
3.40000000     7.50000000     7.67814710  -113.49431317     1.00000000  -113.21935940  -113.41611010  -113.23214710  -113.47163430
3.40000000     7.75000000     7.90387506  -113.49408684     1.00000000  -113.21927010  -113.41588760  -113.23207060  -113.47141110
3.40000000     8.00000000     8.13102325  -113.49391124     1.00000000  -113.21919290  -113.41570750  -113.23200980  -113.47123620
3.40000000     8.25000000     8.35947589  -113.49377448     1.00000000  -113.21912510  -113.41555890  -113.23196150  -113.47109800
3.40000000     8.50000000     8.58912890  -113.49366787     1.00000000  -113.21906480  -113.41543480  -113.23192310  -113.47098830
3.40000000     8.75000000     8.81988852  -113.49358470     1.00000000  -113.21901070  -113.41532990  -113.23189270  -113.47090080
3.40000000     9.00000000     9.05167010  -113.49351920     1.00000000  -113.21896240  -113.41524060  -113.23186850  -113.47083030
3.40000000     9.25000000     9.28439711  -113.49346755     1.00000000  -113.21891950  -113.41516420  -113.23184890  -113.47077320


3.50000000     1.50000000     3.56043454  -112.82568367     1.00000000  -112.40026390  -112.59187980  -112.49166280  -112.75801120
3.50000000     1.75000000     3.63115819  -113.37482347     1.00000000  -113.00445720  -113.20115840  -113.05916420  -113.32367280
3.50000000     2.00000000     3.71738154  -113.61864004     1.00000000  -113.28220370  -113.48250990  -113.31596280  -113.57808870
3.50000000     2.25000000     3.81805464  -113.70802823     1.00000000  -113.39120610  -113.59380800  -113.41379120  -113.67380090
3.50000000     2.50000000     3.93206776  -113.72209078     1.00000000  -113.41594440  -113.62001090  -113.43312520  -113.69147550
3.50000000     2.75000000     4.05829676  -113.70186184     1.00000000  -113.40139030  -113.60654790  -113.41609730  -113.67333470
3.50000000     3.00000000     4.19563920  -113.66876443     1.00000000  -113.37118010  -113.57739280  -113.38480820  -113.64150490
3.50000000     3.25000000     4.34304087  -113.63395212     1.00000000  -113.33759930  -113.54509150  -113.35078830  -113.60753470
3.50000000     3.50000000     4.49951327  -113.60338822     1.00000000  -113.30745990  -113.51637800  -113.32041350  -113.57760230
3.50000000     3.75000000     4.66414358  -113.57841148     1.00000000  -113.28409150  -113.49300280  -113.29684250  -113.55317040
3.50000000     4.00000000     4.83609874  -113.55807609     1.00000000  -113.26539580  -113.47422590  -113.27793400  -113.53336120
3.50000000     4.25000000     5.01462528  -113.54114267     1.00000000  -113.25013850  -113.45875280  -113.26249900  -113.51692250
3.50000000     4.50000000     5.19904630  -113.52707298     1.00000000  -113.23786670  -113.44597750  -113.25008870  -113.50329280
3.50000000     4.75000000     5.38875664  -113.51555089     1.00000000  -113.22829600  -113.43556480  -113.24041730  -113.49214940
3.50000000     5.00000000     5.58321715  -113.50634857     1.00000000  -113.22112900  -113.42726450  -113.23319260  -113.48325770
3.50000000     5.25000000     5.78194859  -113.49924091     1.00000000  -113.21598390  -113.42082630  -113.22803850  -113.47638490
3.50000000     5.50000000     5.98452547  -113.49396134     1.00000000  -113.21241750  -113.41597210  -113.22450750  -113.47126010
3.50000000     5.75000000     6.19057032  -113.49017660     1.00000000  -113.20999830  -113.41240920  -113.22215190  -113.46756230
3.50000000     6.00000000     6.39974816  -113.48521760     1.00000000  -113.20836610  -113.40984600  -113.22081510  -113.46348300
3.50000000     6.25000000     6.61176166  -113.48371558     1.00000000  -113.20727510  -113.40785100  -113.22022350  -113.46187700
3.50000000     6.50000000     6.82634660  -113.48340095     1.00000000  -113.20710880  -113.40561100  -113.21986570  -113.46086280
3.50000000     6.75000000     7.04326796  -113.48267784     1.00000000  -113.20691700  -113.40499040  -113.21963250  -113.46016990
3.50000000     7.00000000     7.26231639  -113.48216090     1.00000000  -113.20676470  -113.40453500  -113.21946980  -113.45967310
3.50000000     7.25000000     7.48330508  -113.48176903     1.00000000  -113.20664110  -113.40420480  -113.21934940  -113.45930330
3.50000000     7.50000000     7.70606713  -113.48146489     1.00000000  -113.20653920  -113.40395890  -113.21925630  -113.45902080
3.50000000     7.75000000     7.93045310  -113.47922720     1.00000000  -113.20768380  -113.40799090  -113.21918280  -113.45880120
3.50000000     8.00000000     8.15632896  -113.47889904     1.00000000  -113.20799610  -113.40825560  -113.21912410  -113.45862900
3.50000000     8.25000000     8.38357428  -113.47875396     1.00000000  -113.20795530  -113.40813820  -113.21907730  -113.45849270
3.50000000     8.50000000     8.61208067  -113.47863990     1.00000000  -113.20791860  -113.40804010  -113.21904020  -113.45838410
3.50000000     8.75000000     8.84175034  -113.47854995     1.00000000  -113.20788610  -113.40795840  -113.21901070  -113.45829740
3.50000000     9.00000000     9.07249496  -113.47847893     1.00000000  -113.20785700  -113.40788910  -113.21898710  -113.45822770
3.50000000     9.25000000     9.30423455  -113.47842185     1.00000000  -113.20783100  -113.40783020  -113.21896800  -113.45817090
3.50000000     9.50000000     9.53689657  -113.47837592     1.00000000  -113.20780800  -113.40777980  -113.21895240  -113.45812440
3.50000000     9.75000000     9.77041513  -113.47833860     1.00000000  -113.20778780  -113.40773660  -113.21893940  -113.45808600
3.50000000    10.00000000    10.00473026  -113.47830770     1.00000000  -113.20777040  -113.40769950  -113.21892840  -113.45805380
