1.80000000     1.50000000     2.34307490  -112.53831625     1.00000000  -112.01808290  -112.20207790  -112.16751980  -112.44115090
1.80000000     1.75000000     2.51047804  -113.09771347     1.00000000  -112.64665550  -112.83627450  -112.74698450  -113.02066020
1.80000000     2.00000000     2.69072481  -113.34841570     1.00000000  -112.93765230  -113.13200800  -113.01077450  -113.28393740
1.80000000     2.25000000     2.88140591  -113.44857235     1.00000000  -113.06035500  -113.25743630  -113.11986310  -113.39145920
1.80000000     2.50000000     3.08058436  -113.47907357     1.00000000  -113.10387910  -113.30106070  -113.15711400  -113.42592430
1.80000000     2.75000000     3.28671569  -113.47994755     1.00000000  -113.11236120  -113.30867330  -113.16298550  -113.42894450
1.80000000     3.00000000     3.49857114  -113.46908808     1.00000000  -113.10593840  -113.30153070  -113.15559040  -113.41935440
1.80000000     3.25000000     3.71517160  -113.45355468     1.00000000  -113.09332600  -113.28837720  -113.14266480  -113.40468950
1.80000000     3.50000000     3.93573373  -113.43621880     1.00000000  -113.07861600  -113.27290530  -113.12782350  -113.38805260
1.80000000     3.75000000     4.15962739  -113.41858403     1.00000000  -113.06415110  -113.25701390  -113.11318960  -113.37106050
1.80000000     4.00000000     4.38634244  -113.40185835     1.00000000  -113.05175980  -113.24211360  -113.10048670  -113.35498060
1.80000000     4.25000000     4.61546314  -113.38744926     1.00000000  -113.04327020  -113.22976680  -113.09146420  -113.34126590
1.80000000     4.50000000     4.84664833  -113.37715401     1.00000000  -113.03998590  -113.22171500  -113.08743470  -113.33169420
1.80000000     4.75000000     5.07961613  -113.37197804     1.00000000  -113.04111410  -113.21851740  -113.08783580  -113.32714250
1.80000000     5.00000000     5.31413210  -113.37072427     1.00000000  -113.04405480  -113.21858470  -113.09036550  -113.32631830
1.80000000     5.25000000     5.55000000  -113.37121037     1.00000000  -113.04690270  -113.21975900  -113.09304580  -113.32703620
1.80000000     5.50000000     5.78705452  -113.37202070     1.00000000  -113.04911650  -113.22093170  -113.09519280  -113.32797230
1.80000000     5.75000000     6.02515560  -113.37271090     1.00000000  -113.05070750  -113.22180940  -113.09676030  -113.32872950
1.80000000     6.00000000     6.26418391  -113.37320120     1.00000000  -113.05180970  -113.22238800  -113.09786080  -113.32925300
1.80000000     6.25000000     6.50403721  -113.37351763     1.00000000  -113.05255720  -113.22273540  -113.09861860  -113.32958300
1.80000000     6.50000000     6.74462749  -113.37370696     1.00000000  -113.05305640  -113.22292240  -113.09913510  -113.32977450
1.80000000     6.75000000     6.98587861  -113.37380751     1.00000000  -113.05338580  -113.22300620  -113.09948490  -113.32987230
1.80000000     7.00000000     7.22772440  -113.37384957     1.00000000  -113.05360160  -113.22302840  -113.09971980  -113.32991020
1.80000000     7.25000000     7.47010709  -113.37385123     1.00000000  -113.05374270  -113.22301730  -113.09987550  -113.32990960
1.80000000     7.50000000     7.71297608  -113.37382879     1.00000000  -113.05383510  -113.22299060  -113.09997670  -113.32988710
1.80000000     7.75000000     7.95628682  -113.37379210     1.00000000  -113.05389560  -113.22295810  -113.10004060  -113.32985260
1.80000000     8.00000000     8.20000000  -113.37374854     1.00000000  -113.05393470  -113.22292450  -113.10007960  -113.32981280
1.80000000     8.25000000     8.44408077  -113.37370428     1.00000000  -113.05395860  -113.22289110  -113.10010260  -113.32977250
1.80000000     8.50000000     8.68849814  -113.37366293     1.00000000  -113.05397120  -113.22285840  -113.10011560  -113.32973450
1.80000000     8.75000000     8.93322450  -113.37362671     1.00000000  -113.05397550  -113.22282620  -113.10012270  -113.32970030
1.80000000     9.00000000     9.17823512  -113.37359674     1.00000000  -113.05397370  -113.22279460  -113.10012650  -113.32967070
1.80000000     9.25000000     9.42350784  -113.37357278     1.00000000  -113.05396780  -113.22276370  -113.10012850  -113.32964550
1.80000000     9.50000000     9.66902270  -113.37355433     1.00000000  -113.05395930  -113.22273400  -113.10012970  -113.32962450
1.80000000     9.75000000     9.91476172  -113.37354065     1.00000000  -113.05394940  -113.22270580  -113.10013050  -113.32960720
1.80000000    10.00000000    10.16070864  -113.37353043     1.00000000  -113.05393890  -113.22267940  -113.10013110  -113.32959280


1.90000000     1.50000000     2.42074369  -112.64459785     1.00000000  -112.14632510  -112.33194780  -112.28206310  -112.55420400
1.90000000     1.75000000     2.58311827  -113.20451832     1.00000000  -112.77090270  -112.96243120  -112.85931820  -113.13282960
1.90000000     2.00000000     2.75862284  -113.45515180     1.00000000  -113.05992580  -113.25626710  -113.12283270  -113.39562350
1.90000000     2.25000000     2.94491086  -113.55483515     1.00000000  -113.18125120  -113.38017720  -113.23130230  -113.50238070
1.90000000     2.50000000     3.14006369  -113.58423713     1.00000000  -113.22306610  -113.42223360  -113.26724010  -113.53562100
1.90000000     2.75000000     3.34252898  -113.58385784     1.00000000  -113.23011530  -113.42839840  -113.27186170  -113.53733420
1.90000000     3.00000000     3.55105618  -113.57212757     1.00000000  -113.22277810  -113.42030300  -113.26362650  -113.52684590
1.90000000     3.25000000     3.76463810  -113.55608613     1.00000000  -113.20952440  -113.40660680  -113.25008210  -113.51165600
1.90000000     3.50000000     3.98246155  -113.53839295     1.00000000  -113.19411660  -113.39073780  -113.23455520  -113.49464210
1.90000000     3.75000000     4.20386727  -113.52033439     1.00000000  -113.17860700  -113.37434800  -113.21890070  -113.47719610
1.90000000     4.00000000     4.42831797  -113.50280891     1.00000000  -113.16453840  -113.35852750  -113.20456820  -113.46027360
1.90000000     4.25000000     4.65537324  -113.48673069     1.00000000  -113.15359290  -113.34436440  -113.19315400  -113.44484010
1.90000000     4.50000000     4.88466990  -113.47354146     1.00000000  -113.14775550  -113.33342500  -113.18658730  -113.43237490
1.90000000     4.75000000     5.11590657  -113.46560059     1.00000000  -113.14755890  -113.32767100  -113.18567110  -113.42513440
1.90000000     5.00000000     5.34883165  -113.46325757     1.00000000  -113.15012340  -113.32665190  -113.18787140  -113.42322700
1.90000000     5.25000000     5.58323383  -113.46342923     1.00000000  -113.15287090  -113.32746860  -113.19047080  -113.42361570
1.90000000     5.50000000     5.81893461  -113.46412663     1.00000000  -113.15506290  -113.32851710  -113.19260170  -113.42443450
1.90000000     5.75000000     6.05578236  -113.46476951     1.00000000  -113.15665860  -113.32935420  -113.19417580  -113.42514660
1.90000000     6.00000000     6.29364759  -113.46523975     1.00000000  -113.15777390  -113.32992420  -113.19529060  -113.42565420
1.90000000     6.25000000     6.53241915  -113.46554799     1.00000000  -113.15853550  -113.33027470  -113.19606390  -113.42598030
1.90000000     6.50000000     6.77200118  -113.46573285     1.00000000  -113.15904720  -113.33046850  -113.19659420  -113.42617170
1.90000000     6.75000000     7.01231060  -113.46583154     1.00000000  -113.15938670  -113.33055910  -113.19695500  -113.42627100
1.90000000     7.00000000     7.25327512  -113.46587087     1.00000000  -113.15961040  -113.33058710  -113.19719810  -113.42630940
1.90000000     7.25000000     7.49483155  -113.46587118     1.00000000  -113.15975760  -113.33058050  -113.19735980  -113.42630960
1.90000000     7.50000000     7.73692445  -113.46584668     1.00000000  -113.15985500  -113.33055710  -113.19746530  -113.42628690
1.90000000     7.75000000     7.97950500  -113.46580816     1.00000000  -113.15991970  -113.33052710  -113.19753250  -113.42625200
1.90000000     8.00000000     8.22253002  -113.46576351     1.00000000  -113.15996230  -113.33049520  -113.19757430  -113.42621200
1.90000000     8.25000000     8.46596126  -113.46571855     1.00000000  -113.15998920  -113.33046340  -113.19759960  -113.42617170
1.90000000     8.50000000     8.70976464  -113.46567699     1.00000000  -113.16000460  -113.33043200  -113.19761470  -113.42613390
1.90000000     8.75000000     8.95390976  -113.46564074     1.00000000  -113.16001140  -113.33040110  -113.19762350  -113.42610000
1.90000000     9.00000000     9.19836942  -113.46561062     1.00000000  -113.16001200  -113.33037080  -113.19762870  -113.42607060
1.90000000     9.25000000     9.44311919  -113.46558634     1.00000000  -113.16000840  -113.33034150  -113.19763190  -113.42604560
1.90000000     9.50000000     9.68813708  -113.46556749     1.00000000  -113.16000220  -113.33031340  -113.19763400  -113.42602470
1.90000000     9.75000000     9.93340324  -113.46555284     1.00000000  -113.15999440  -113.33028700  -113.19763530  -113.42600720
1.90000000    10.00000000    10.17889974  -113.46554192     1.00000000  -113.15998610  -113.33026230  -113.19763630  -113.42599270


2.00000000     1.50000000     2.50000000  -112.72041275     1.00000000  -112.23914800  -112.42622140  -112.36330840  -112.63510170
2.00000000     1.75000000     2.65753645  -113.28020030     1.00000000  -112.86036260  -113.05359670  -112.93961340  -113.21287490
2.00000000     2.00000000     2.82842712  -113.53060700     1.00000000  -113.14785040  -113.34581610  -113.20284800  -113.47511180
2.00000000     2.25000000     3.01039864  -113.62967354     1.00000000  -113.26790660  -113.46837680  -113.31059800  -113.58104600
2.00000000     2.50000000     3.20156212  -113.65794489     1.00000000  -113.30809280  -113.50897830  -113.34516850  -113.61306200
2.00000000     2.75000000     3.40036763  -113.65626012     1.00000000  -113.31366800  -113.51370370  -113.34843250  -113.61342790
2.00000000     3.00000000     3.60555128  -113.64364165     1.00000000  -113.30542890  -113.50465090  -113.33934700  -113.60202560
2.00000000     3.25000000     3.81608438  -113.62717655     1.00000000  -113.29168030  -113.49049590  -113.32532610  -113.58639500
2.00000000     3.50000000     4.03112887  -113.60931183     1.00000000  -113.27587380  -113.47442100  -113.30940940  -113.56919220
2.00000000     3.75000000     4.25000000  -113.59115588     1.00000000  -113.25979740  -113.45787410  -113.29320680  -113.55162430
2.00000000     4.00000000     4.47213595  -113.57343672     1.00000000  -113.24470990  -113.44174290  -113.27790450  -113.53446780
2.00000000     4.25000000     4.69707356  -113.55672131     1.00000000  -113.23192960  -113.42673600  -113.26475490  -113.51833210
2.00000000     4.50000000     4.92442890  -113.54155576     1.00000000  -113.22339840  -113.41363490  -113.25560230  -113.50383520
2.00000000     4.75000000     5.15388203  -113.53002481     1.00000000  -113.22116220  -113.40452080  -113.25266030  -113.49308880
2.00000000     5.00000000     5.38516481  -113.52575009     1.00000000  -113.22305950  -113.40166920  -113.25421090  -113.48928660
2.00000000     5.25000000     5.61805126  -113.52534768     1.00000000  -113.22562470  -113.40188460  -113.25664030  -113.48909150
2.00000000     5.50000000     5.85234996  -113.52585502     1.00000000  -113.22776670  -113.40273170  -113.25872820  -113.48971620
2.00000000     5.75000000     6.08789783  -113.52642864     1.00000000  -113.22935460  -113.40349820  -113.26029970  -113.49035880
2.00000000     6.00000000     6.32455532  -113.52687351     1.00000000  -113.23047630  -113.40404590  -113.26142510  -113.49084250


2.10000000     1.50000000     2.58069758  -112.77398495     1.00000000  -112.30534390  -112.49366790  -112.41900580  -112.69208010
2.10000000     1.75000000     2.73358739  -113.33262751     1.00000000  -112.92360100  -113.11832530  -112.99598650  -113.26884990
2.10000000     2.00000000     2.90000000  -113.58266922     1.00000000  -113.20981430  -113.40904710  -113.25879120  -113.53041080
2.10000000     2.25000000     3.07774268  -113.68096822     1.00000000  -113.32863660  -113.53034040  -113.36569970  -113.63543510
2.10000000     2.50000000     3.26496554  -113.70804586     1.00000000  -113.36724270  -113.56955010  -113.39885990  -113.66619720
2.10000000     2.75000000     3.46013006  -113.70498017     1.00000000  -113.37126160  -113.57281020  -113.40063180  -113.66515100
2.10000000     3.00000000     3.66196668  -113.69139770     1.00000000  -113.36206840  -113.56274350  -113.39062170  -113.65276330
2.10000000     3.25000000     3.86943148  -113.67452042     1.00000000  -113.34789500  -113.54814410  -113.37618730  -113.63670420
2.10000000     3.50000000     4.08166633  -113.65656967     1.00000000  -113.33188520  -113.53195760  -113.36006900  -113.61940090
2.10000000     3.75000000     4.29796463  -113.63847400     1.00000000  -113.31558620  -113.51543390  -113.34364910  -113.60187580
2.10000000     4.00000000     4.51774280  -113.62086002     1.00000000  -113.30003230  -113.49933210  -113.32791030  -113.58479720
2.10000000     4.25000000     4.74051685  -113.60419325     1.00000000  -113.28619190  -113.48420340  -113.31379000  -113.56865790
2.10000000     4.50000000     4.96588361  -113.58861649     1.00000000  -113.27542450  -113.47035410  -113.30257360  -113.55364950
2.10000000     4.75000000     5.19350556  -113.57385919     1.00000000  -113.27026230  -113.45802000  -113.29676360  -113.53968440
2.10000000     5.00000000     5.42309875  -113.56600752     1.00000000  -113.27094840  -113.45195340  -113.29709380  -113.53243460
2.10000000     5.25000000     5.65442305  -113.56457680     1.00000000  -113.27320830  -113.45112180  -113.29922930  -113.53120470
2.10000000     5.50000000     5.88727441  -113.56478775     1.00000000  -113.27526530  -113.45164200  -113.30124160  -113.53152240
2.10000000     5.75000000     6.12147858  -113.56525830     1.00000000  -113.27683240  -113.45229770  -113.30280020  -113.53205980
2.10000000     6.00000000     6.35688603  -113.56566784     1.00000000  -113.27795440  -113.45280810  -113.30393210  -113.53250810
2.10000000     6.25000000     6.59336788  -113.56595551     1.00000000  -113.27873330  -113.45314440  -113.30473090  -113.53281690
2.10000000     6.50000000     6.83081254  -113.56613427     1.00000000  -113.27926360  -113.45334120  -113.30528590  -113.53300630
2.10000000     6.75000000     7.06912300  -113.56623091     1.00000000  -113.27961990  -113.45344010  -113.30566710  -113.53310780
2.10000000     7.00000000     7.30821456  -113.56626920     1.00000000  -113.27985790  -113.45347710  -113.30592600  -113.53314900
2.10000000     7.25000000     7.54801298  -113.56626795     1.00000000  -113.28001690  -113.45347840  -113.30609930  -113.53315100
2.10000000     7.50000000     7.78845299  -113.56624184     1.00000000  -113.28012400  -113.45346120  -113.30621340  -113.53312930
2.10000000     7.75000000     8.02947694  -113.56620202     1.00000000  -113.28019660  -113.45343580  -113.30628730  -113.53309500
2.10000000     8.00000000     8.27103379  -113.56615651     1.00000000  -113.28024550  -113.45340740  -113.30633440  -113.53305550
2.10000000     8.25000000     8.51307817  -113.56611143     1.00000000  -113.28027770  -113.45337800  -113.30636420  -113.53301580
2.10000000     8.50000000     8.75556966  -113.56607004     1.00000000  -113.28029760  -113.45334870  -113.30638310  -113.53297870
2.10000000     8.75000000     8.99847209  -113.56603388     1.00000000  -113.28030830  -113.45331970  -113.30639520  -113.53294540
2.10000000     9.00000000     9.24175308  -113.56600371     1.00000000  -113.28031260  -113.45329140  -113.30640310  -113.53291650
2.10000000     9.25000000     9.48538349  -113.56597900     1.00000000  -113.28031230  -113.45326430  -113.30640830  -113.53289180
2.10000000     9.50000000     9.72933708  -113.56595918     1.00000000  -113.28030940  -113.45323870  -113.30641190  -113.53287090
2.10000000     9.75000000     9.97359013  -113.56594340     1.00000000  -113.28030490  -113.45321490  -113.30641440  -113.53285330
2.10000000    10.00000000    10.21812116  -113.56593081     1.00000000  -113.28029970  -113.45319300  -113.30641610  -113.53283840


2.20000000     1.50000000     2.66270539  -112.81002467     1.00000000  -112.35168590  -112.54104980  -112.45888200  -112.73138450
2.20000000     1.75000000     2.81113856  -113.36786213     1.00000000  -112.96746520  -113.16323720  -113.03470910  -113.30692290
2.20000000     2.00000000     2.97321375  -113.61736248     1.00000000  -113.25232380  -113.45246890  -113.29679950  -113.56766710
2.20000000     2.25000000     3.14682380  -113.71473660     1.00000000  -113.36987200  -113.57250990  -113.40271220  -113.67167250
2.20000000     2.50000000     3.33016516  -113.74054630     1.00000000  -113.40692930  -113.61035340  -113.43442680  -113.70113440
2.20000000     2.75000000     3.52171833  -113.73601550     1.00000000  -113.40929410  -113.61211470  -113.43456800  -113.69860520
2.20000000     3.00000000     3.72021505  -113.72135432     1.00000000  -113.39903470  -113.60093570  -113.42350150  -113.68512110
2.20000000     3.25000000     3.92460189  -113.70402124     1.00000000  -113.38443550  -113.58585190  -113.40864620  -113.66859100
2.20000000     3.50000000     4.13400532  -113.68600353     1.00000000  -113.36832290  -113.56957920  -113.39242140  -113.65120850
2.20000000     3.75000000     4.34770054  -113.66802610     1.00000000  -113.35200660  -113.55315410  -113.37597820  -113.63378950
2.20000000     4.00000000     4.56508488  -113.65062175     1.00000000  -113.33635190  -113.53722480  -113.36014560  -113.61690450
2.20000000     4.25000000     4.78565565  -113.63423619     1.00000000  -113.32210210  -113.52228000  -113.34566400  -113.60101520
2.20000000     4.50000000     5.00899191  -113.61909911     1.00000000  -113.31009890  -113.50862100  -113.33335440  -113.58637470
2.20000000     4.75000000     5.23473973  -113.60432740     1.00000000  -113.30187570  -113.49565700  -113.32467010  -113.57219480
2.20000000     5.00000000     5.46260011  -113.59060699     1.00000000  -113.30015680  -113.48450010  -113.32255530  -113.55935240
2.20000000     5.25000000     5.69231939  -113.58705941     1.00000000  -113.30186240  -113.48158470  -113.32415120  -113.55601880
2.20000000     5.50000000     5.92368129  -113.58675333     1.00000000  -113.30377920  -113.48153360  -113.32603600  -113.55580090
2.20000000     5.75000000     6.15650063  -113.58706980     1.00000000  -113.30530780  -113.48200760  -113.32756550  -113.55617510
2.20000000     6.00000000     6.39061812  -113.58742588     1.00000000  -113.30642290  -113.48245640  -113.32869790  -113.55656780
2.20000000     6.25000000     6.62589617  -113.58769667     1.00000000  -113.30720530  -113.48277320  -113.32950560  -113.55685940
2.20000000     6.50000000     6.86221539  -113.58787095     1.00000000  -113.30774210  -113.48296560  -113.33007090  -113.55704480
2.20000000     6.75000000     7.09947181  -113.58796702     1.00000000  -113.30810540  -113.48306540  -113.33046120  -113.55714650
2.20000000     7.00000000     7.33757453  -113.58800564     1.00000000  -113.30834960  -113.48310550  -113.33072720  -113.55718910
2.20000000     7.25000000     7.57644376  -113.58800464     1.00000000  -113.30851410  -113.48311010  -113.33090600  -113.55719240
2.20000000     7.50000000     7.81600921  -113.58797877     1.00000000  -113.30862570  -113.48309580  -113.33102420  -113.55717180
2.20000000     7.75000000     8.05620879  -113.58793918     1.00000000  -113.30870190  -113.48307250  -113.33110130  -113.55713830
2.20000000     8.00000000     8.29698741  -113.58789409     1.00000000  -113.30875380  -113.48304560  -113.33115100  -113.55709950


2.30000000     1.50000000     2.74590604  -112.83305415     1.00000000  -112.38336500  -112.57356350  -112.48773060  -112.75770380
2.30000000     1.75000000     2.89006920  -113.39060559     1.00000000  -112.99715600  -113.19338190  -113.06055000  -113.33184880
2.30000000     2.00000000     3.04795013  -113.63927252     1.00000000  -113.28042180  -113.48113250  -113.32159020  -113.59158930
2.30000000     2.25000000     3.21753011  -113.73557362     1.00000000  -113.39659000  -113.59988860  -113.42631800  -113.69445940
2.30000000     2.50000000     3.39705755  -113.76003395     1.00000000  -113.43210710  -113.63636200  -113.45654830  -113.72256240
2.30000000     2.75000000     3.58503835  -113.75395962     1.00000000  -113.43273140  -113.63659060  -113.45494360  -113.71848480
2.30000000     3.00000000     3.78021163  -113.73808362     1.00000000  -113.42124570  -113.62417640  -113.44264420  -113.70377130
2.30000000     3.25000000     3.98151981  -113.72021116     1.00000000  -113.40615880  -113.60852710  -113.42730170  -113.68668760
2.30000000     3.50000000     4.18807832  -113.70210252     1.00000000  -113.38997010  -113.59214830  -113.41099500  -113.66920380
2.30000000     3.75000000     4.39914764  -113.68425039     1.00000000  -113.37373410  -113.57583890  -113.39462120  -113.65190150
2.30000000     4.00000000     4.61410880  -113.66708275     1.00000000  -113.35817460  -113.56012700  -113.37887760  -113.63524220
2.30000000     4.25000000     4.83244245  -113.65101287     1.00000000  -113.34390520  -113.54545510  -113.36439170  -113.61965270
2.30000000     4.50000000     5.05371151  -113.63636229     1.00000000  -113.33151500  -113.53216040  -113.35176240  -113.60546220
2.30000000     4.75000000     5.27754678  -113.62308764     1.00000000  -113.32168970  -113.52025860  -113.34166610  -113.59264770
2.30000000     5.00000000     5.50363516  -113.60751928     1.00000000  -113.31609750  -113.50701410  -113.33572700  -113.57787350
2.30000000     5.25000000     5.73171004  -113.59766900     1.00000000  -113.31646760  -113.49859980  -113.33600290  -113.56853090
2.30000000     5.50000000     5.96154342  -113.59629341     1.00000000  -113.31812930  -113.49735480  -113.33765220  -113.56720080
2.30000000     5.75000000     6.19293953  -113.59633576     1.00000000  -113.31959030  -113.49750010  -113.33912600  -113.56728250
2.30000000     6.00000000     6.42572953  -113.59660712     1.00000000  -113.32068820  -113.49784180  -113.34024920  -113.56758330
2.30000000     6.25000000     6.65976726  -113.59684998     1.00000000  -113.32146950  -113.49812220  -113.34106170  -113.56784460
2.30000000     6.50000000     6.89492567  -113.59701478     1.00000000  -113.32201060  -113.49830360  -113.34163500  -113.56802040
2.30000000     6.75000000     7.13109389  -113.59710875     1.00000000  -113.32237940  -113.49840230  -113.34203300  -113.56812060
2.30000000     7.00000000     7.36817481  -113.59714714     1.00000000  -113.32262930  -113.49844410  -113.34230540  -113.56816370
2.30000000     7.25000000     7.60608309  -113.59714662     1.00000000  -113.32279870  -113.49845130  -113.34248920  -113.56816820
2.30000000     7.50000000     7.84474346  -113.59712127     1.00000000  -113.32291450  -113.49843940  -113.34261130  -113.56814870
2.30000000     7.75000000     8.08408931  -113.59708225     1.00000000  -113.32299410  -113.49841820  -113.34269130  -113.56811620
2.30000000     8.00000000     8.32406151  -113.59703804     1.00000000  -113.32304850  -113.49839210  -113.34274340  -113.56807820
2.30000000     8.25000000     8.56460740  -113.59699361     1.00000000  -113.32308500  -113.49836480  -113.34277740  -113.56803960
2.30000000     8.50000000     8.80567999  -113.59695313     1.00000000  -113.32310810  -113.49833680  -113.34279960  -113.56800350
2.30000000     8.75000000     9.04723715  -113.59691765     1.00000000  -113.32312150  -113.49830890  -113.34281450  -113.56797100
2.30000000     9.00000000     9.28924109  -113.59688773     1.00000000  -113.32312790  -113.49828160  -113.34282460  -113.56794260
2.30000000     9.25000000     9.53165778  -113.59686311     1.00000000  -113.32312970  -113.49825560  -113.34283170  -113.56791830
2.30000000     9.50000000     9.77445651  -113.59684291     1.00000000  -113.32312860  -113.49823120  -113.34283660  -113.56789750
2.30000000     9.75000000    10.01760950  -113.59682638     1.00000000  -113.32312590  -113.49820880  -113.34284010  -113.56787980


2.40000000     1.50000000     2.83019434  -112.84898201     1.00000000  -112.40432410  -112.59517230  -112.50208710  -112.77452100
2.40000000     1.75000000     2.97026935  -113.40473637     1.00000000  -113.01476170  -113.21278750  -113.07488770  -113.34742420
2.40000000     2.00000000     3.12409987  -113.65190708     1.00000000  -113.29801300  -113.49895750  -113.33679010  -113.60579550
2.40000000     2.25000000     3.28975683  -113.74698911     1.00000000  -113.41265350  -113.61636170  -113.44012310  -113.70740550
2.40000000     2.50000000     3.46554469  -113.77001886     1.00000000  -113.44659880  -113.65143440  -113.46880540  -113.73408340
2.40000000     2.75000000     3.65000000  -113.76233326     1.00000000  -113.44542360  -113.65010100  -113.46537840  -113.72840220
2.40000000     3.00000000     3.84187454  -113.74509275     1.00000000  -113.43252240  -113.63632000  -113.45164360  -113.71231500
2.40000000     3.25000000     4.04011138  -113.72656728     1.00000000  -113.41683570  -113.61999340  -113.43569900  -113.69456500
2.40000000     3.50000000     4.24381903  -113.70831600     1.00000000  -113.40054490  -113.60345860  -113.41928530  -113.67692960
2.40000000     3.75000000     4.45224662  -113.69056743     1.00000000  -113.38441600  -113.58724790  -113.40300800  -113.65972460
2.40000000     4.00000000     4.66476152  -113.67362646     1.00000000  -113.36903560  -113.57175670  -113.38743390  -113.64328580
2.40000000     4.25000000     4.88082985  -113.65786645     1.00000000  -113.35493260  -113.55737270  -113.37311560  -113.62799610
2.40000000     4.50000000     5.10000000  -113.64362678     1.00000000  -113.34259040  -113.54443190  -113.36055880  -113.61419750
2.40000000     4.75000000     5.32188876  -113.63112558     1.00000000  -113.33242930  -113.53314990  -113.35020010  -113.60211000
2.40000000     5.00000000     5.54616985  -113.62016086     1.00000000  -113.32480910  -113.52336110  -113.34241030  -113.59154670
2.40000000     5.25000000     5.77256442  -113.60234682     1.00000000  -113.32107150  -113.50868890  -113.33856720  -113.57485360
2.40000000     5.50000000     6.00083328  -113.59709219     1.00000000  -113.32207650  -113.50321310  -113.33961750  -113.56952610
2.40000000     5.75000000     6.23077042  -113.59654086     1.00000000  -113.32340690  -113.50261430  -113.34097850  -113.56896230
2.40000000     6.00000000     6.46219777  -113.59665135     1.00000000  -113.32446950  -113.50274530  -113.34207610  -113.56908550
2.40000000     6.25000000     6.69496079  -113.59684237     1.00000000  -113.32524290  -113.50295560  -113.34288660  -113.56928910
2.40000000     6.50000000     6.92892488  -113.59699124     1.00000000  -113.32578490  -113.50311300  -113.34346460  -113.56944650
2.40000000     6.75000000     7.16397236  -113.59707995     1.00000000  -113.32615770  -113.50320470  -113.34386850  -113.56954100
2.40000000     7.00000000     7.40000000  -113.59711607     1.00000000  -113.32641210  -113.50324590  -113.34414630  -113.56958250
2.40000000     7.25000000     7.63691692  -113.59711579     1.00000000  -113.32658580  -113.50325450  -113.34433440  -113.56958760
2.40000000     7.50000000     7.87464285  -113.59709093     1.00000000  -113.32670530  -113.50324450  -113.34445990  -113.56956900
2.40000000     7.75000000     8.11310668  -113.59705237     1.00000000  -113.32678790  -113.50322490  -113.34454270  -113.56953730
2.40000000     8.00000000     8.35224521  -113.59700855     1.00000000  -113.32684470  -113.50320050  -113.34459700  -113.56950010
2.40000000     8.25000000     8.59200209  -113.59696498     1.00000000  -113.32688290  -113.50317400  -113.34463270  -113.56946230


2.50000000     1.50000000     2.91547595  -112.85622030     1.00000000  -112.41644350  -112.60895290  -112.51644830  -112.78491330
2.50000000     1.75000000     3.05163890  -113.41072174     1.00000000  -113.02573340  -113.22444020  -113.08686070  -113.35586580
2.50000000     2.00000000     3.20156212  -113.65794443     1.00000000  -113.30809280  -113.50897850  -113.34516850  -113.61306180
2.50000000     2.25000000     3.36340601  -113.75167512     1.00000000  -113.42106970  -113.62494280  -113.44692210  -113.71328950
2.50000000     2.50000000     3.53553391  -113.77319344     1.00000000  -113.45336020  -113.65856420  -113.47395120  -113.73847030
2.50000000     2.75000000     3.71651719  -113.76383233     1.00000000  -113.45034680  -113.65564140  -113.46865570  -113.73113470
2.50000000     3.00000000     3.90512484  -113.74508639     1.00000000  -113.43583560  -113.64036630  -113.45328200  -113.71353720
2.50000000     3.25000000     4.10030487  -113.72577396     1.00000000  -113.41939560  -113.62322690  -113.43657880  -113.69498650
2.50000000     3.50000000     4.30116263  -113.70730713     1.00000000  -113.40294020  -113.60646520  -113.41999780  -113.67712820
2.50000000     3.75000000     4.50693909  -113.68962193     1.00000000  -113.38690230  -113.59031600  -113.40380380  -113.65998230
2.50000000     4.00000000     4.71699057  -113.67288229     1.00000000  -113.37172080  -113.57502560  -113.38842070  -113.64374130
2.50000000     4.25000000     4.93077073  -113.65740790     1.00000000  -113.35785530  -113.56091850  -113.37433830  -113.62873190
2.50000000     4.50000000     5.14781507  -113.64352730     1.00000000  -113.34573680  -113.54830780  -113.36201490  -113.61528160
2.50000000     4.75000000     5.36772764  -113.63149666     1.00000000  -113.33571190  -113.53743540  -113.35181820  -113.60364490
2.50000000     5.00000000     5.59016994  -113.62145793     1.00000000  -113.32795960  -113.52842100  -113.34394950  -113.59395930


2.60000000     1.50000000     3.00166620  -112.86045444     1.00000000  -112.42420370  -112.61696270  -112.52253610  -112.79032090
2.60000000     1.75000000     3.13408679  -113.41441980     1.00000000  -113.03466510  -113.23044850  -113.09187450  -113.35970040
2.60000000     2.00000000     3.28024389  -113.65942500     1.00000000  -113.31290580  -113.51352100  -113.34879140  -113.61550710
2.60000000     2.25000000     3.43838625  -113.75170332     1.00000000  -113.42416990  -113.62797490  -113.44888130  -113.71425850
2.60000000     2.50000000     3.60693776  -113.77163163     1.00000000  -113.45469280  -113.66007350  -113.47412710  -113.73786440
2.60000000     2.75000000     3.78450789  -113.76055172     1.00000000  -113.44979480  -113.65553680  -113.46691520  -113.72883860
2.60000000     3.00000000     3.96988665  -113.74015180     1.00000000  -113.43349570  -113.63864290  -113.44972070  -113.70959110
2.60000000     3.25000000     4.16203075  -113.71990219     1.00000000  -113.41611380  -113.62054200  -113.43206680  -113.69009000
2.60000000     3.50000000     4.36004587  -113.70113170     1.00000000  -113.39940390  -113.60346470  -113.41523000  -113.67192110
2.60000000     3.75000000     4.56316776  -113.68345753     1.00000000  -113.38341500  -113.58732670  -113.39908070  -113.65478360
2.60000000     4.00000000     4.77074418  -113.66688288     1.00000000  -113.36841760  -113.57220380  -113.38387710  -113.63870600
2.60000000     4.25000000     4.98221838  -113.65166353     1.00000000  -113.35480250  -113.55834800  -113.37004480  -113.62394860
2.60000000     4.50000000     5.19711458  -113.63810071     1.00000000  -113.34296250  -113.54603980  -113.35800680  -113.61081010
2.60000000     4.75000000     5.41502539  -113.62644189     1.00000000  -113.33321240  -113.53550730  -113.34809810  -113.59953430
2.60000000     5.00000000     5.63560112  -113.61683694     1.00000000  -113.32569530  -113.52687510  -113.34048180  -113.59026520
2.60000000     5.25000000     5.85854077  -113.60923250     1.00000000  -113.32029840  -113.52011840  -113.33507040  -113.58296370
2.60000000     5.50000000     6.08358447  -113.60324502     1.00000000  -113.31668140  -113.51494930  -113.33157330  -113.57728800
2.60000000     5.75000000     6.31050711  -113.59945252     1.00000000  -113.31445920  -113.51102250  -113.32951580  -113.57347190
2.60000000     6.00000000     6.53911309  -113.59716152     1.00000000  -113.31314830  -113.50855850  -113.32830570  -113.57113390
2.60000000     6.25000000     6.76923186  -113.59569673     1.00000000  -113.31234200  -113.50699560  -113.32757430  -113.56964510
2.60000000     6.50000000     7.00071425  -113.59472972     1.00000000  -113.31182550  -113.50595750  -113.32711750  -113.56866150
2.60000000     6.75000000     7.23342934  -113.59406766     1.00000000  -113.31148240  -113.50524130  -113.32682050  -113.56798690
2.60000000     7.00000000     7.46726188  -113.59359630     1.00000000  -113.31124750  -113.50473340  -113.32661820  -113.56750730
2.60000000     7.25000000     7.70211010  -113.59324828     1.00000000  -113.31108280  -113.50436540  -113.32647420  -113.56715520
2.60000000     7.50000000     7.93788385  -113.59298329     1.00000000  -113.31096510  -113.50409440  -113.32636750  -113.56688970
2.60000000     7.75000000     8.17450304  -113.59277973     1.00000000  -113.31087920  -113.50389130  -113.32628630  -113.56668700


2.70000000     1.50000000     3.08868904  -112.86155985     1.00000000  -112.42785340  -112.62077550  -112.52510890  -112.79229140
2.70000000     1.75000000     3.21753011  -113.41411444     1.00000000  -113.03724240  -113.23267100  -113.09348100  -113.36020390
2.70000000     2.00000000     3.36005952  -113.65785032     1.00000000  -113.31407710  -113.51431260  -113.34914500  -113.61469550
2.70000000     2.25000000     3.51461235  -113.74866637     1.00000000  -113.42371820  -113.62726370  -113.44764030  -113.71196510
2.70000000     2.50000000     3.67967390  -113.76694520     1.00000000  -113.45240080  -113.65776940  -113.47101840  -113.73393160
2.70000000     2.75000000     3.85389413  -113.75409999     1.00000000  -113.44554360  -113.65158330  -113.46181420  -113.72317360
2.70000000     3.00000000     4.03608721  -113.73190361     1.00000000  -113.42729650  -113.63295880  -113.44264030  -113.70214570
2.70000000     3.25000000     4.22522189  -113.71055700     1.00000000  -113.40875730  -113.61373130  -113.42381540  -113.68153210
2.70000000     3.50000000     4.42040722  -113.69137955     1.00000000  -113.39167980  -113.59623870  -113.40660990  -113.66295100
2.70000000     3.75000000     4.62087654  -113.67365418     1.00000000  -113.37568100  -113.58005200  -113.39044900  -113.64576120
2.70000000     4.00000000     4.82597140  -113.65720156     1.00000000  -113.36083370  -113.56505480  -113.37539420  -113.62980520
2.70000000     4.25000000     5.03512661  -113.64220172     1.00000000  -113.34745280  -113.55141670  -113.36179850  -113.61526560
2.70000000     4.50000000     5.24785671  -113.62891968     1.00000000  -113.33589320  -113.53937730  -113.35004790  -113.60240330
2.70000000     4.75000000     5.46374414  -113.61757766     1.00000000  -113.32644090  -113.52913970  -113.34044760  -113.59143680
2.70000000     5.00000000     5.68242906  -113.60830572     1.00000000  -113.31921010  -113.52080610  -113.33312800  -113.58248880


2.80000000     1.50000000     3.17647603  -112.86146038     1.00000000  -112.42869460  -112.62169780  -112.52068660  -112.79150380
2.80000000     1.75000000     3.30189340  -113.40980476     1.00000000  -113.03177880  -113.23246470  -113.09266440  -113.35839180
2.80000000     2.00000000     3.44093011  -113.65427028     1.00000000  -113.31274430  -113.51258600  -113.34726080  -113.61172850
2.80000000     2.25000000     3.59200501  -113.74374234     1.00000000  -113.42098070  -113.62415560  -113.44437080  -113.70763530
2.80000000     2.50000000     3.75366488  -113.76038844     1.00000000  -113.44787990  -113.65306370  -113.46593490  -113.72797140
2.80000000     2.75000000     3.92460189  -113.74572105     1.00000000  -113.43899630  -113.64516610  -113.45466950  -113.71542260
2.80000000     3.00000000     4.10365691  -113.72160423     1.00000000  -113.41862810  -113.62472650  -113.43334610  -113.69250570
2.80000000     3.25000000     4.28981352  -113.69897866     1.00000000  -113.39869790  -113.60418500  -113.41311180  -113.67059530
2.80000000     3.50000000     4.48218697  -113.67928128     1.00000000  -113.38111710  -113.58616250  -113.39539990  -113.65148840
2.80000000     3.75000000     4.68001068  -113.66143465     1.00000000  -113.36503690  -113.56985950  -113.37915750  -113.63417760
2.80000000     4.00000000     4.88262225  -113.64505623     1.00000000  -113.35029450  -113.55494020  -113.36420910  -113.61829600
2.80000000     4.25000000     5.08944987  -113.63023811     1.00000000  -113.33711710  -113.54148170  -113.35082150  -113.60393680
2.80000000     4.50000000     5.30000000  -113.61719975     1.00000000  -113.32581650  -113.52967700  -113.33933790  -113.59131500
2.80000000     4.75000000     5.51384621  -113.60613352     1.00000000  -113.31664480  -113.51969570  -113.33002870  -113.58061780
2.80000000     5.00000000     5.73061951  -113.59714379     1.00000000  -113.30968090  -113.51161350  -113.32298530  -113.57194140
2.80000000     5.25000000     5.95000000  -113.59014858     1.00000000  -113.30474870  -113.50536740  -113.31804560  -113.56521290
2.80000000     5.50000000     6.17170965  -113.58437549     1.00000000  -113.30145950  -113.50069060  -113.31488520  -113.55984950
2.80000000     5.75000000     6.39550623  -113.58070815     1.00000000  -113.29945970  -113.49677720  -113.31313970  -113.55613160
2.80000000     6.00000000     6.62117814  -113.57863793     1.00000000  -113.29836470  -113.49442400  -113.31215820  -113.55397720
2.80000000     6.25000000     6.84853999  -113.57730380     1.00000000  -113.29770510  -113.49298530  -113.31157240  -113.55261660
2.80000000     6.50000000     7.07742891  -113.57641228     1.00000000  -113.29728050  -113.49203060  -113.31120350  -113.55171070
2.80000000     6.75000000     7.30770142  -113.57579486     1.00000000  -113.29699320  -113.49136650  -113.31095830  -113.55108280
2.80000000     7.00000000     7.53923073  -113.57534890     1.00000000  -113.29679200  -113.49089050  -113.31078630  -113.55063040
2.80000000     7.25000000     7.77190453  -113.57501608     1.00000000  -113.29664780  -113.49054260  -113.31065990  -113.55029480
2.80000000     7.50000000     8.00562302  -113.57476161     1.00000000  -113.29654250  -113.49028400  -113.31056380  -113.55004020
2.80000000     7.75000000     8.24029732  -113.57456248     1.00000000  -113.29646420  -113.49008850  -113.31048920  -113.54984290
2.80000000     8.00000000     8.47584804  -113.57440721     1.00000000  -113.29640430  -113.48993820  -113.31043070  -113.54968960
2.80000000     8.25000000     8.71220408  -113.57428630     1.00000000  -113.29635680  -113.48982030  -113.31038480  -113.54957000
2.80000000     8.50000000     8.94930165  -113.57419003     1.00000000  -113.29631780  -113.48972590  -113.31034860  -113.54947480
2.80000000     8.75000000     9.18708332  -113.57411409     1.00000000  -113.29628480  -113.48964880  -113.31032010  -113.54939910
2.80000000     9.00000000     9.42549733  -113.57405262     1.00000000  -113.29625650  -113.48958500  -113.31029730  -113.54933760
2.80000000     9.25000000     9.66449688  -113.57400473     1.00000000  -113.29623190  -113.48953140  -113.31027900  -113.54928860
2.80000000     9.50000000     9.90403958  -113.57396611     1.00000000  -113.29621070  -113.48948610  -113.31026400  -113.54924850
2.80000000     9.75000000    10.14408695  -113.57393476     1.00000000  -113.29619240  -113.48944770  -113.31025160  -113.54921550
2.80000000    10.00000000    10.38460399  -113.57390901     1.00000000  -113.29617670  -113.48941490  -113.31024110  -113.54918800


2.90000000     1.50000000     3.26496554  -112.85878151     1.00000000  -112.43104830  -112.62040500  -112.52357530  -112.78950050
2.90000000     1.75000000     3.38710791  -113.40769739     1.00000000  -113.03498480  -113.22978800  -113.09012570  -113.35496610
2.90000000     2.00000000     3.52278299  -113.64938415     1.00000000  -113.30968530  -113.50918080  -113.34383800  -113.60734540
2.90000000     2.25000000     3.67049043  -113.73773286     1.00000000  -113.41680500  -113.61958830  -113.43984680  -113.70210980
2.90000000     2.50000000     3.82883794  -113.75290032     1.00000000  -113.44214250  -113.64702290  -113.45982460  -113.72096010
2.90000000     2.75000000     3.99656102  -113.73639883     1.00000000  -113.43127310  -113.63737120  -113.44654060  -113.70659800
2.90000000     3.00000000     4.17252921  -113.71027890     1.00000000  -113.40858150  -113.61507160  -113.42286140  -113.68172290
2.90000000     3.25000000     4.35574333  -113.68612365     1.00000000  -113.38700080  -113.59297720  -113.40095910  -113.65826980
2.90000000     3.50000000     4.54532727  -113.66578465     1.00000000  -113.36875750  -113.57429880  -113.38257730  -113.63851340
2.90000000     3.75000000     4.74051685  -113.64773909     1.00000000  -113.35251330  -113.55780470  -113.36617110  -113.62100520
2.90000000     4.00000000     4.94064773  -113.63138286     1.00000000  -113.33782340  -113.54291200  -113.35127870  -113.60514670
2.90000000     4.25000000     5.14514334  -113.61670652     1.00000000  -113.32481140  -113.52959270  -113.33806290  -113.59092820
2.90000000     4.50000000     5.35350353  -113.60387714     1.00000000  -113.31373810  -113.51798600  -113.32681590  -113.57851180
2.90000000     4.75000000     5.56529424  -113.59305054     1.00000000  -113.30481630  -113.50822440  -113.31776700  -113.56804770
2.90000000     5.00000000     5.78013841  -113.58430393     1.00000000  -113.29808470  -113.50035530  -113.31096490  -113.55960420
2.90000000     5.25000000     5.99770790  -113.57754841     1.00000000  -113.29333420  -113.49429860  -113.30620880  -113.55309700
2.90000000     5.50000000     6.21771662  -113.57195688     1.00000000  -113.29015830  -113.48980380  -113.30314450  -113.54791160
2.90000000     5.75000000     6.43991460  -113.56819565     1.00000000  -113.28819430  -113.48589940  -113.30148670  -113.54414370
2.90000000     6.00000000     6.66408283  -113.56622226     1.00000000  -113.28715600  -113.48355260  -113.30057100  -113.54205550
2.90000000     6.25000000     6.89002903  -113.56493739     1.00000000  -113.28653490  -113.48215970  -113.30002550  -113.54074320
2.90000000     6.50000000     7.11758386  -113.56407637     1.00000000  -113.28613430  -113.48123480  -113.29968100  -113.53986760
2.90000000     6.75000000     7.34659785  -113.56347728     1.00000000  -113.28586230  -113.48059120  -113.29945050  -113.53925870
2.90000000     7.00000000     7.57693870  -113.56304193     1.00000000  -113.28567090  -113.48012920  -113.29928760  -113.53881800
2.90000000     7.25000000     7.80848897  -113.56271629     1.00000000  -113.28553310  -113.47978940  -113.29916690  -113.53848980
2.90000000     7.50000000     8.04114420  -113.56246636     1.00000000  -113.28543210  -113.47953630  -113.29907460  -113.53824000
2.90000000     7.75000000     8.27481118  -113.56227135     1.00000000  -113.28535650  -113.47934440  -113.29900250  -113.53804660
2.90000000     8.00000000     8.50940656  -113.56211811     1.00000000  -113.28529830  -113.47919630  -113.29894580  -113.53789540
2.90000000     8.25000000     8.74485563  -113.56199747     1.00000000  -113.28525190  -113.47907960  -113.29890110  -113.53777640
2.90000000     8.50000000     8.98109125  -113.56190224     1.00000000  -113.28521360  -113.47898600  -113.29886590  -113.53768220
2.90000000     8.75000000     9.21805294  -113.56182692     1.00000000  -113.28518110  -113.47890940  -113.29883810  -113.53760710
2.90000000     9.00000000     9.45568612  -113.56176729     1.00000000  -113.28515300  -113.47884580  -113.29881580  -113.53754690
2.90000000     9.25000000     9.69394141  -113.56171818     1.00000000  -113.28512860  -113.47879240  -113.29879790  -113.53749720
2.90000000     9.50000000     9.93277403  -113.56167978     1.00000000  -113.28510760  -113.47874720  -113.29878320  -113.53745730
2.90000000     9.75000000    10.17214333  -113.56164838     1.00000000  -113.28508950  -113.47870890  -113.29877100  -113.53742430
2.90000000    10.00000000    10.41201229  -113.56162260     1.00000000  -113.28507400  -113.47867620  -113.29876060  -113.53739680


3.00000000     1.50000000     3.35410197  -112.85476421     1.00000000  -112.42869620  -112.61776760  -112.52080150  -112.78595260
3.00000000     1.75000000     3.47311100  -113.40269788     1.00000000  -113.03150900  -113.22605870  -113.08636810  -113.35041140
3.00000000     2.00000000     3.60555128  -113.64364165     1.00000000  -113.30542890  -113.50465090  -113.33934700  -113.60202560
3.00000000     2.25000000     3.75000000  -113.73113055     1.00000000  -113.41172330  -113.61416150  -113.43454380  -113.69591210
3.00000000     2.50000000     3.90512484  -113.74508623     1.00000000  -113.43583560  -113.64036630  -113.45328200  -113.71353710
3.00000000     2.75000000     4.06970515  -113.72694117     1.00000000  -113.42319700  -113.62908500  -113.43820060  -113.69752900
3.00000000     3.00000000     4.24264069  -113.69876940     1.00000000  -113.39809090  -113.60488500  -113.41207050  -113.67064960
3.00000000     3.25000000     4.42295150  -113.67272451     1.00000000  -113.37449250  -113.58094060  -113.38813710  -113.64531770
3.00000000     3.50000000     4.60977223  -113.65161672     1.00000000  -113.35540420  -113.56146400  -113.36889620  -113.62477830
3.00000000     3.75000000     4.80234318  -113.63328826     1.00000000  -113.33890190  -113.54469800  -113.35223140  -113.60698990
3.00000000     4.00000000     5.00000000  -113.61689847     1.00000000  -113.32420660  -113.52977780  -113.33733860  -113.59109970
3.00000000     4.25000000     5.20216301  -113.60232313     1.00000000  -113.31131770  -113.51655540  -113.32425370  -113.57698090
3.00000000     4.50000000     5.40832691  -113.58966788     1.00000000  -113.30043620  -113.50511060  -113.31320840  -113.56473480
3.00000000     4.75000000     5.61805126  -113.57904765     1.00000000  -113.29172970  -113.49553390  -113.30438520  -113.55447010
3.00000000     5.00000000     5.83095189  -113.57050862     1.00000000  -113.28519460  -113.48784250  -113.29778840  -113.54622410
3.00000000     5.25000000     6.04669331  -113.56395544     1.00000000  -113.28059170  -113.48193830  -113.29318260  -113.53990130
3.00000000     5.50000000     6.26498204  -113.55869324     1.00000000  -113.27750490  -113.47758080  -113.29018200  -113.53497250
3.00000000     5.75000000     6.48556089  -113.55462027     1.00000000  -113.27554450  -113.47373350  -113.28858040  -113.53103070
3.00000000     6.00000000     6.70820393  -113.55276193     1.00000000  -113.27454760  -113.47133100  -113.28771690  -113.52899890
3.00000000     6.25000000     6.93271231  -113.55152011     1.00000000  -113.27395740  -113.46997470  -113.28720390  -113.52772760
3.00000000     6.50000000     7.15891053  -113.55068622     1.00000000  -113.27357660  -113.46907650  -113.28687940  -113.52687900
3.00000000     6.75000000     7.38664335  -113.55010221     1.00000000  -113.27331760  -113.46845110  -113.28666140  -113.52628620
3.00000000     7.00000000     7.61577311  -113.54967663     1.00000000  -113.27313480  -113.46800100  -113.28650630  -113.52585590
3.00000000     7.25000000     7.84617741  -113.54935743     1.00000000  -113.27300280  -113.46766920  -113.28639080  -113.52553460
3.00000000     7.50000000     8.07774721  -113.54911182     1.00000000  -113.27290560  -113.46742140  -113.28630190  -113.52528940
3.00000000     7.75000000     8.31038507  -113.54891955     1.00000000  -113.27283260  -113.46723280  -113.28623220  -113.52509890
3.00000000     8.00000000     8.54400375  -113.54876829     1.00000000  -113.27277600  -113.46708670  -113.28617720  -113.52494970
3.00000000     8.25000000     8.77852493  -113.54864901     1.00000000  -113.27273070  -113.46697140  -113.28613380  -113.52483210
3.00000000     8.50000000     9.01387819  -113.54855495     1.00000000  -113.27269300  -113.46687840  -113.28609950  -113.52473890
3.00000000     8.75000000     9.25000000  -113.54848038     1.00000000  -113.27266080  -113.46680230  -113.28607230  -113.52466450
3.00000000     9.00000000     9.48683298  -113.54842105     1.00000000  -113.27263300  -113.46673890  -113.28605060  -113.52460460
3.00000000     9.25000000     9.72432517  -113.54837234     1.00000000  -113.27260890  -113.46668560  -113.28603300  -113.52455520
3.00000000     9.50000000     9.96242942  -113.54833411     1.00000000  -113.27258800  -113.46664060  -113.28601860  -113.52451550
3.00000000     9.75000000    10.20110288  -113.54830273     1.00000000  -113.27257010  -113.46660230  -113.28600650  -113.52448250
3.00000000    10.00000000    10.44030651  -113.54827687     1.00000000  -113.27255470  -113.46656970  -113.28599630  -113.52445500


3.10000000     1.50000000     3.44383507  -112.85000749     1.00000000  -112.42541260  -112.61412790  -112.51724390  -112.78158940
3.10000000     1.75000000     3.55984550  -113.39696859     1.00000000  -113.02707590  -113.22139180  -113.08175890  -113.34506510
3.10000000     2.00000000     3.68917335  -113.63732854     1.00000000  -113.30033830  -113.49935870  -113.33410880  -113.59607680
3.10000000     2.25000000     3.83046995  -113.72421176     1.00000000  -113.40605960  -113.60823050  -113.42874230  -113.68934100
3.10000000     2.50000000     3.98246155  -113.73726731     1.00000000  -113.42930490  -113.63350710  -113.44660780  -113.70605050
3.10000000     2.75000000     4.14397152  -113.71780731     1.00000000  -113.41526050  -113.62088450  -113.43010100  -113.68871190
3.10000000     3.00000000     4.31393092  -113.68762455     1.00000000  -113.38802420  -113.59475770  -113.40182440  -113.65984780
3.10000000     3.25000000     4.49138063  -113.65937235     1.00000000  -113.36181990  -113.56875840  -113.37525400  -113.63235780
3.10000000     3.50000000     4.67546789  -113.63732892     1.00000000  -113.34167440  -113.54828390  -113.35493630  -113.61085600
3.10000000     3.75000000     4.86543934  -113.61863033     1.00000000  -113.32480800  -113.53116010  -113.33790450  -113.59270040
3.10000000     4.00000000     5.06063237  -113.60214866     1.00000000  -113.31004490  -113.51615560  -113.32294950  -113.57672090
3.10000000     4.25000000     5.26046576  -113.58763232     1.00000000  -113.29723470  -113.50298800  -113.30995210  -113.56266000
3.10000000     4.50000000     5.46443044  -113.57511629     1.00000000  -113.28650850  -113.49166940  -113.29907200  -113.55054910
3.10000000     4.75000000     5.67208075  -113.56466951     1.00000000  -113.27798270  -113.48224510  -113.29043970  -113.54045110
3.10000000     5.00000000     5.88302643  -113.55630441     1.00000000  -113.27161000  -113.47469760  -113.28401410  -113.53236900
3.10000000     5.25000000     6.09692545  -113.54991157     1.00000000  -113.26712480  -113.46891050  -113.27952960  -113.52619120
3.10000000     5.50000000     6.31347765  -113.54504405     1.00000000  -113.26410730  -113.46464820  -113.27657600  -113.52154720
3.10000000     5.75000000     6.53241915  -113.54022733     1.00000000  -113.26213120  -113.46147550  -113.27499540  -113.51736630
3.10000000     6.00000000     6.75351760  -113.53880753     1.00000000  -113.26115910  -113.45838250  -113.27417520  -113.51537830
3.10000000     6.25000000     6.97656792  -113.53760272     1.00000000  -113.26059500  -113.45705750  -113.27368970  -113.51414220
3.10000000     6.50000000     7.20138875  -113.53679290     1.00000000  -113.26023160  -113.45618300  -113.27338240  -113.51331750
3.10000000     6.75000000     7.42781933  -113.53622351     1.00000000  -113.25998400  -113.45557380  -113.27317530  -113.51273980
3.10000000     7.00000000     7.65571682  -113.53580653     1.00000000  -113.25980910  -113.45513490  -113.27302730  -113.51231890
3.10000000     7.25000000     7.88495403  -113.53549348     1.00000000  -113.25968240  -113.45481080  -113.27291650  -113.51200420
3.10000000     7.50000000     8.11541743  -113.53525138     1.00000000  -113.25958880  -113.45456750  -113.27283080  -113.51176280
3.10000000     7.75000000     8.34700545  -113.53506204     1.00000000  -113.25951820  -113.45438210  -113.27276340  -113.51157530
3.10000000     8.00000000     8.57962703  -113.53491279     1.00000000  -113.25946320  -113.45423800  -113.27271000  -113.51142810
3.10000000     8.25000000     8.81320033  -113.53479496     1.00000000  -113.25941880  -113.45412390  -113.27266780  -113.51131190
3.10000000     8.50000000     9.04765163  -113.53470180     1.00000000  -113.25938170  -113.45403170  -113.27263440  -113.51121960
3.10000000     8.75000000     9.28291441  -113.53462787     1.00000000  -113.25934990  -113.45395600  -113.27260790  -113.51114580
3.10000000     9.00000000     9.51892851  -113.53456917     1.00000000  -113.25932240  -113.45389280  -113.27258670  -113.51108640
3.10000000     9.25000000     9.75563939  -113.53452186     1.00000000  -113.25929850  -113.45383970  -113.27256950  -113.51103800
3.10000000     9.50000000     9.99299755  -113.53448239     1.00000000  -113.25927780  -113.45379470  -113.27255530  -113.51099750
3.10000000     9.75000000    10.23095792  -113.53445119     1.00000000  -113.25926000  -113.45375660  -113.27254340  -113.51096470
3.10000000    10.00000000    10.46947945  -113.53442551     1.00000000  -113.25924480  -113.45372400  -113.27253330  -113.51093730


3.20000000     1.50000000     3.53411941  -112.84323306     1.00000000  -112.41756580  -112.61011330  -112.51321340  -112.77669210
3.20000000     1.75000000     3.64725924  -113.39073278     1.00000000  -113.02199820  -113.21607090  -113.07657270  -113.33916690
3.20000000     2.00000000     3.77359245  -113.63062983     1.00000000  -113.29467010  -113.49354460  -113.32834860  -113.58969970
3.20000000     2.25000000     3.91184100  -113.71712272     1.00000000  -113.40001420  -113.60199770  -113.42261060  -113.68255850
3.20000000     2.50000000     4.06078810  -113.72956833     1.00000000  -113.42270280  -113.62663970  -113.43991790  -113.69864500
3.20000000     2.75000000     4.21930089  -113.70914092     1.00000000  -113.40766050  -113.61301740  -113.42240350  -113.68032310
3.20000000     3.00000000     4.38634244  -113.67745107     1.00000000  -113.37879390  -113.58533110  -113.39248140  -113.64992870
3.20000000     3.25000000     4.56097577  -113.64665902     1.00000000  -113.34955890  -113.55711970  -113.36284410  -113.62001090
3.20000000     3.50000000     4.74236228  -113.62333750     1.00000000  -113.32804150  -113.53523800  -113.34114210  -113.59718140
3.20000000     3.75000000     4.92975659  -113.60417801     1.00000000  -113.31069270  -113.51766480  -113.32362030  -113.57856690
3.20000000     4.00000000     5.12249939  -113.58754356     1.00000000  -113.29579520  -113.50251920  -113.30853620  -113.56243870
3.20000000     4.25000000     5.32000940  -113.57304321     1.00000000  -113.28301830  -113.48936520  -113.29558090  -113.54839340
3.20000000     4.50000000     5.52177508  -113.56063348     1.00000000  -113.27241110  -113.47813970  -113.28482910  -113.53638470
3.20000000     4.75000000     5.72734668  -113.55032882     1.00000000  -113.26403280  -113.46883610  -113.27635370  -113.52642190
3.20000000     5.00000000     5.93632883  -113.54210412     1.00000000  -113.25779080  -113.46139950  -113.27006730  -113.51847040
3.20000000     5.25000000     6.14837377  -113.53583411     1.00000000  -113.25339570  -113.45569470  -113.26567820  -113.51240140
3.20000000     5.50000000     6.36317531  -113.53120495     1.00000000  -113.25042910  -113.45149130  -113.26276370  -113.50793020
3.20000000     5.75000000     6.58046351  -113.52603252     1.00000000  -113.24846640  -113.44847370  -113.26116540  -113.50356740
3.20000000     6.00000000     6.80000000  -113.52476434     1.00000000  -113.24745820  -113.44517430  -113.26038190  -113.50161660
3.20000000     6.25000000     7.02157390  -113.52359324     1.00000000  -113.24691710  -113.44387610  -113.25992020  -113.50041190
3.20000000     6.50000000     7.24499827  -113.52280396     1.00000000  -113.24656920  -113.44302330  -113.25962810  -113.49960810
3.20000000     6.75000000     7.47010709  -113.52224762     1.00000000  -113.24633230  -113.44242910  -113.25943080  -113.49904400
3.20000000     7.00000000     7.69675256  -113.52183916     1.00000000  -113.24616460  -113.44200040  -113.25928930  -113.49863210
3.20000000     7.25000000     7.92480284  -113.52153129     1.00000000  -113.24604290  -113.44168320  -113.25918290  -113.49832310
3.20000000     7.50000000     8.15414005  -113.52129307     1.00000000  -113.24595270  -113.44144460  -113.25910020  -113.49808580
3.20000000     7.75000000     8.38465861  -113.52110663     1.00000000  -113.24588430  -113.44126210  -113.25903500  -113.49790120
3.20000000     8.00000000     8.61626369  -113.52095914     1.00000000  -113.24583070  -113.44112010  -113.25898320  -113.49775590
3.20000000     8.25000000     8.84886998  -113.52084267     1.00000000  -113.24578720  -113.44100710  -113.25894220  -113.49764100
3.20000000     8.50000000     9.08240056  -113.52075063     1.00000000  -113.24575080  -113.44091560  -113.25890970  -113.49754970
3.20000000     8.75000000     9.31678593  -113.52067737     1.00000000  -113.24571940  -113.44084030  -113.25888380  -113.49747650
3.20000000     9.00000000     9.55196315  -113.52061908     1.00000000  -113.24569210  -113.44077740  -113.25886300  -113.49741750
3.20000000     9.25000000     9.78787515  -113.52057224     1.00000000  -113.24566840  -113.44072450  -113.25884620  -113.49736950
3.20000000     9.50000000    10.02447006  -113.52053424     1.00000000  -113.24564800  -113.44067970  -113.25883220  -113.49733000
3.20000000     9.75000000    10.26170064  -113.52050180     1.00000000  -113.24563040  -113.44064160  -113.25882050  -113.49729640
3.20000000    10.00000000    10.49952380  -113.52047609     1.00000000  -113.24561540  -113.44060910  -113.25881050  -113.49726900


3.30000000     1.50000000     3.62491379  -112.84044391     1.00000000  -112.41748960  -112.60515870  -112.50802800  -112.77199560
3.30000000     1.75000000     3.73530454  -113.38415164     1.00000000  -113.01651690  -113.21030790  -113.07102110  -113.33289230
3.30000000     2.00000000     3.85875628  -113.62367072     1.00000000  -113.28861270  -113.48737480  -113.32223160  -113.58303110
3.30000000     2.25000000     3.99405809  -113.70994145     1.00000000  -113.39371920  -113.59558190  -113.41625780  -113.67565410
3.30000000     2.50000000     4.14004831  -113.72201547     1.00000000  -113.41608980  -113.61983260  -113.43324570  -113.69135810
3.30000000     2.75000000     4.29563732  -113.70092615     1.00000000  -113.40040360  -113.60552610  -113.41508410  -113.67236330
3.30000000     3.00000000     4.45982062  -113.66819829     1.00000000  -113.37037980  -113.57674440  -113.38398810  -113.64090580
3.30000000     3.25000000     4.63168436  -113.63523488     1.00000000  -113.33867350  -113.54648090  -113.35186390  -113.60885620
3.30000000     3.50000000     4.81040539  -113.60996768     1.00000000  -113.31487180  -113.52272120  -113.32785770  -113.58410160
3.30000000     3.75000000     4.99524774  -113.59025107     1.00000000  -113.29690720  -113.50458140  -113.30970510  -113.56492340
3.30000000     4.00000000     5.18555686  -113.57339925     1.00000000  -113.28180500  -113.48923660  -113.29441910  -113.54858390
3.30000000     4.25000000     5.38075274  -113.55887082     1.00000000  -113.26901610  -113.47605840  -113.28145910  -113.53451220
3.30000000     4.50000000     5.58032257  -113.54653439     1.00000000  -113.25849310  -113.46489690  -113.27079920  -113.52257390
3.30000000     4.75000000     5.78381362  -113.53634260     1.00000000  -113.25023150  -113.45568690  -113.26244800  -113.51271760
3.30000000     5.00000000     5.99082632  -113.52822300     1.00000000  -113.24408970  -113.44833090  -113.25627010  -113.50486320
3.30000000     5.25000000     6.20100798  -113.52203473     1.00000000  -113.23975730  -113.44267080  -113.25195100  -113.49886350
3.30000000     5.50000000     6.41404708  -113.51751962     1.00000000  -113.23682140  -113.43848170  -113.24906550  -113.49447060
3.30000000     5.75000000     6.62966817  -113.51210210     1.00000000  -113.23486990  -113.43548160  -113.24741220  -113.48994400
3.30000000     6.00000000     6.84762733  -113.51017319     1.00000000  -113.23356940  -113.43335390  -113.24666040  -113.48802090
3.30000000     6.25000000     7.06770826  -113.50978480     1.00000000  -113.23327320  -113.43077510  -113.24621970  -113.48684460
3.30000000     6.50000000     7.28971879  -113.50901375     1.00000000  -113.23293960  -113.42994220  -113.24594110  -113.48605950
3.30000000     6.75000000     7.51348787  -113.50846975     1.00000000  -113.23271240  -113.42936200  -113.24575270  -113.48550820
3.30000000     7.00000000     7.73886297  -113.50806881     1.00000000  -113.23255150  -113.42894310  -113.24561720  -113.48510450
3.30000000     7.25000000     7.96570775  -113.50776607     1.00000000  -113.23243450  -113.42863290  -113.24551490  -113.48480120
3.30000000     7.50000000     8.19390017  -113.50753181     1.00000000  -113.23234750  -113.42839790  -113.24543520  -113.48456770
3.30000000     7.75000000     8.42333070  -113.50734768     1.00000000  -113.23228120  -113.42821860  -113.24537200  -113.48438570
3.30000000     8.00000000     8.65390085  -113.50720228     1.00000000  -113.23222910  -113.42807840  -113.24532180  -113.48424240
3.30000000     8.25000000     8.88552193  -113.50708716     1.00000000  -113.23218650  -113.42796650  -113.24528200  -113.48412880
3.30000000     8.50000000     9.11811384  -113.50699591     1.00000000  -113.23215060  -113.42787570  -113.24525030  -113.48403830
3.30000000     8.75000000     9.35160414  -113.50692343     1.00000000  -113.23211960  -113.42780090  -113.24522500  -113.48396580
3.30000000     9.00000000     9.58592719  -113.50686571     1.00000000  -113.23209260  -113.42773830  -113.24520470  -113.48390730
3.30000000     9.25000000     9.82102337  -113.50681908     1.00000000  -113.23206920  -113.42768560  -113.24518820  -113.48385950


3.40000000     1.50000000     3.71618084  -112.83361165     1.00000000  -112.41339460  -112.60031560  -112.50471030  -112.76612590
3.40000000     1.75000000     3.82393776  -113.37734953     1.00000000  -113.01082330  -113.20426420  -113.06527440  -113.32637620
3.40000000     2.00000000     3.94461658  -113.61654152     1.00000000  -113.28230930  -113.48096960  -113.31588450  -113.57616990
3.40000000     2.25000000     4.07707003  -113.70271606     1.00000000  -113.38727000  -113.58905930  -113.40976320  -113.66868380
3.40000000     2.50000000     4.22018957  -113.71459906     1.00000000  -113.40949460  -113.61310530  -113.42660160  -113.68418800
3.40000000     2.75000000     4.37292808  -113.69308974     1.00000000  -113.39342920  -113.59836730  -113.40805980  -113.66476670
3.40000000     3.00000000     4.53431362  -113.65963890     1.00000000  -113.36263660  -113.56883960  -113.37618440  -113.63257470
3.40000000     3.25000000     4.70345618  -113.62537341     1.00000000  -113.32952000  -113.53711750  -113.34263650  -113.59916330
3.40000000     3.50000000     4.87954916  -113.59759818     1.00000000  -113.30249490  -113.51123220  -113.31539470  -113.57203580
3.40000000     3.75000000     5.06186724  -113.57711670     1.00000000  -113.28372710  -113.49223760  -113.29641450  -113.55205590
3.40000000     4.00000000     5.24976190  -113.55998058     1.00000000  -113.26834530  -113.47662190  -113.28084570  -113.53543560
3.40000000     4.25000000     5.44265560  -113.54537969     1.00000000  -113.25550020  -113.46338200  -113.26783210  -113.52129490
3.40000000     4.50000000     5.64003546  -113.53308710     1.00000000  -113.24503060  -113.45226640  -113.25722830  -113.50940090
3.40000000     4.75000000     5.84144674  -113.52297917     1.00000000  -113.23685830  -113.44313610  -113.24896990  -113.49962690
3.40000000     5.00000000     6.04648658  -113.51492738     1.00000000  -113.23078760  -113.43583730  -113.24287030  -113.49183710
3.40000000     5.25000000     6.25479816  -113.50876459     1.00000000  -113.22648690  -113.43017760  -113.23859380  -113.48585520
3.40000000     5.50000000     6.46606526  -113.50426087     1.00000000  -113.22355510  -113.42594640  -113.23572100  -113.48145580
3.40000000     5.75000000     6.68000749  -113.50106094     1.00000000  -113.22159950  -113.42289370  -113.23384020  -113.47831820
3.40000000     6.00000000     6.89637586  -113.49667796     1.00000000  -113.22030220  -113.42072720  -113.23324740  -113.47480890
3.40000000     6.25000000     7.11494905  -113.49640956     1.00000000  -113.21992620  -113.41795760  -113.23282530  -113.47365880
3.40000000     6.50000000     7.33552997  -113.49561726     1.00000000  -113.21972330  -113.41726110  -113.23255890  -113.47289130
3.40000000     6.75000000     7.55794284  -113.49505584     1.00000000  -113.21956920  -113.41677250  -113.23237860  -113.47235180
3.40000000     7.00000000     7.78203058  -113.49464537     1.00000000  -113.21944390  -113.41640420  -113.23224870  -113.47195550
3.40000000     7.25000000     8.00765259  -113.49434043     1.00000000  -113.21933940  -113.41611660  -113.23215030  -113.47165750
3.40000000     7.50000000     8.23468275  -113.49410798     1.00000000  -113.21925070  -113.41588730  -113.23207340  -113.47142780
3.40000000     7.75000000     8.46300774  -113.49392791     1.00000000  -113.21917460  -113.41570290  -113.23201230  -113.47124830
3.40000000     8.00000000     8.69252552  -113.49378752     1.00000000  -113.21910810  -113.41555200  -113.23196360  -113.47110670
3.40000000     8.25000000     8.92314406  -113.49367799     1.00000000  -113.21904940  -113.41542670  -113.23192480  -113.47099440
3.40000000     8.50000000     9.15478017  -113.49359239     1.00000000  -113.21899710  -113.41532150  -113.23189390  -113.47090490
3.40000000     8.75000000     9.38735852  -113.49352502     1.00000000  -113.21895050  -113.41523250  -113.23186930  -113.47083300
3.40000000     9.00000000     9.62081078  -113.49347185     1.00000000  -113.21890920  -113.41515680  -113.23184940  -113.47077490
3.40000000     9.25000000     9.85507483  -113.49342938     1.00000000  -113.21887280  -113.41509200  -113.23183320  -113.47072740
3.40000000     9.50000000    10.09009415  -113.49339504     1.00000000  -113.21884110  -113.41503660  -113.23181970  -113.47068820
3.40000000     9.75000000    10.32581716  -113.49336716     1.00000000  -113.21881370  -113.41498890  -113.23180840  -113.47065560
3.40000000    10.00000000    10.56219674  -113.49334414     1.00000000  -113.21879000  -113.41494790  -113.23179860  -113.47062820


3.50000000     1.50000000     3.80788655  -112.82800992     1.00000000  -112.40949360  -112.59548830  -112.50063790  -112.76079950
3.50000000     1.75000000     3.91311896  -113.37042883     1.00000000  -113.00507550  -113.19806820  -113.05947550  -113.31972830
3.50000000     2.00000000     4.03112887  -113.60931183     1.00000000  -113.27587380  -113.47442100  -113.30940940  -113.56919220
3.50000000     2.25000000     4.16082924  -113.69548207     1.00000000  -113.38074110  -113.58248610  -113.40319110  -113.66168920
3.50000000     2.50000000     4.30116263  -113.70730703     1.00000000  -113.40294020  -113.60646510  -113.41999780  -113.67712810
3.50000000     2.75000000     4.45112345  -113.68555854     1.00000000  -113.38668180  -113.59148380  -113.40126170  -113.65746390
3.50000000     3.00000000     4.60977223  -113.65161646     1.00000000  -113.35540420  -113.56146390  -113.36889620  -113.62477810
3.50000000     3.25000000     4.77624329  -113.61655447     1.00000000  -113.32137880  -113.52888720  -113.33441740  -113.59054480
3.50000000     3.50000000     4.94974747  -113.58704774     1.00000000  -113.29162280  -113.50151520  -113.30443180  -113.56177090
3.50000000     3.75000000     5.12957113  -113.56518246     1.00000000  -113.27142470  -113.48109150  -113.28399790  -113.54038670
3.50000000     4.00000000     5.31507291  -113.54761914     1.00000000  -113.25566040  -113.46501900  -113.26803190  -113.52332570
3.50000000     4.25000000     5.50567889  -113.53287989     1.00000000  -113.24271410  -113.45165920  -113.25490860  -113.50905130
3.50000000     4.50000000     5.70087713  -113.52061926     1.00000000  -113.23227730  -113.44058680  -113.24432620  -113.49719100
3.50000000     4.75000000     5.90021186  -113.51058988     1.00000000  -113.22418350  -113.43159410  -113.23613300  -113.48751400
3.50000000     5.00000000     6.10327781  -113.50253479     1.00000000  -113.21816920  -113.42448740  -113.23008070  -113.47978800
3.50000000     5.25000000     6.30971473  -113.49623336     1.00000000  -113.21386630  -113.41899020  -113.22581150  -113.47377420
3.50000000     5.50000000     6.51920241  -113.49155000     1.00000000  -113.21088110  -113.41464200  -113.22292170  -113.46922180
3.50000000     5.75000000     6.73145601  -113.48845155     1.00000000  -113.20887630  -113.41117850  -113.22102030  -113.46600960
3.50000000     6.00000000     6.94622199  -113.48367296     1.00000000  -113.20756110  -113.40874380  -113.22031370  -113.46213360
3.50000000     6.25000000     7.16327439  -113.48347769     1.00000000  -113.20711560  -113.40586400  -113.21990820  -113.46100630
3.50000000     6.50000000     7.38241153  -113.48270365     1.00000000  -113.20690960  -113.40517320  -113.21965280  -113.46025460
3.50000000     6.75000000     7.60345316  -113.48212333     1.00000000  -113.20675900  -113.40474890  -113.21948010  -113.45972590
3.50000000     7.00000000     7.82623792  -113.47967238     1.00000000  -113.20816930  -113.40881890  -113.21935540  -113.45933740
3.50000000     7.25000000     8.05062109  -113.47933318     1.00000000  -113.20813270  -113.40863350  -113.21926070  -113.45904370
3.50000000     7.50000000     8.27647268  -113.47909477     1.00000000  -113.20806130  -113.40843180  -113.21918640  -113.45881760
3.50000000     7.75000000     8.50367568  -113.47890812     1.00000000  -113.20800560  -113.40827440  -113.21912720  -113.45864060
3.50000000     8.00000000     8.73212460  -113.47876118     1.00000000  -113.20796020  -113.40814910  -113.21908000  -113.45850090
3.50000000     8.25000000     8.96172416  -113.47864505     1.00000000  -113.20792190  -113.40804730  -113.21904230  -113.45838980
3.50000000     8.50000000     9.19238816  -113.47855325     1.00000000  -113.20788850  -113.40796320  -113.21901220  -113.45830110
3.50000000     8.75000000     9.42403841  -113.47848089     1.00000000  -113.20785890  -113.40789240  -113.21898810  -113.45823000
3.50000000     9.00000000     9.65660396  -113.47842260     1.00000000  -113.20783260  -113.40783260  -113.21896870  -113.45817210
3.50000000     9.25000000     9.89002022  -113.47837591     1.00000000  -113.20780930  -113.40778160  -113.21895280  -113.45812490
3.50000000     9.50000000    10.12422837  -113.47833798     1.00000000  -113.20778900  -113.40773790  -113.21893950  -113.45808590
3.50000000     9.75000000    10.35917468  -113.47830683     1.00000000  -113.20777140  -113.40770040  -113.21892830  -113.45805340
3.50000000    10.00000000    10.59481005  -113.47828125     1.00000000  -113.20775620  -113.40766800  -113.21891870  -113.45802620
