2.35000000     2.52702540     4.87702541  -113.79253354     1.00000000  -113.48385080  -113.67533930  -113.50675970  -113.75724560   % ASYM STRETCH
2.35775632     2.52514503     4.88290134  -113.79289087     1.00000000  -113.48437170  -113.67604620  -113.50713410  -113.75770920
2.36551263     2.52326465     4.88877728  -113.79321617     1.00000000  -113.48484820  -113.67671370  -113.50746770  -113.75813860
2.37326895     2.52142429     4.89469323  -113.79351062     1.00000000  -113.48528300  -113.67734400  -113.50776230  -113.75853520
2.38102526     2.51958392     4.90060918  -113.79377716     1.00000000  -113.48567650  -113.67793880  -113.50801900  -113.75890160
2.38878158     2.51782357     4.90660514  -113.79401703     1.00000000  -113.48603240  -113.67850140  -113.50824020  -113.75923960
2.39653789     2.51630326     4.91284116  -113.79422937     1.00000000  -113.48635630  -113.67903610  -113.50842940  -113.75954990
2.40429421     2.51530306     4.91959727  -113.79441210     1.00000000  -113.48665680  -113.67954810  -113.50859130  -113.75983250
2.41205053     2.51602321     4.92807373  -113.79454142     1.00000000  -113.48696280  -113.68005020  -113.50874000  -113.76007480
2.41980684     2.51650330     4.93631014  -113.79465271     1.00000000  -113.48722650  -113.68051770  -113.50885210  -113.76029380
2.42756316     2.51534307     4.94290623  -113.79477950     1.00000000  -113.48742100  -113.68094260  -113.50891790  -113.76051040
2.43531947     2.51362272     4.94894220  -113.79490784     1.00000000  -113.48757420  -113.68134250  -113.50895130  -113.76072010
2.44307579     2.51170234     4.95477813  -113.79503767     1.00000000  -113.48769620  -113.68172300  -113.50895790  -113.76092420
2.45083210     2.50970194     4.96053404  -113.79517002     1.00000000  -113.48779230  -113.68208890  -113.50894100  -113.76112480
2.45858842     2.50766153     4.96624995  -113.79531257     1.00000000  -113.48786630  -113.68244390  -113.50890380  -113.76132800
2.46634474     2.50562112     4.97196586  -113.79547508     1.00000000  -113.48792270  -113.68278900  -113.50884980  -113.76154010
2.47410105     2.50354071     4.97764176  -113.79567330     1.00000000  -113.48796540  -113.68312360  -113.50878330  -113.76177080
2.48185737     2.50150030     4.98335767  -113.79591989     1.00000000  -113.48800160  -113.68343610  -113.50871110  -113.76202360
2.48961368     2.49941988     4.98903357  -113.79621699     1.00000000  -113.48803750  -113.68368760  -113.50864330  -113.76228590
2.49737000     2.49737000     4.99474000  -113.79632935     1.00000000  -113.48808090  -113.68381370  -113.50859770  -113.76238820   % ASYM STRETCH
