2.20000000     2.20000000     3.98800000  -113.69752833     1.00000000  -113.36489276  -113.55807852  -113.39847122  -113.65567393   % POINTS AT 130
2.24000000     2.20000000     4.02400000  -113.70803091     1.00000000  -113.37811608  -113.57104573  -113.41038089  -113.66688276
2.24000000     2.24000000     4.06000000  -113.71742065     1.00000000  -113.38958244  -113.58338110  -113.42057952  -113.67717065
2.28000000     2.20000000     4.06000000  -113.71677046     1.00000000  -113.38932253  -113.58202510  -113.42042236  -113.67626893
2.28000000     2.24000000     4.09700000  -113.72589213     1.00000000  -113.40055934  -113.59402007  -113.43039910  -113.68626166
2.28000000     2.28000000     4.13300000  -113.73338455     1.00000000  -113.40985333  -113.60422214  -113.43856054  -113.69458419
2.32000000     2.20000000     4.09700000  -113.72394510     1.00000000  -113.39874834  -113.59124755  -113.42881947  -113.68404093
2.32000000     2.24000000     4.13300000  -113.73281235     1.00000000  -113.40975340  -113.60294727  -113.43856884  -113.69376366
2.32000000     2.28000000     4.16900000  -113.74001975     1.00000000  -113.41881981  -113.61278544  -113.44651187  -113.70177206
2.32000000     2.32000000     4.20500000  -113.74582812     1.00000000  -113.42618259  -113.62109246  -113.45286316  -113.70834981
2.36000000     2.20000000     4.13300000  -113.72975843     1.00000000  -113.40660553  -113.59891144  -113.43577185  -113.69039815
2.36000000     2.24000000     4.16900000  -113.73836799     1.00000000  -113.41737671  -113.61033738  -113.44528968  -113.69985675
2.36000000     2.28000000     4.20500000  -113.74531514     1.00000000  -113.42621591  -113.61987369  -113.45301059  -113.70758930
2.36000000     2.32000000     4.24200000  -113.75082772     1.00000000  -113.43335165  -113.62779177  -113.45914603  -113.71383729
2.36000000     2.36000000     4.27800000  -113.75515256     1.00000000  -113.43900152  -113.63443914  -113.46389213  -113.71888190
2.40000000     2.20000000     4.17000000  -113.73436995     1.00000000  -113.41308336  -113.60520494  -113.44145673  -113.69550893
2.40000000     2.24000000     4.20600000  -113.74273108     1.00000000  -113.42361985  -113.61636717  -113.45074088  -113.70471276
2.40000000     2.28000000     4.24200000  -113.74942549     1.00000000  -113.43223137  -113.62562762  -113.45823680  -113.71218362
2.40000000     2.32000000     4.27800000  -113.75467237     1.00000000  -113.43914372  -113.63323475  -113.46415482  -113.71814923
2.40000000     2.36000000     4.31400000  -113.75868810     1.00000000  -113.44456537  -113.63944767  -113.46868660  -113.72283929
2.40000000     2.40000000     4.35000000  -113.76171390     1.00000000  -113.44869965  -113.64464097  -113.47201246  -113.72654127
2.44000000     2.20000000     4.20600000  -113.73793652     1.00000000  -113.41834983  -113.61029381  -113.44603071  -113.69953152
2.44000000     2.24000000     4.24200000  -113.74605428     1.00000000  -113.42865290  -113.62120196  -113.45508154  -113.70848726
2.44000000     2.28000000     4.27800000  -113.75250340     1.00000000  -113.43703713  -113.63020045  -113.46235136  -113.71570611
2.44000000     2.32000000     4.31400000  -113.75749625     1.00000000  -113.44372754  -113.63753003  -113.46805058  -113.72140877
2.44000000     2.36000000     4.35000000  -113.76123874     1.00000000  -113.44892880  -113.64342081  -113.47236904  -113.72580785
2.44000000     2.40000000     4.38700000  -113.76393382     1.00000000  -113.45283161  -113.64812083  -113.47548084  -113.72912051
2.44000000     2.44000000     4.42300000  -113.76582634     1.00000000  -113.45562826  -113.65203864  -113.47755299  -113.73164867
2.48000000     2.20000000     4.24300000  -113.74059334     1.00000000  -113.42255333  -113.61432573  -113.44963148  -113.70260400
2.48000000     2.24000000     4.27900000  -113.74847321     1.00000000  -113.43262671  -113.62498939  -113.45845214  -113.71131864
2.48000000     2.28000000     4.31500000  -113.75468230     1.00000000  -113.44078579  -113.63373838  -113.46549703  -113.71829332
2.48000000     2.32000000     4.35100000  -113.75943245     1.00000000  -113.44725595  -113.64080934  -113.47097745  -113.72374698
2.48000000     2.36000000     4.38700000  -113.76291992     1.00000000  -113.45224053  -113.64641948  -113.47508289  -113.72788152
2.48000000     2.40000000     4.42300000  -113.76533260     1.00000000  -113.45592518  -113.65078449  -113.47798486  -113.73089299
2.48000000     2.44000000     4.45900000  -113.76686415     1.00000000  -113.45848472  -113.65413975  -113.47984183  -113.73298799
2.52000000     2.20000000     4.28000000  -113.74245634     1.00000000  -113.42582428  -113.61743255  -113.45237956  -113.70484665
2.52000000     2.24000000     4.31600000  -113.75010628     1.00000000  -113.43567425  -113.62786070  -113.46097598  -113.71332850
2.52000000     2.28000000     4.35100000  -113.75608375     1.00000000  -113.44361254  -113.63637156  -113.46779969  -113.72006848
2.52000000     2.32000000     4.38700000  -113.76060045     1.00000000  -113.44986558  -113.64319709  -113.47306334  -113.72528371
2.52000000     2.36000000     4.42300000  -113.76384685     1.00000000  -113.45463665  -113.64855161  -113.47695702  -113.72917153
2.52000000     2.40000000     4.45900000  -113.76600224     1.00000000  -113.45810943  -113.65263373  -113.47965139  -113.73191639
2.52000000     2.44000000     4.49500000  -113.76723979     1.00000000  -113.46045237  -113.65564264  -113.48130146  -113.73369904
2.52000000     2.48000000     4.53200000  -113.76774363     1.00000000  -113.46182605  -113.65780240  -113.48205178  -113.73471591
2.52000000     2.52000000     4.56800000  -113.76776453     1.00000000  -113.46240915  -113.65967087  -113.48204927  -113.73532676
2.56000000     2.20000000     4.31700000  -113.74362798     1.00000000  -113.42827685  -113.61972670  -113.45438001  -113.70636414
2.56000000     2.24000000     4.35200000  -113.75105876     1.00000000  -113.43791212  -113.62993202  -113.46276073  -113.71462470
2.56000000     2.28000000     4.38800000  -113.75681341     1.00000000  -113.44563636  -113.63821647  -113.46936963  -113.72113984
2.56000000     2.32000000     4.42400000  -113.76110482     1.00000000  -113.45167735  -113.64481026  -113.47442096  -113.72612681
2.56000000     2.36000000     4.46000000  -113.76412339     1.00000000  -113.45623909  -113.64992484  -113.47810586  -113.72978189
2.56000000     2.40000000     4.49600000  -113.76603965     1.00000000  -113.45950483  -113.65375407  -113.48059526  -113.73228239
2.56000000     2.44000000     4.53200000  -113.76701800     1.00000000  -113.46164042  -113.65647867  -113.48204288  -113.73379689
2.56000000     2.48000000     4.56800000  -113.76721649     1.00000000  -113.46279864  -113.65828200  -113.48258882  -113.73449087
2.56000000     2.52000000     4.60400000  -113.76680997     1.00000000  -113.46312703  -113.65937674  -113.48236505  -113.73455073
2.56000000     2.56000000     4.64000000  -113.76606519     1.00000000  -113.46280016  -113.66042530  -113.48151071  -113.73438415
2.60000000     2.20000000     4.35400000  -113.74419810     1.00000000  -113.43001066  -113.62130989  -113.45572416  -113.70724939
2.60000000     2.24000000     4.38900000  -113.75142049     1.00000000  -113.43944208  -113.63130593  -113.46389997  -113.71530050
2.60000000     2.28000000     4.42500000  -113.75696390     1.00000000  -113.44696126  -113.63937580  -113.47030290  -113.72160248
2.60000000     2.32000000     4.46100000  -113.76104056     1.00000000  -113.45279747  -113.64575139  -113.47514879  -113.72637282
2.60000000     2.36000000     4.49600000  -113.76384037     1.00000000  -113.45715578  -113.65064143  -113.47863011  -113.72980651
2.60000000     2.40000000     4.53200000  -113.76553426     1.00000000  -113.46021983  -113.65423651  -113.48091860  -113.73207996
2.60000000     2.44000000     4.56800000  -113.76627635     1.00000000  -113.46215468  -113.65671099  -113.48216791  -113.73335306
2.60000000     2.48000000     4.60400000  -113.76621427     1.00000000  -113.46310995  -113.65823012  -113.48251642  -113.73377824
2.60000000     2.52000000     4.64000000  -113.76549348     1.00000000  -113.46322402  -113.65896182  -113.48209068  -113.73350744
2.60000000     2.56000000     4.67700000  -113.76427840     1.00000000  -113.46263224  -113.65910742  -113.48101102  -113.73271637
2.60000000     2.60000000     4.71300000  -113.76291124     1.00000000  -113.46150702  -113.65930894  -113.47940944  -113.73185153   % POINTS AT 130
