2.20000000     2.20000000     4.13460000  -113.71280331     1.00000000  -113.38135695  -113.57336780  -113.41499794  -113.67096587
2.24000000     2.20000000     4.17230000  -113.72314001     1.00000000  -113.39440622  -113.58609861  -113.42674521  -113.68198382
2.24000000     2.24000000     4.20980000  -113.73190151     1.00000000  -113.40512733  -113.59788443  -113.43618718  -113.69167145
2.28000000     2.20000000     4.20990000  -113.73168707     1.00000000  -113.40541391  -113.59685306  -113.43659567  -113.69116646
2.28000000     2.24000000     4.24740000  -113.74017301     1.00000000  -113.41591537  -113.60825512  -113.44583092  -113.70053868
2.28000000     2.28000000     4.28500000  -113.74711229     1.00000000  -113.42451450  -113.61798549  -113.45328350  -113.70833651
2.32000000     2.20000000     4.24760000  -113.73864456     1.00000000  -113.41461181  -113.60583483  -113.44476962  -113.69871316
2.32000000     2.24000000     4.28510000  -113.74687819     1.00000000  -113.42489957  -113.61693125  -113.45379914  -113.70781337
2.32000000     2.28000000     4.32260000  -113.75351471     1.00000000  -113.43327677  -113.62623974  -113.46104522  -113.71526514
2.32000000     2.32000000     4.36020000  -113.75885100     1.00000000  -113.43999760  -113.63416751  -113.46673702  -113.72140282
2.36000000     2.20000000     4.28530000  -113.74420270     1.00000000  -113.42220914  -113.61324062  -113.45146436  -113.70481448
2.36000000     2.24000000     4.32280000  -113.75219867     1.00000000  -113.43228693  -113.62406464  -113.46028900  -113.71366396
2.36000000     2.28000000     4.36030000  -113.75857080     1.00000000  -113.44045202  -113.63305179  -113.46733193  -113.72083060
2.36000000     2.32000000     4.39780000  -113.76357836     1.00000000  -113.44694589  -113.64050403  -113.47281581  -113.72658666
2.36000000     2.36000000     4.43530000  -113.76755719     1.00000000  -113.45200971  -113.64683201  -113.47695369  -113.73129138
2.40000000     2.20000000     4.32310000  -113.74853145     1.00000000  -113.42839375  -113.61924931  -113.45685609  -113.70964172
2.40000000     2.24000000     4.36050000  -113.75629936     1.00000000  -113.43826498  -113.62982246  -113.46547739  -113.71825433
2.40000000     2.28000000     4.39800000  -113.76242816     1.00000000  -113.44622373  -113.63853111  -113.47231949  -113.72516462
2.40000000     2.32000000     4.43540000  -113.76715732     1.00000000  -113.45250588  -113.64564478  -113.47760196  -113.73062072
2.40000000     2.36000000     4.47300000  -113.77073628     1.00000000  -113.45733406  -113.65145629  -113.48152841  -113.73488524
2.40000000     2.40000000     4.51050000  -113.77353066     1.00000000  -113.46094159  -113.65639898  -113.48429961  -113.73834373
2.44000000     2.20000000     4.36090000  -113.75177999     1.00000000  -113.43333372  -113.62402415  -113.46110180  -113.71334748
2.44000000     2.24000000     4.39830000  -113.75933046     1.00000000  -113.44300232  -113.63436258  -113.46952240  -113.72173576
2.44000000     2.28000000     4.43570000  -113.76523040     1.00000000  -113.45075936  -113.64281931  -113.47616619  -113.72840843
2.44000000     2.32000000     4.47310000  -113.76970946     1.00000000  -113.45683812  -113.64964829  -113.48125137  -113.73360185
2.44000000     2.36000000     4.51060000  -113.77299254     1.00000000  -113.46145368  -113.65509998  -113.48497721  -113.73754795
2.44000000     2.40000000     4.54810000  -113.77532103     1.00000000  -113.46481225  -113.65945777  -113.48753069  -113.74050072
2.44000000     2.44000000     4.58570000  -113.77712044     1.00000000  -113.46714543  -113.66321959  -113.48910421  -113.74290619
2.48000000     2.20000000     4.39880000  -113.75408614     1.00000000  -113.43717887  -113.62770985  -113.46434093  -113.71607040
2.48000000     2.24000000     4.43610000  -113.76142568     1.00000000  -113.44664975  -113.63782853  -113.47256479  -113.72424395
2.48000000     2.28000000     4.47350000  -113.76710709     1.00000000  -113.45420984  -113.64605337  -113.47901363  -113.73069279
2.48000000     2.32000000     4.51090000  -113.77135571     1.00000000  -113.46009133  -113.65262977  -113.48390525  -113.73564751
2.48000000     2.36000000     4.54830000  -113.77438139     1.00000000  -113.46450578  -113.65778995  -113.48743684  -113.73932405
2.48000000     2.40000000     4.58580000  -113.77639328     1.00000000  -113.46764952  -113.66176677  -113.48978949  -113.74193799
2.48000000     2.44000000     4.62330000  -113.77762681     1.00000000  -113.46971438  -113.66483426  -113.49113567  -113.74373605
2.48000000     2.48000000     4.66090000  -113.77859470     1.00000000  -113.47093718  -113.66757574  -113.49166368  -113.74524920
2.52000000     2.20000000     4.43670000  -113.75556775     1.00000000  -113.44006236  -113.63044087  -113.46669701  -113.71793298
2.52000000     2.24000000     4.47400000  -113.76270435     1.00000000  -113.44934157  -113.64035124  -113.47472952  -113.72590101
2.52000000     2.28000000     4.51130000  -113.76817886     1.00000000  -113.45671018  -113.64835861  -113.48098794  -113.73213858
2.52000000     2.32000000     4.54860000  -113.77221128     1.00000000  -113.46240013  -113.65470448  -113.48569018  -113.73687155
2.52000000     2.36000000     4.58600000  -113.77500389     1.00000000  -113.46662137  -113.65961123  -113.48903263  -113.74030758
2.52000000     2.40000000     4.62350000  -113.77674837     1.00000000  -113.46956570  -113.66329122  -113.49119359  -113.74264395
2.52000000     2.44000000     4.66100000  -113.77764128     1.00000000  -113.47141243  -113.66595938  -113.49233777  -113.74408176
2.52000000     2.48000000     4.69850000  -113.77791170     1.00000000  -113.47234052  -113.66787832  -113.49262487  -113.74485947
2.52000000     2.52000000     4.73610000  -113.77829322     1.00000000  -113.47259815  -113.66967212  -113.49224313  -113.74565999
2.56000000     2.20000000     4.47460000  -113.75632699     1.00000000  -113.44210218  -113.63233390  -113.46827926  -113.71904138
2.56000000     2.24000000     4.51190000  -113.76327088     1.00000000  -113.45119696  -113.64204702  -113.47612716  -113.72681438
2.56000000     2.28000000     4.54910000  -113.76854963     1.00000000  -113.45838056  -113.64985137  -113.48220094  -113.73285298
2.56000000     2.32000000     4.58640000  -113.77237797     1.00000000  -113.46388513  -113.65598337  -113.48671895  -113.73737788
2.56000000     2.36000000     4.62380000  -113.77495600     1.00000000  -113.46792000  -113.66066244  -113.48987745  -113.74059437
2.56000000     2.40000000     4.66120000  -113.77646565     1.00000000  -113.47067487  -113.66408818  -113.49185347  -113.74268898
2.56000000     2.44000000     4.69860000  -113.77708308     1.00000000  -113.47232352  -113.66645463  -113.49280814  -113.74384256
2.56000000     2.48000000     4.73610000  -113.77698909     1.00000000  -113.47302958  -113.66796004  -113.49289133  -113.74424024
2.56000000     2.52000000     4.77370000  -113.77641448     1.00000000  -113.47295997  -113.66884767  -113.49225117  -113.74411444
2.56000000     2.56000000     4.81120000  -113.77683017     1.00000000  -113.47236815  -113.66958263  -113.49107341  -113.74455107
2.60000000     2.20000000     4.51260000  -113.75645874     1.00000000  -113.44340264  -113.63349315  -113.46918398  -113.71949265
2.60000000     2.24000000     4.54980000  -113.76322105     1.00000000  -113.45232134  -113.64302131  -113.47685526  -113.72708215
2.60000000     2.28000000     4.58700000  -113.76831348     1.00000000  -113.45932745  -113.65063459  -113.48275143  -113.73293211
2.60000000     2.32000000     4.62430000  -113.77194991     1.00000000  -113.46465357  -113.65656805  -113.48709148  -113.73726222
2.60000000     2.36000000     4.66160000  -113.77432714     1.00000000  -113.46850903  -113.66103718  -113.49007189  -113.74027426
2.60000000     2.40000000     4.69900000  -113.77562401     1.00000000  -113.47108259  -113.66423833  -113.49186928  -113.74215172
2.60000000     2.44000000     4.73640000  -113.77600441     1.00000000  -113.47254538  -113.66635227  -113.49264309  -113.74306296
2.60000000     2.48000000     4.77380000  -113.77562833     1.00000000  -113.47305460  -113.66755383  -113.49253878  -113.74317166
2.60000000     2.52000000     4.81130000  -113.77466243     1.00000000  -113.47275927  -113.66802248  -113.49169254  -113.74264724
2.60000000     2.56000000     4.84880000  -113.77333108     1.00000000  -113.47181441  -113.66798059  -113.49024164  -113.74171051
2.60000000     2.60000000     4.88640000  -113.77272147     1.00000000  -113.47046334  -113.66768895  -113.48838748  -113.74113557
