2.46500000     2.46500000     2.46500000  -113.83387380     1.00000000  -113.49805299  -113.70131941  -113.52491026  -113.79343542   % ADD AT D3H 
2.49100000     2.46500000     2.47800000  -113.83590503     1.00000000  -113.50132317  -113.70473999  -113.52755331  -113.79588666
2.49100000     2.49100000     2.49100000  -113.83785719     1.00000000  -113.50448746  -113.70805641  -113.53010693  -113.79825189
2.51700000     2.46500000     2.49100000  -113.83749542     1.00000000  -113.50409713  -113.70765422  -113.52974019  -113.79787890
2.51700000     2.49100000     2.50400000  -113.83937309     1.00000000  -113.50715960  -113.71086816  -113.53220759  -113.80016145
2.51700000     2.51700000     2.51700000  -113.84081657     1.00000000  -113.50973376  -113.71358264  -113.53422506  -113.80199147
2.54300000     2.46500000     2.50500000  -113.83867778     1.00000000  -113.50640954  -113.71009447  -113.53150300  -113.79944434
2.54300000     2.49100000     2.51700000  -113.84048309     1.00000000  -113.50937416  -113.71321127  -113.53388731  -113.80164743
2.54300000     2.51700000     2.53000000  -113.84185697     1.00000000  -113.51185408  -113.71583236  -113.53582459  -113.80340101
2.54300000     2.54300000     2.54300000  -113.84283045     1.00000000  -113.51388371  -113.71799236  -113.53734674  -113.80473706
2.56900000     2.46500000     2.51900000  -113.83948066     1.00000000  -113.50829301  -113.71209480  -113.53287198  -113.80061324
2.56900000     2.49100000     2.53100000  -113.84121648     1.00000000  -113.51116362  -113.71511846  -113.53517626  -113.80274004
2.56900000     2.51700000     2.54300000  -113.84252350     1.00000000  -113.51355296  -113.71764995  -113.53703623  -113.80442020
2.56900000     2.54300000     2.55600000  -113.84343270     1.00000000  -113.51549536  -113.71972382  -113.53848379  -113.80568564
2.56900000     2.56900000     2.56900000  -113.84397315     1.00000000  -113.51702306  -113.72137255  -113.53954886  -113.80656634
#2.59500000     2.46500000     2.53300000  -113.83993175     1.00000000  -113.50977820  -113.71368613  -113.53387561  -113.80141414
#2.59500000     2.49100000     2.54500000  -113.84160082     1.00000000  -113.51255856  -113.71662051  -113.53610280  -113.80346769
#2.59500000     2.51700000     2.55700000  -113.84284362     1.00000000  -113.51486086  -113.71906608  -113.53788830  -113.80507735
#2.59500000     2.54300000     2.56900000  -113.84369106     1.00000000  -113.51671939  -113.72105732  -113.53926394  -113.80627497
#2.59500000     2.56900000     2.58200000  -113.84417220     1.00000000  -113.51816632  -113.72262665  -113.54025962  -113.80709050
#2.59500000     2.59500000     2.59500000  -113.84431427     1.00000000  -113.51923186  -113.72380449  -113.54090344  -113.80755204
2.62100000     2.46500000     2.54700000  -113.84005709     1.00000000  -113.51089402  -113.71489750  -113.53454070  -113.80187388
2.62100000     2.49100000     2.55800000  -113.84166207     1.00000000  -113.51358772  -113.71774637  -113.53669366  -113.80385714
2.62100000     2.51700000     2.57100000  -113.84284320     1.00000000  -113.51580642  -113.72010959  -113.53840741  -113.80539912
2.62100000     2.54300000     2.58300000  -113.84363137     1.00000000  -113.51758434  -113.72202160  -113.53971375  -113.80653165
2.62100000     2.56900000     2.59500000  -113.84405555     1.00000000  -113.51895360  -113.72351476  -113.54064253  -113.80728460
2.62100000     2.59500000     2.60800000  -113.84414294     1.00000000  -113.51994435  -113.72461943  -113.54122181  -113.80768603
2.62100000     2.62100000     2.62100000  -113.84391910     1.00000000  -113.52058485  -113.72536412  -113.54147792  -113.80776229
2.64700000     2.46500000     2.56100000  -113.83988116     1.00000000  -113.51166765  -113.71575634  -113.53489253  -113.80201774
2.64700000     2.49100000     2.57300000  -113.84142464     1.00000000  -113.51427818  -113.71852327  -113.53697403  -113.80393356
2.64700000     2.51700000     2.58400000  -113.84254657     1.00000000  -113.51641657  -113.72080761  -113.53861866  -113.80541060
2.64700000     2.54300000     2.59700000  -113.84327782     1.00000000  -113.51811703  -113.72264369  -113.53985821  -113.80648065
2.64700000     2.56900000     2.60900000  -113.84364733     1.00000000  -113.51941162  -113.72406382  -113.54072251  -113.80717354
2.64700000     2.59500000     2.62100000  -113.84368224     1.00000000  -113.52033043  -113.72509830  -113.54123955  -113.80751727
2.64700000     2.62100000     2.63400000  -113.84340806     1.00000000  -113.52090166  -113.72577559  -113.54143563  -113.80753815
2.64700000     2.64700000     2.64700000  -113.84284874     1.00000000  -113.52115179  -113.72612238  -113.54133544  -113.80726086
2.67300000     2.46500000     2.57500000  -113.83942718     1.00000000  -113.51212469  -113.71628834  -113.53495494  -113.80186958
2.67300000     2.49100000     2.58700000  -113.84091154     1.00000000  -113.51465539  -113.71897691  -113.53696761  -113.80372068
2.67300000     2.51700000     2.59900000  -113.84197662     1.00000000  -113.51671667  -113.72118569  -113.53854566  -113.80513540
2.67300000     2.54300000     2.61000000  -113.84265325     1.00000000  -113.51834270  -113.72294899  -113.53972084  -113.80614549
2.67300000     2.56900000     2.62300000  -113.84297029     1.00000000  -113.51956550  -113.72429912  -113.54052298  -113.80678075
2.67300000     2.59500000     2.63500000  -113.84295486     1.00000000  -113.52041512  -113.72526632  -113.54098002  -113.80706913
2.67300000     2.62100000     2.64700000  -113.84263240     1.00000000  -113.52091971  -113.72587897  -113.54111820  -113.80703687
2.67300000     2.64700000     2.66000000  -113.84202679     1.00000000  -113.52110567  -113.72616371  -113.54096218  -113.80670860
2.67300000     2.67300000     2.67300000  -113.84116047     1.00000000  -113.52099777  -113.72614551  -113.54053509  -113.80610745
2.69900000     2.46500000     2.59000000  -113.83871690     1.00000000  -113.51228925  -113.71651781  -113.53475038  -113.80145185
2.69900000     2.49100000     2.60100000  -113.84014450     1.00000000  -113.51474335  -113.71913133  -113.53669677  -113.80324084
2.69900000     2.51700000     2.61300000  -113.84115497     1.00000000  -113.51673056  -113.72126777  -113.53821066  -113.80459575
2.69900000     2.54300000     2.62400000  -113.84177913     1.00000000  -113.51828506  -113.72296141  -113.53932381  -113.80554831
2.69900000     2.56900000     2.63600000  -113.84204582     1.00000000  -113.51943886  -113.72424445  -113.54006601  -113.80612827
2.69900000     2.59500000     2.64900000  -113.84198210     1.00000000  -113.52022193  -113.72514716  -113.54046518  -113.80636355
2.69900000     2.62100000     2.66100000  -113.84161330     1.00000000  -113.52066240  -113.72569786  -113.54054754  -113.80628031
2.69900000     2.64700000     2.67300000  -113.84096331     1.00000000  -113.52078661  -113.72592310  -113.54033768  -113.80590315
2.69900000     2.67300000     2.68600000  -113.84005451     1.00000000  -113.52061926  -113.72584782  -113.53985867  -113.80525514
2.69900000     2.69900000     2.69900000  -113.83890784     1.00000000  -113.52018352  -113.72549538  -113.53913219  -113.80435790
2.72500000     2.46500000     2.60500000  -113.83777083     1.00000000  -113.51218405  -113.71646766  -113.53430004  -113.80078572
2.72500000     2.49100000     2.61600000  -113.83914390     1.00000000  -113.51456460  -113.71900932  -113.53618259  -113.80251509
2.72500000     2.51700000     2.62700000  -113.84010193     1.00000000  -113.51648069  -113.72107648  -113.53763465  -113.80381260
2.72500000     2.54300000     2.63900000  -113.84067569     1.00000000  -113.51796646  -113.72270338  -113.53868798  -113.80470993
2.72500000     2.56900000     2.65000000  -113.84089402     1.00000000  -113.51905390  -113.72392220  -113.53937237  -113.80523683
2.72500000     2.59500000     2.66200000  -113.84078391     1.00000000  -113.51977297  -113.72476312  -113.53971573  -113.80542114
2.72500000     2.62100000     2.67500000  -113.84037073     1.00000000  -113.52015174  -113.72525440  -113.53974423  -113.80528902
2.72500000     2.64700000     2.68700000  -113.83967821     1.00000000  -113.52021652  -113.72542263  -113.53948242  -113.80486499
2.72500000     2.67300000     2.69900000  -113.83872867     1.00000000  -113.51999194  -113.72529262  -113.53895334  -113.80417204
2.72500000     2.69900000     2.71200000  -113.83754305     1.00000000  -113.51950110  -113.72488769  -113.53817859  -113.80323177
2.72500000     2.72500000     2.72500000  -113.83614354     1.00000000  -113.51876564  -113.72422968  -113.53717845  -113.80206601   % ADD AT D3H


2.46500000     2.46500000     2.82800000  -113.82803204     1.00000000  -113.50042123  -113.70441166  -113.52363880  -113.79036030   % ADD AT 70
2.49100000     2.46500000     2.84300000  -113.82862771     1.00000000  -113.50202225  -113.70612396  -113.52477518  -113.79129886
2.49100000     2.49100000     2.85800000  -113.82919678     1.00000000  -113.50357664  -113.70779715  -113.52587098  -113.79220689
#2.51700000     2.46500000     2.85800000  -113.82884320     1.00000000  -113.50319203  -113.70738817  -113.52551658  -113.79183760
#2.51700000     2.49100000     2.87300000  -113.82938105     1.00000000  -113.50470075  -113.70902347  -113.52657235  -113.79271264
#2.51700000     2.51700000     2.88700000  -113.82953726     1.00000000  -113.50577998  -113.71021295  -113.52723410  -113.79318771
2.54300000     2.46500000     2.87300000  -113.82870594     1.00000000  -113.50396721  -113.70824109  -113.52589708  -113.79200709
2.54300000     2.49100000     2.88800000  -113.82921574     1.00000000  -113.50543125  -113.70983956  -113.52691342  -113.79285145
2.54300000     2.51700000     2.90200000  -113.82934452     1.00000000  -113.50646645  -113.71099328  -113.52753602  -113.79329657
2.54300000     2.54300000     2.91700000  -113.82912482     1.00000000  -113.50710956  -113.71173878  -113.52779912  -113.79337608
2.56900000     2.46500000     2.88900000  -113.82824936     1.00000000  -113.50438205  -113.70871722  -113.52594851  -113.79184075
2.56900000     2.49100000     2.90300000  -113.82873162     1.00000000  -113.50580246  -113.71027983  -113.52692611  -113.79265506
2.56900000     2.51700000     2.91800000  -113.82883338     1.00000000  -113.50679451  -113.71139870  -113.52751011  -113.79307079
2.56900000     2.54300000     2.93200000  -113.82858725     1.00000000  -113.50739498  -113.71211033  -113.52773479  -113.79312159
2.56900000     2.56900000     2.94700000  -113.82802367     1.00000000  -113.50763830  -113.71244885  -113.52763228  -113.79283893
2.59500000     2.46500000     2.90400000  -113.82750235     1.00000000  -113.50446852  -113.70884889  -113.52570061  -113.79136841
2.59500000     2.49100000     2.91800000  -113.82795744     1.00000000  -113.50584638  -113.71037658  -113.52664023  -113.79215321
2.59500000     2.51700000     2.93300000  -113.82803259     1.00000000  -113.50679623  -113.71146143  -113.52718626  -113.79254006
2.59500000     2.54300000     2.94700000  -113.82776037     1.00000000  -113.50735484  -113.71213999  -113.52737301  -113.79256263
2.59500000     2.56900000     2.96200000  -113.82717127     1.00000000  -113.50755670  -113.71244632  -113.52723266  -113.79225237
2.59500000     2.59500000     2.97700000  -113.82629370     1.00000000  -113.50743406  -113.71241235  -113.52679536  -113.79163868
2.62100000     2.46500000     2.92000000  -113.82649188     1.00000000  -113.50425638  -113.70866645  -113.52518109  -113.79061797
2.62100000     2.49100000     2.93400000  -113.82692025     1.00000000  -113.50559287  -113.71016003  -113.52608358  -113.79137380
2.62100000     2.51700000     2.94800000  -113.82696908     1.00000000  -113.50650153  -113.71121165  -113.52659236  -113.79173221
2.62100000     2.54300000     2.96300000  -113.82667108     1.00000000  -113.50701915  -113.71185787  -113.52674176  -113.79172697
2.62100000     2.56900000     2.97700000  -113.82605673     1.00000000  -113.50718024  -113.71213270  -113.52656401  -113.79138951
2.62100000     2.59500000     2.99200000  -113.82515442     1.00000000  -113.50701711  -113.71206803  -113.52608932  -113.79074920
2.62100000     2.62100000     3.00700000  -113.82399072     1.00000000  -113.50656000  -113.71169367  -113.52534598  -113.78983351
2.64700000     2.46500000     2.93600000  -113.82524334     1.00000000  -113.50377333  -113.70819832  -113.52441567  -113.78961565
2.64700000     2.49100000     2.95000000  -113.82564525     1.00000000  -113.50506967  -113.70965854  -113.52528199  -113.79034291
2.64700000     2.51700000     2.96400000  -113.82566803     1.00000000  -113.50593824  -113.71067761  -113.52575436  -113.79067327
2.64700000     2.54300000     2.97800000  -113.82534456     1.00000000  -113.50641583  -113.71129214  -113.52586712  -113.79064062
2.64700000     2.56900000     2.99200000  -113.82470517     1.00000000  -113.50653695  -113.71153612  -113.52565252  -113.79027630
2.64700000     2.59500000     3.00700000  -113.82377834     1.00000000  -113.50633395  -113.71144136  -113.52514084  -113.78960971
2.64700000     2.62100000     3.02200000  -113.82259060     1.00000000  -113.50583714  -113.71103763  -113.52436043  -113.78866827
2.64700000     2.64700000     3.03700000  -113.82116672     1.00000000  -113.50507483  -113.71035278  -113.52333784  -113.78747763
2.67300000     2.46500000     2.95200000  -113.82378045     1.00000000  -113.50304504  -113.70747114  -113.52342827  -113.78838597
2.67300000     2.49100000     2.96600000  -113.82415621     1.00000000  -113.50430253  -113.70889870  -113.52425943  -113.78908508
2.67300000     2.51700000     2.98000000  -113.82415312     1.00000000  -113.50513221  -113.70988583  -113.52469634  -113.78938770
2.67300000     2.54300000     2.99400000  -113.82380432     1.00000000  -113.50557083  -113.71046926  -113.52477329  -113.78932792
2.67300000     2.56900000     3.00800000  -113.82314016     1.00000000  -113.50565289  -113.71068292  -113.52452254  -113.78893708
2.67300000     2.59500000     3.02200000  -113.82218903     1.00000000  -113.50541077  -113.71055859  -113.52397439  -113.78824450
2.67300000     2.62100000     3.03700000  -113.82097735     1.00000000  -113.50487482  -113.71012600  -113.52315728  -113.78727754
2.67300000     2.64700000     3.05200000  -113.81953006     1.00000000  -113.50407345  -113.70941294  -113.52209785  -113.78606192
2.67300000     2.67300000     3.06600000  -113.81787021     1.00000000  -113.50303318  -113.70844540  -113.52082098  -113.78462153
2.69900000     2.46500000     2.96800000  -113.82212626     1.00000000  -113.50209532  -113.70651037  -113.52224098  -113.78695262
2.69900000     2.49100000     2.98200000  -113.82247531     1.00000000  -113.50331531  -113.70790538  -113.52303811  -113.78762324
2.69900000     2.51700000     2.99500000  -113.82244653     1.00000000  -113.50410736  -113.70886114  -113.52344058  -113.78789841
2.69900000     2.54300000     3.00900000  -113.82207252     1.00000000  -113.50450816  -113.70941398  -113.52348267  -113.78781174
2.69900000     2.56900000     3.02300000  -113.82138366     1.00000000  -113.50455220  -113.70959780  -113.52319660  -113.78739457
2.69900000     2.59500000     3.03800000  -113.82040829     1.00000000  -113.50427184  -113.70944436  -113.52261268  -113.78667619
2.69900000     2.62100000     3.05200000  -113.81917294     1.00000000  -113.50369746  -113.70898333  -113.52175940  -113.78568401
2.69900000     2.64700000     3.06700000  -113.81770230     1.00000000  -113.50285755  -113.70824249  -113.52066346  -113.78444358
2.69900000     2.67300000     3.08100000  -113.81601956     1.00000000  -113.50177871  -113.70724778  -113.51934987  -113.78297888
2.69900000     2.69900000     3.09600000  -113.81414625     1.00000000  -113.50048579  -113.70602344  -113.51784197  -113.78131220
2.72500000     2.46500000     2.98400000  -113.82030004     1.00000000  -113.50094610  -113.70533833  -113.52087420  -113.78533577
2.72500000     2.49100000     2.99800000  -113.82062322     1.00000000  -113.50213003  -113.70670179  -113.52163849  -113.78597876
2.72500000     2.51700000     3.01200000  -113.82056896     1.00000000  -113.50288580  -113.70762673  -113.52200768  -113.78622679
2.72500000     2.54300000     3.02500000  -113.82016988     1.00000000  -113.50325005  -113.70814945  -113.52201596  -113.78611346
2.72500000     2.56900000     3.03900000  -113.81945637     1.00000000  -113.50325720  -113.70830387  -113.52169554  -113.78567014
2.72500000     2.59500000     3.05300000  -113.81845682     1.00000000  -113.50293961  -113.70812170  -113.52107670  -113.78492612
2.72500000     2.62100000     3.06800000  -113.81719774     1.00000000  -113.50232767  -113.70763262  -113.52018793  -113.78390880
2.72500000     2.64700000     3.08200000  -113.81570391     1.00000000  -113.50144989  -113.70686435  -113.51905602  -113.78264378
2.72500000     2.67300000     3.09600000  -113.81399836     1.00000000  -113.50033298  -113.70584280  -113.51770603  -113.78115491
2.72500000     2.69900000     3.11100000  -113.81210254     1.00000000  -113.49900187  -113.70459217  -113.51616146  -113.77946444
2.72500000     2.72500000     3.12600000  -113.81003667     1.00000000  -113.49747980  -113.70313507  -113.51444415  -113.77759326   % ADD AT 70 


2.46500000     2.46500000     2.64900000  -113.83628686     1.00000000  -113.50539495  -113.70916162  -113.52992011  -113.79750971   % ADD AT 65
2.49100000     2.46500000     2.66300000  -113.83737090     1.00000000  -113.50757592  -113.71147038  -113.53157404  -113.79896759
2.49100000     2.49100000     2.67700000  -113.83841036     1.00000000  -113.50969112  -113.71371778  -113.53317228  -113.80037602
2.51700000     2.46500000     2.67700000  -113.83804509     1.00000000  -113.50929518  -113.71330290  -113.53280418  -113.79999680
2.51700000     2.49100000     2.69100000  -113.83904155     1.00000000  -113.51134679  -113.71549130  -113.53434834  -113.80135757
2.51700000     2.51700000     2.70500000  -113.83963116     1.00000000  -113.51294091  -113.71720806  -113.53547180  -113.80229311
2.54300000     2.46500000     2.69200000  -113.83834196     1.00000000  -113.51058894  -113.71469549  -113.53364414  -113.80063088
2.54300000     2.49100000     2.70500000  -113.83929683     1.00000000  -113.51257910  -113.71682722  -113.53513579  -113.80194566
2.54300000     2.51700000     2.71900000  -113.83984634     1.00000000  -113.51411364  -113.71848939  -113.53620811  -113.80283684
2.54300000     2.54300000     2.73300000  -113.84002274     1.00000000  -113.51522862  -113.71971811  -113.53689462  -113.80333772
2.56900000     2.46500000     2.70600000  -113.83829197     1.00000000  -113.51149116  -113.71568235  -113.53412548  -113.80090130
2.56900000     2.49100000     2.72000000  -113.83920670     1.00000000  -113.51342195  -113.71775952  -113.53556616  -113.80217171
2.56900000     2.51700000     2.73300000  -113.83971741     1.00000000  -113.51489885  -113.71936916  -113.53658877  -113.80302005
2.56900000     2.54300000     2.74700000  -113.83985640     1.00000000  -113.51595789  -113.72054732  -113.53722681  -113.80347962
2.56900000     2.56900000     2.76100000  -113.83965388     1.00000000  -113.51663285  -113.72132778  -113.53751176  -113.80358160
2.59500000     2.46500000     2.72100000  -113.83792386     1.00000000  -113.51203371  -113.71629556  -113.53427778  -113.80083769
2.59500000     2.49100000     2.73400000  -113.83879971     1.00000000  -113.51390717  -113.71832025  -113.53566903  -113.80206522
2.59500000     2.51700000     2.74700000  -113.83927291     1.00000000  -113.51532832  -113.71987930  -113.53664335  -113.80287218
2.59500000     2.54300000     2.76100000  -113.83937571     1.00000000  -113.51633316  -113.72100875  -113.53723423  -113.80329184
2.59500000     2.56900000     2.77500000  -113.83913828     1.00000000  -113.51695544  -113.72174230  -113.53747313  -113.80335532
2.59500000     2.59500000     2.78900000  -113.83858886     1.00000000  -113.51722684  -113.72211158  -113.53738957  -113.80309180
2.62100000     2.46500000     2.73600000  -113.83726449     1.00000000  -113.51224643  -113.71656526  -113.53412882  -113.80046781
2.62100000     2.49100000     2.74900000  -113.83810275     1.00000000  -113.51406454  -113.71853944  -113.53547213  -113.80165393
2.62100000     2.51700000     2.76200000  -113.83853962     1.00000000  -113.51543179  -113.72004976  -113.53639956  -113.80242088
2.62100000     2.54300000     2.77500000  -113.83860741     1.00000000  -113.51638416  -113.72113227  -113.53694458  -113.80280196
2.62100000     2.56900000     2.78900000  -113.83833615     1.00000000  -113.51695536  -113.72182060  -113.53713864  -113.80282820
2.62100000     2.59500000     2.80300000  -113.83775676     1.00000000  -113.51717703  -113.72214633  -113.53701124  -113.80253041
2.62100000     2.62100000     2.81700000  -113.83689045     1.00000000  -113.51707883  -113.72213902  -113.53659007  -113.80193263
2.64700000     2.46500000     2.75100000  -113.83633917     1.00000000  -113.51215726  -113.71651980  -113.53370458  -113.79981780
2.64700000     2.49100000     2.76400000  -113.83714102     1.00000000  -113.51392197  -113.71844530  -113.53500145  -113.80096387
2.64700000     2.51700000     2.77700000  -113.83754270     1.00000000  -113.51523715  -113.71990865  -113.53588338  -113.80169211
2.64700000     2.54300000     2.79000000  -113.83757912     1.00000000  -113.51613873  -113.72094590  -113.53638384  -113.80203746
2.64700000     2.56900000     2.80300000  -113.83727517     1.00000000  -113.51666041  -113.72159062  -113.53653425  -113.80202771
2.64700000     2.59500000     2.81700000  -113.83666155     1.00000000  -113.51683380  -113.72187432  -113.53636411  -113.80169353
2.64700000     2.62100000     2.83100000  -113.83576475     1.00000000  -113.51668852  -113.72182651  -113.53590110  -113.80106222
2.64700000     2.64700000     2.84400000  -113.83460953     1.00000000  -113.51625236  -113.72147485  -113.53517118  -113.80015933
2.67300000     2.46500000     2.76600000  -113.83517183     1.00000000  -113.51179233  -113.71618577  -113.53302941  -113.79891230
2.67300000     2.49100000     2.77900000  -113.83594084     1.00000000  -113.51350555  -113.71806433  -113.53428131  -113.80002112
2.67300000     2.51700000     2.79200000  -113.83630838     1.00000000  -113.51477044  -113.71948235  -113.53511913  -113.80071187
2.67300000     2.54300000     2.80500000  -113.83630926     1.00000000  -113.51562291  -113.72047593  -113.53557632  -113.80101944
2.67300000     2.56900000     2.81800000  -113.83597352     1.00000000  -113.51609662  -113.72107856  -113.53568428  -113.80097479
2.67300000     2.59500000     2.83100000  -113.83532929     1.00000000  -113.51622315  -113.72132168  -113.53547249  -113.80060696
2.67300000     2.62100000     2.84500000  -113.83440290     1.00000000  -113.51603212  -113.72123475  -113.53496864  -113.79994315
2.67300000     2.64700000     2.85900000  -113.83321911     1.00000000  -113.51555128  -113.72084538  -113.53419869  -113.79900889
2.67300000     2.67300000     2.87200000  -113.83180102     1.00000000  -113.51480661  -113.72017942  -113.53318696  -113.79782805
2.69900000     2.46500000     2.78200000  -113.83378703     1.00000000  -113.51117605  -113.71558804  -113.53212606  -113.79777571
2.69900000     2.49100000     2.79400000  -113.83451935     1.00000000  -113.51283966  -113.71742136  -113.53333446  -113.79884548
2.69900000     2.51700000     2.80700000  -113.83485366     1.00000000  -113.51405604  -113.71879564  -113.53412955  -113.79949984
2.69900000     2.54300000     2.82000000  -113.83482247     1.00000000  -113.51486104  -113.71974703  -113.53454476  -113.79977229
2.69900000     2.56900000     2.83300000  -113.83445586     1.00000000  -113.51528832  -113.72030901  -113.53461146  -113.79969380
2.69900000     2.59500000     2.84600000  -113.83378188     1.00000000  -113.51536941  -113.72051291  -113.53435914  -113.79929333
2.69900000     2.62100000     2.85900000  -113.83282680     1.00000000  -113.51513393  -113.72038818  -113.53381546  -113.79859803
2.69900000     2.64700000     2.87300000  -113.83161527     1.00000000  -113.51460961  -113.71996235  -113.53300639  -113.79763335
2.69900000     2.67300000     2.88600000  -113.83017045     1.00000000  -113.51382241  -113.71926123  -113.53195626  -113.79642317
2.69900000     2.69900000     2.90000000  -113.82851390     1.00000000  -113.51279666  -113.71830897  -113.53068787  -113.79498978
2.72500000     2.46500000     2.79700000  -113.83220070     1.00000000  -113.51033121  -113.71475061  -113.53101577  -113.79642676
2.72500000     2.49100000     2.80900000  -113.83289987     1.00000000  -113.51194705  -113.71653973  -113.53218212  -113.79746001
2.72500000     2.51700000     2.82200000  -113.83320185     1.00000000  -113.51311665  -113.71787172  -113.53293586  -113.79807904
2.72500000     2.54300000     2.83500000  -113.83313953     1.00000000  -113.51387583  -113.71878233  -113.53331038  -113.79831743
2.72500000     2.56900000     2.84800000  -113.83274289     1.00000000  -113.51425820  -113.71930498  -113.53333704  -113.79820608
2.72500000     2.59500000     2.86100000  -113.83203989     1.00000000  -113.51429528  -113.71947099  -113.53304530  -113.79777388
2.72500000     2.62100000     2.87400000  -113.83105689     1.00000000  -113.51401665  -113.71930969  -113.53246283  -113.79704800
2.72500000     2.64700000     2.88700000  -113.82981847     1.00000000  -113.51345003  -113.71884857  -113.53161557  -113.79605382
2.72500000     2.67300000     2.90100000  -113.82834765     1.00000000  -113.51262140  -113.71811341  -113.53052787  -113.79481514
2.72500000     2.69900000     2.91400000  -113.82666601     1.00000000  -113.51155506  -113.71712831  -113.52922254  -113.79335424
2.72500000     2.72500000     2.92800000  -113.82479372     1.00000000  -113.51027375  -113.71591580  -113.52772093  -113.79169195   % ADD AT 65
