2.35000000     2.35000000     4.70000000  -113.78682522     1.00000000  -113.46964271  -113.66369748  -113.49546526  -113.74980499   % ADD AT DINFH


2.37500000     2.35000000     4.72500000  -113.78865980     1.00000000  -113.47300559  -113.66628982  -113.49833611  -113.75184000
2.37500000     2.37500000     4.75000000  -113.79069039     1.00000000  -113.47527848  -113.66999651  -113.49999284  -113.75439640


2.40000000     2.35000000     4.75000000  -113.79014524     1.00000000  -113.47587801  -113.66868172  -113.50073594  -113.75358551
2.40000000     2.37500000     4.77500000  -113.79186248     1.00000000  -113.47799950  -113.67179042  -113.50227933  -113.75572752
#2.40000000     2.40000000     4.80000000  -113.79363602     1.00000000  -113.47980246  -113.67519701  -113.50348520  -113.75801320


2.42500000     2.35000000     4.77500000  -113.79127074     1.00000000  -113.47828036  -113.67072408  -113.50269436  -113.75497994
2.42500000     2.37500000     4.80000000  -113.79277024     1.00000000  -113.48029115  -113.67355289  -113.50414352  -113.75688343
2.42500000     2.40000000     4.82500000  -113.79413283     1.00000000  -113.48191017  -113.67617979  -113.50521883  -113.75862829
#2.42500000     2.42500000     4.85000000  -113.79595994     1.00000000  -113.48329342  -113.67899468  -113.50602536  -113.76072761


2.45000000     2.35000000     4.80000000  -113.79206362     1.00000000  -113.48024255  -113.67239179  -113.50424290  -113.75603105
2.45000000     2.37500000     4.82500000  -113.79338793     1.00000000  -113.48215856  -113.67502856  -113.50560728  -113.75775455
2.45000000     2.40000000     4.85000000  -113.79448668     1.00000000  -113.48365783  -113.67735642  -113.50658156  -113.75922539
#2.45000000     2.42500000     4.87500000  -113.79552704     1.00000000  -113.48481802  -113.67950474  -113.50723175  -113.76059459
#2.45000000     2.45000000     4.90000000  -113.79745437     1.00000000  -113.48579628  -113.68151390  -113.50769062  -113.76246304


2.47500000     2.35000000     4.82500000  -113.79252529     1.00000000  -113.48179594  -113.67369869  -113.50541257  -113.75674489
2.47500000     2.37500000     4.85000000  -113.79371118     1.00000000  -113.48362602  -113.67618286  -113.50669792  -113.75832563
2.47500000     2.40000000     4.87500000  -113.79462233     1.00000000  -113.48502604  -113.67830814  -113.50758385  -113.75960494
2.47500000     2.42500000     4.90000000  -113.79535532     1.00000000  -113.48605685  -113.68015354  -113.50812479  -113.76067177
#2.47500000     2.45000000     4.92500000  -113.79609001     1.00000000  -113.48679654  -113.68181764  -113.50838915  -113.76167390
#2.47500000     2.47500000     4.95000000  -113.79721163     1.00000000  -113.48738202  -113.68310914  -113.50852163  -113.76278155


2.50000000     2.35000000     4.85000000  -113.79268268     1.00000000  -113.48297130  -113.67466161  -113.50623306  -113.75714438
2.50000000     2.37500000     4.87500000  -113.79374880     1.00000000  -113.48472124  -113.67701656  -113.50744337  -113.75860249
2.50000000     2.40000000     4.90000000  -113.79451023     1.00000000  -113.48603284  -113.67898410  -113.50824825  -113.75973016
2.50000000     2.42500000     4.92500000  -113.79503721     1.00000000  -113.48695971  -113.68062684  -113.50869669  -113.76059404
2.50000000     2.45000000     4.95000000  -113.79542656     1.00000000  -113.48756127  -113.68200836  -113.50884262  -113.76127763
#2.50000000     2.47500000     4.97500000  -113.79584022     1.00000000  -113.48791278  -113.68317528  -113.50875573  -113.76189881
#2.50000000     2.50000000     5.00000000  -113.79618884     1.00000000  -113.48812073  -113.68385417  -113.50856743  -113.76230358


2.52500000     2.35000000     4.87500000  -113.79255651     1.00000000  -113.48379817  -113.67530132  -113.50673252  -113.75725002
2.52500000     2.37500000     4.90000000  -113.79351674     1.00000000  -113.48547209  -113.67754266  -113.50787075  -113.75859983
2.52500000     2.40000000     4.92500000  -113.79415193     1.00000000  -113.48670211  -113.67937820  -113.50859942  -113.75959985
2.52500000     2.42500000     4.95000000  -113.79452065     1.00000000  -113.48753796  -113.68086176  -113.50896449  -113.76030628
2.52500000     2.45000000     4.97500000  -113.79469168     1.00000000  -113.48803116  -113.68204822  -113.50901344  -113.76078207
2.52500000     2.47500000     5.00000000  -113.79474697     1.00000000  -113.48823866  -113.68298079  -113.50879919  -113.76109407
#2.52500000     2.50000000     5.02500000  -113.79479429     1.00000000  -113.48822892  -113.68365109  -113.50838993  -113.76130665
#2.52500000     2.52500000     5.05000000  -113.79448516     1.00000000  -113.48807803  -113.68381545  -113.50788965  -113.76111535


2.55000000     2.35000000     4.90000000  -113.79216946     1.00000000  -113.48430457  -113.67564003  -113.50693744  -113.75708405
2.55000000     2.37500000     4.92500000  -113.79303302     1.00000000  -113.48590566  -113.67777899  -113.50800597  -113.75833540
2.55000000     2.40000000     4.95000000  -113.79355742     1.00000000  -113.48705888  -113.67949916  -113.50866195  -113.75922345
2.55000000     2.42500000     4.97500000  -113.79379452     1.00000000  -113.48781163  -113.68085052  -113.50894948  -113.75979883
2.55000000     2.45000000     5.00000000  -113.79379983     1.00000000  -113.48821131  -113.68188109  -113.50891255  -113.76011374
2.55000000     2.47500000     5.02500000  -113.79363370     1.00000000  -113.48830693  -113.68263411  -113.50859693  -113.76022165
2.55000000     2.50000000     5.05000000  -113.79336285     1.00000000  -113.48815158  -113.68313069  -113.50805358  -113.76017195
#2.55000000     2.52500000     5.07500000  -113.79299431     1.00000000  -113.48780391  -113.68332839  -113.50734523  -113.75995398
#2.55000000     2.55000000     5.10000000  -113.79215759     1.00000000  -113.48731556  -113.68305551  -113.50654589  -113.75927531


2.57500000     2.35000000     4.92500000  -113.79154220     1.00000000  -113.48451687  -113.67570044  -113.50687263  -113.75666765
2.57500000     2.37500000     4.95000000  -113.79231650     1.00000000  -113.48604774  -113.67774456  -113.50787348  -113.75782790
2.57500000     2.40000000     4.97500000  -113.79274098     1.00000000  -113.48712778  -113.67936192  -113.50845954  -113.75861533
2.57500000     2.42500000     5.00000000  -113.79286400     1.00000000  -113.48780291  -113.68059798  -113.50867366  -113.75907674
2.57500000     2.45000000     5.02500000  -113.79273337     1.00000000  -113.48811806  -113.68149825  -113.50855775  -113.75925862
2.57500000     2.47500000     5.05000000  -113.79239928     1.00000000  -113.48811807  -113.68210355  -113.50815379  -113.75920723
2.57500000     2.50000000     5.07500000  -113.79191009     1.00000000  -113.48784884  -113.68244291  -113.50750537  -113.75896340
#2.57500000     2.52500000     5.10000000  -113.79130272     1.00000000  -113.48735829  -113.68252063  -113.50666017  -113.75855191
#2.57500000     2.55000000     5.12500000  -113.79051502     1.00000000  -113.48669418  -113.68228393  -113.50567208  -113.75791521
#2.57500000     2.57500000     5.15000000  -113.78925891     1.00000000  -113.48589114  -113.68163294  -113.50459010  -113.75683781


2.60000000     2.35000000     4.95000000  -113.79069468     1.00000000  -113.48445982  -113.67550401  -113.50656129  -113.75602106
2.60000000     2.37500000     4.97500000  -113.79138457     1.00000000  -113.48592273  -113.67746078  -113.50749628  -113.75709599
2.60000000     2.40000000     5.00000000  -113.79171868     1.00000000  -113.48693251  -113.67898350  -113.50801470  -113.75779173
2.60000000     2.42500000     5.02500000  -113.79173983     1.00000000  -113.48753409  -113.68011638  -113.50815858  -113.75815119
2.60000000     2.45000000     5.05000000  -113.79149279     1.00000000  -113.48777083  -113.68090281  -113.50796848  -113.75821819
2.60000000     2.47500000     5.07500000  -113.79102173     1.00000000  -113.48768510  -113.68138138  -113.50748413  -113.75803443
2.60000000     2.50000000     5.10000000  -113.79036808     1.00000000  -113.48731890  -113.68158533  -113.50674524  -113.75763795
2.60000000     2.52500000     5.12500000  -113.78956363     1.00000000  -113.48671439  -113.68153210  -113.50579264  -113.75705504
2.60000000     2.55000000     5.15000000  -113.78861726     1.00000000  -113.48591345  -113.68121405  -113.50466937  -113.75628868
2.60000000     2.57500000     5.17500000  -113.78743647     1.00000000  -113.48495371  -113.68058569  -113.50341896  -113.75526491
2.60000000     2.60000000     5.20000000  -113.78583838     1.00000000  -113.48385905  -113.67960278  -113.50207288  -113.75385371   % ADD AT DINFH
