#60 C2_Si_POINTS_2.0_60.0/
     2.00000000     2.90000000    60.00000000  -364.75660593     1.00000000  %CC
     2.00000000     3.15000000    60.00000000  -364.84837418     1.00000000  %CC
     2.00000000     3.40000000    60.00000000  -364.88435840     1.00000000  %CC
     2.00000000     3.64556454    60.00000000  -364.88794484     1.00000000  %CC
#     2.00000000     3.90000000    60.00000000  -364.87311889     1.00000000  %CC
#     2.00000000     4.10000000    60.00000000  -364.85433827     1.00000000  %CC
#     2.00000000     4.40000000    60.00000000  -364.82108922     1.00000000  %CC
#     2.00000000     4.80513500    60.00000000  -364.77556957     1.00000000  %CC
     2.00000000     2.40000000    60.00000000  -364.23986026     1.00000000  %MR
#     2.00000000     2.90000000    60.00000000  -364.75581814     1.00000000  %MR
#     2.00000000     3.64556454    60.00000000  -364.88803292     1.00000000  %MR
#     2.00000000     5.40000000    60.00000000  -364.74011680     1.00000000  %MR
     2.00000000     6.40000000    60.00000000  -364.69342784     1.00000000  %MR
     2.00000000     7.40000000    60.00000000  -364.66464519     1.00000000  %MR
     2.00000000     8.40000000    60.00000000  -364.65637560     1.00000000  %MR
     2.00000000     9.40000000    60.00000000  -364.65476251     1.00000000  %MR
     2.00000000    10.40000000    60.00000000  -364.65432478     1.00000000  %MR
     2.00000000    12.90000000    60.00000000  -364.65408814     1.00000000  %MR
     2.00000000    15.40000000    60.00000000  -364.65405301     1.00000000  %MR


#60 C2_Si_POINTS_2.1_60.0/
     2.10000000     2.92000000    60.00000000  -364.80703077     1.00000000  %CC
     2.10000000     3.17000000    60.00000000  -364.89696577     1.00000000  %CC
     2.10000000     3.42000000    60.00000000  -364.93253723     1.00000000  %CC
     2.10000000     3.66556454    60.00000000  -364.93632950     1.00000000  %CC
     2.10000000     3.92000000    60.00000000  -364.92197275     1.00000000  %CC
     2.10000000     4.12000000    60.00000000  -364.90362808     1.00000000  %CC
     2.10000000     4.42000000    60.00000000  -364.87106333     1.00000000  %CC
#     2.10000000     4.82513500    60.00000000  -364.82646209     1.00000000  %CC
     2.10000000     2.42000000    60.00000000  -364.30610302     1.00000000  %MR
#     2.10000000     2.92000000    60.00000000  -364.80627473     1.00000000  %MR
#     2.10000000     3.66556454    60.00000000  -364.93648681     1.00000000  %MR
     2.10000000     5.42000000    60.00000000  -364.78521577     1.00000000  %MR
     2.10000000     6.42000000    60.00000000  -364.73649663     1.00000000  %MR
     2.10000000     7.42000000    60.00000000  -364.70302648     1.00000000  %MR
     2.10000000     8.42000000    60.00000000  -364.69057976     1.00000000  %MR
     2.10000000     9.42000000    60.00000000  -364.68853539     1.00000000  %MR
     2.10000000    10.42000000    60.00000000  -364.68805336     1.00000000  %MR
     2.10000000    12.92000000    60.00000000  -364.68780515     1.00000000  %MR
     2.10000000    15.42000000    60.00000000  -364.68776908     1.00000000  %MR


#60 C2_Si_POINTS_2.3_60.0/
     2.30000000     2.96000000    60.00000000  -364.85957716     1.00000000  %CC
     2.30000000     3.21000000    60.00000000  -364.94491423     1.00000000  %CC
     2.30000000     3.46000000    60.00000000  -364.97904716     1.00000000  %CC
     2.30000000     3.70556454    60.00000000  -364.98290063     1.00000000  %CC
     2.30000000     3.96000000    60.00000000  -364.96930644     1.00000000  %CC
     2.30000000     4.16000000    60.00000000  -364.95177955     1.00000000  %CC
     2.30000000     4.46000000    60.00000000  -364.92053752     1.00000000  %CC
#     2.30000000     4.86513500    60.00000000  -364.87734632     1.00000000  %CC
     2.30000000     2.46000000    60.00000000  -364.39292928     1.00000000  %MR
#     2.30000000     2.96000000    60.00000000  -364.85910756     1.00000000  %MR
#     2.30000000     3.70556454    60.00000000  -364.98330536     1.00000000  %MR
     2.30000000     5.46000000    60.00000000  -364.83169092     1.00000000  %MR
     2.30000000     6.46000000    60.00000000  -364.78127885     1.00000000  %MR
     2.30000000     7.46000000    60.00000000  -364.75009098     1.00000000  %MR
     2.30000000     8.46000000    60.00000000  -364.73881391     1.00000000  %MR
     2.30000000     9.46000000    60.00000000  -364.73636915     1.00000000  %MR
     2.30000000    10.46000000    60.00000000  -364.73567180     1.00000000  %MR
     2.30000000    12.96000000    60.00000000  -364.73530459     1.00000000  %MR
     2.30000000    15.46000000    60.00000000  -364.73524767     1.00000000  %MR


#60 C2_Si_POINTS_2.47913152_60.0/
     2.47913152     2.99582630    60.00000000  -364.87266699     1.00000000  %CC
     2.47913152     3.24582630    60.00000000  -364.95299432     1.00000000  %CC
     2.47913152     3.49582630    60.00000000  -364.98521545     1.00000000  %CC
     2.47913152     3.74139084    60.00000000  -364.98871900     1.00000000  %CC
     2.47913152     3.99582630    60.00000000  -364.97554105     1.00000000  %CC
     2.47913152     4.19582630    60.00000000  -364.95860422     1.00000000  %CC
     2.47913152     4.49582630    60.00000000  -364.92837586     1.00000000  %CC
#     2.47913152     4.90096130    60.00000000  -364.88625829     1.00000000  %CC
     2.47913152     2.49582630    60.00000000  -364.43909913     1.00000000  %MR
#     2.47913152     2.99582630    60.00000000  -364.87297403     1.00000000  %MR
#     2.47913152     3.74139084    60.00000000  -364.98938572     1.00000000  %MR
     2.47913152     5.49582630    60.00000000  -364.84148496     1.00000000  %MR
     2.47913152     6.49582630    60.00000000  -364.78891483     1.00000000  %MR
     2.47913152     7.49582630    60.00000000  -364.76100833     1.00000000  %MR
     2.47913152     8.49582630    60.00000000  -364.75155802     1.00000000  %MR
     2.47913152     9.49582630    60.00000000  -364.74910341     1.00000000  %MR
     2.47913152    10.49582630    60.00000000  -364.74839390     1.00000000  %MR
     2.47913152    12.99582630    60.00000000  -364.74802281     1.00000000  %MR
     2.47913152    15.49582630    60.00000000  -364.74796366     1.00000000  %MR


#60 C2_Si_POINTS_2.72913152_60.0/
     2.72913152     3.04582630    60.00000000  -364.86378353     1.00000000  %CC
     2.72913152     3.29582630    60.00000000  -364.93606306     1.00000000  %CC
     2.72913152     3.54582630    60.00000000  -364.96482143     1.00000000  %CC
     2.72913152     3.79139084    60.00000000  -364.96728015     1.00000000  %CC
     2.72913152     4.04582630    60.00000000  -364.95428125     1.00000000  %CC
     2.72913152     4.24582630    60.00000000  -364.93793517     1.00000000  %CC
     2.72913152     4.54582630    60.00000000  -364.90886395     1.00000000  %CC
#     2.72913152     4.95096130    60.00000000  -364.86812561     1.00000000  %CC
     2.72913152     2.54582630    60.00000000  -364.47928117     1.00000000  %MR
#     2.72913152     3.04582630    60.00000000  -364.86460415     1.00000000  %MR
#     2.72913152     3.79139084    60.00000000  -364.96834159     1.00000000  %MR
     2.72913152     5.54582630    60.00000000  -364.82421545     1.00000000  %MR
     2.72913152     6.54582630    60.00000000  -364.77061689     1.00000000  %MR
     2.72913152     7.54582630    60.00000000  -364.74527138     1.00000000  %MR
     2.72913152     8.54582630    60.00000000  -364.73732039     1.00000000  %MR
     2.72913152     9.54582630    60.00000000  -364.73512891     1.00000000  %MR
     2.72913152    10.54582630    60.00000000  -364.73446047     1.00000000  %MR
     2.72913152    13.04582630    60.00000000  -364.73409403     1.00000000  %MR
     2.72913152    15.54582630    60.00000000  -364.73403126     1.00000000  %MR


#60 C2_Si_POINTS_2.97913152_60.0/
     2.97913152     3.09582630    60.00000000  -364.84156562     1.00000000  %CC
     2.97913152     3.34582630    60.00000000  -364.90500726     1.00000000  %CC
     2.97913152     3.59582630    60.00000000  -364.92964518     1.00000000  %CC
     2.97913152     3.84139084    60.00000000  -364.93057068     1.00000000  %CC
     2.97913152     4.09582630    60.00000000  -364.91737916     1.00000000  %CC
     2.97913152     4.29582630    60.00000000  -364.90140187     1.00000000  %CC
     2.97913152     4.59582630    60.00000000  -364.87325466     1.00000000  %CC
#     2.97913152     5.00096130    60.00000000  -364.83377376     1.00000000  %CC
     2.97913152     2.59582630    60.00000000  -364.50664157     1.00000000  %MR
#     2.97913152     3.09582630    60.00000000  -364.84280898     1.00000000  %MR
#     2.97913152     3.84139084    60.00000000  -364.93209097     1.00000000  %MR
     2.97913152     5.59582630    60.00000000  -364.79169011     1.00000000  %MR
     2.97913152     6.59582630    60.00000000  -364.73846394     1.00000000  %MR
     2.97913152     7.59582630    60.00000000  -364.71368426     1.00000000  %MR
     2.97913152     8.59582630    60.00000000  -364.70663795     1.00000000  %MR
     2.97913152     9.59582630    60.00000000  -364.70462631     1.00000000  %MR
     2.97913152    10.59582630    60.00000000  -364.70399016     1.00000000  %MR
     2.97913152    13.09582630    60.00000000  -364.70362636     1.00000000  %MR
     2.97913152    15.59582630    60.00000000  -364.70356356     1.00000000  %MR


#60 C2_Si_POINTS_3.22913152_60.0/
     3.22913152     3.14582630    60.00000000  -364.81643634     1.00000000  %CC
     3.22913152     3.39582630    60.00000000  -364.87067114     1.00000000  %CC
     3.22913152     3.64582630    60.00000000  -364.89079210     1.00000000  %CC
     3.22913152     3.89139084    60.00000000  -364.88984837     1.00000000  %CC
     3.22913152     4.14582630    60.00000000  -364.87618407     1.00000000  %CC
     3.22913152     4.34582630    60.00000000  -364.86040434     1.00000000  %CC
     3.22913152     4.64582630    60.00000000  -364.83298130     1.00000000  %CC
#     3.22913152     5.05096130    60.00000000  -364.79461492     1.00000000  %CC
     3.22913152     2.64582630    60.00000000  -364.53067548     1.00000000  %MR
#     3.22913152     3.14582630    60.00000000  -364.81820667     1.00000000  %MR
#     3.22913152     3.89139084    60.00000000  -364.89195612     1.00000000  %MR
     3.22913152     5.64582630    60.00000000  -364.75508238     1.00000000  %MR
     3.22913152     6.64582630    60.00000000  -364.70315674     1.00000000  %MR
     3.22913152     7.64582630    60.00000000  -364.67798897     1.00000000  %MR
     3.22913152     8.64582630    60.00000000  -364.67158547     1.00000000  %MR
     3.22913152     9.64582630    60.00000000  -364.66971362     1.00000000  %MR
     3.22913152    10.64582630    60.00000000  -364.66910297     1.00000000  %MR
     3.22913152    13.14582630    60.00000000  -364.66874184     1.00000000  %MR
     3.22913152    15.64582630    60.00000000  -364.66867759     1.00000000  %MR

