#67.5 C2_Si_POINTS_2.0_67.5/
     2.00000000     2.80614675    67.50000000  -364.77196358     1.00000000  %CC
     2.00000000     3.05614675    67.50000000  -364.85716677     1.00000000  %CC
     2.00000000     3.30614675    67.50000000  -364.88919213     1.00000000  %CC
     2.00000000     3.55171128    67.50000000  -364.89047803     1.00000000  %CC
     2.00000000     3.80614675    67.50000000  -364.87426332     1.00000000  %CC
     2.00000000     4.00614675    67.50000000  -364.85481459     1.00000000  %CC
     2.00000000     4.30614675    67.50000000  -364.82092855     1.00000000  %CC
     #2.00000000     4.71128175    67.50000000  -364.77460747     1.00000000  %CC
     2.00000000     2.30614675    67.50000000  -364.28114834     1.00000000  %MR
     #2.00000000     2.80614675    67.50000000  -364.77127296     1.00000000  %MR
     #2.00000000     3.55171128    67.50000000  -364.89063599     1.00000000  %MR
     2.00000000     5.30614675    67.50000000  -364.73600746     1.00000000  %MR
     2.00000000     6.30614675    67.50000000  -364.68974993     1.00000000  %MR
     2.00000000     7.30614675    67.50000000  -364.66205195     1.00000000  %MR
     2.00000000     8.30614675    67.50000000  -364.65580999     1.00000000  %MR
     2.00000000     9.30614675    67.50000000  -364.65463468     1.00000000  %MR
     2.00000000    10.30614675    67.50000000  -364.65428994     1.00000000  %MR
     2.00000000    12.80614675    67.50000000  -364.65408312     1.00000000  %MR
     2.00000000    15.30614675    67.50000000  -364.65405130     1.00000000  %MR


#67.5 C2_Si_POINTS_2.1_67.5/
     2.10000000     2.82145408    67.50000000  -364.82266772     1.00000000  %CC
     2.10000000     3.07145408    67.50000000  -364.90544299     1.00000000  %CC
     2.10000000     3.32145408    67.50000000  -364.93678520     1.00000000  %CC
     2.10000000     3.56701862    67.50000000  -364.93817837     1.00000000  %CC
     2.10000000     3.82145408    67.50000000  -364.92241312     1.00000000  %CC
     2.10000000     4.02145408    67.50000000  -364.90340613     1.00000000  %CC
     2.10000000     4.32145408    67.50000000  -364.87021084     1.00000000  %CC
     #2.10000000     4.72658908    67.50000000  -364.82484540     1.00000000  %CC
     2.10000000     2.32145408    67.50000000  -364.35099947     1.00000000  %MR
     #2.10000000     2.82145408    67.50000000  -364.82200473     1.00000000  %MR
     #2.10000000     3.56701862    67.50000000  -364.93832315     1.00000000  %MR
     2.10000000     5.32145408    67.50000000  -364.78271154     1.00000000  %MR
     2.10000000     6.32145408    67.50000000  -364.73459986     1.00000000  %MR
     2.10000000     7.32145408    67.50000000  -364.70039819     1.00000000  %MR
     2.10000000     8.32145408    67.50000000  -364.68986472     1.00000000  %MR
     2.10000000     9.32145408    67.50000000  -364.68838891     1.00000000  %MR
     2.10000000    10.32145408    67.50000000  -364.68801447     1.00000000  %MR
     2.10000000    12.82145408    67.50000000  -364.68780017     1.00000000  %MR
     2.10000000    15.32145408    67.50000000  -364.68776727     1.00000000  %MR


#67.5 C2_Si_POINTS_2.3_67.5/
     2.30000000     2.85206876    67.50000000  -364.87583522     1.00000000  %CC
     2.30000000     3.10206876    67.50000000  -364.95291635     1.00000000  %CC
     2.30000000     3.35206876    67.50000000  -364.98231412     1.00000000  %CC
     2.30000000     3.59763330    67.50000000  -364.98359559     1.00000000  %CC
     2.30000000     3.85206876    67.50000000  -364.96859997     1.00000000  %CC
     2.30000000     4.05206876    67.50000000  -364.95048804     1.00000000  %CC
     2.30000000     4.35206876    67.50000000  -364.91879989     1.00000000  %CC
     2.30000000     4.75720376    67.50000000  -364.87529685     1.00000000  %CC
     2.30000000     2.35206876    67.50000000  -364.44429395     1.00000000  %MR
     #2.30000000     2.85206876    67.50000000  -364.87534771     1.00000000  %MR
     #2.30000000     3.59763330    67.50000000  -364.98387643     1.00000000  %MR
     2.30000000     5.35206876    67.50000000  -364.83095276     1.00000000  %MR
     2.30000000     6.35206876    67.50000000  -364.78202285     1.00000000  %MR
     2.30000000     7.35206876    67.50000000  -364.75111686     1.00000000  %MR
     2.30000000     8.35206876    67.50000000  -364.73928507     1.00000000  %MR
     2.30000000     9.35206876    67.50000000  -364.73648772     1.00000000  %MR
     2.30000000    10.35206876    67.50000000  -364.73570773     1.00000000  %MR
     2.30000000    12.85206876    67.50000000  -364.73531090     1.00000000  %MR
     2.30000000    15.35206876    67.50000000  -364.73525021     1.00000000  %MR


#67.5 C2_Si_POINTS_2.47913152_67.5/
     2.47913152     2.87948902    67.50000000  -364.88956939     1.00000000  %CC
     2.47913152     3.12948902    67.50000000  -364.96078084     1.00000000  %CC
     2.47913152     3.37948902    67.50000000  -364.98785728     1.00000000  %CC
     2.47913152     3.62505356    67.50000000  -364.98865284     1.00000000  %CC
     2.47913152     3.87948902    67.50000000  -364.97409774     1.00000000  %CC
     2.47913152     4.07948902    67.50000000  -364.95666369     1.00000000  %CC
     2.47913152     4.37948902    67.50000000  -364.92618747     1.00000000  %CC
     2.47913152     4.78462402    67.50000000  -364.88409676     1.00000000  %CC
     2.47913152     2.37948902    67.50000000  -364.49537735     1.00000000  %MR
     #2.47913152     2.87948902    67.50000000  -364.88944463     1.00000000  %MR
     #2.47913152     3.62505356    67.50000000  -364.98914750     1.00000000  %MR
     2.47913152     5.37948902    67.50000000  -364.84047554     1.00000000  %MR
     2.47913152     6.37948902    67.50000000  -364.78987019     1.00000000  %MR
     2.47913152     7.37948902    67.50000000  -364.76176676     1.00000000  %MR
     2.47913152     8.37948902    67.50000000  -364.75183359     1.00000000  %MR
     2.47913152     9.37948902    67.50000000  -364.74918794     1.00000000  %MR
     2.47913152    10.37948902    67.50000000  -364.74842300     1.00000000  %MR
     2.47913152    12.87948902    67.50000000  -364.74802825     1.00000000  %MR
     2.47913152    15.37948902    67.50000000  -364.74796577     1.00000000  %MR


#67.5 C2_Si_POINTS_2.72913152_67.5/
     2.72913152     2.91775737    67.50000000  -364.88170366     1.00000000  %CC
     2.72913152     3.16775737    67.50000000  -364.94387179     1.00000000  %CC
     2.72913152     3.41775737    67.50000000  -364.96698532     1.00000000  %CC
     2.72913152     3.66332191    67.50000000  -364.96655342     1.00000000  %CC
     2.72913152     3.91775737    67.50000000  -364.95218706     1.00000000  %CC
     2.72913152     4.11775737    67.50000000  -364.93543426     1.00000000  %CC
     2.72913152     4.41775737    67.50000000  -364.90632391     1.00000000  %CC
     2.72913152     4.82289237    67.50000000  -364.86596627     1.00000000  %CC
     2.72913152     2.41775737    67.50000000  -364.54130079     1.00000000  %MR
     #2.72913152     2.91775737    67.50000000  -364.88250709     1.00000000  %MR
     #2.72913152     3.66332191    67.50000000  -364.96741326     1.00000000  %MR
     2.72913152     5.41775737    67.50000000  -364.82310844     1.00000000  %MR
     2.72913152     6.41775737    67.50000000  -364.77147486     1.00000000  %MR
     2.72913152     7.41775737    67.50000000  -364.74586543     1.00000000  %MR
     2.72913152     8.41775737    67.50000000  -364.73753275     1.00000000  %MR
     2.72913152     9.41775737    67.50000000  -364.73519674     1.00000000  %MR
     2.72913152    10.41775737    67.50000000  -364.73448425     1.00000000  %MR
     2.72913152    12.91775737    67.50000000  -364.73409823     1.00000000  %MR
     2.72913152    15.41775737    67.50000000  -364.73403294     1.00000000  %MR


#67.5 C2_Si_POINTS_2.97913152_67.5/
     2.97913152     2.95602571    67.50000000  -364.86053780     1.00000000  %CC
     2.97913152     3.20602571    67.50000000  -364.91311364     1.00000000  %CC
     2.97913152     3.45602571    67.50000000  -364.93169203     1.00000000  %CC
     2.97913152     3.70159025    67.50000000  -364.92954209     1.00000000  %CC
     2.97913152     3.95602571    67.50000000  -364.91494735     1.00000000  %CC
     2.97913152     4.15602571    67.50000000  -364.89860498     1.00000000  %CC
     2.97913152     4.45602571    67.50000000  -364.87053611     1.00000000  %CC
     2.97913152     4.86116071    67.50000000  -364.83170020     1.00000000  %CC
     2.97913152     2.45602571    67.50000000  -364.57304884     1.00000000  %MR
     #2.97913152     2.95602571    67.50000000  -364.86174544     1.00000000  %MR
     #2.97913152     3.70159025    67.50000000  -364.93084952     1.00000000  %MR
     2.97913152     5.45602571    67.50000000  -364.79064634     1.00000000  %MR
     2.97913152     6.45602571    67.50000000  -364.73878284     1.00000000  %MR
     2.97913152     7.45602571    67.50000000  -364.71412278     1.00000000  %MR
     2.97913152     8.45602571    67.50000000  -364.70680064     1.00000000  %MR
     2.97913152     9.45602571    67.50000000  -364.70468007     1.00000000  %MR
     2.97913152    10.45602571    67.50000000  -364.70400900     1.00000000  %MR
     2.97913152    12.95602571    67.50000000  -364.70362948     1.00000000  %MR
     2.97913152    15.45602571    67.50000000  -364.70356459     1.00000000  %MR


#67.5 C2_Si_POINTS_3.22913152_67.5/
     3.22913152     2.99429405    67.50000000  -364.83643911     1.00000000  %CC
     3.22913152     3.24429405    67.50000000  -364.87922526     1.00000000  %CC
     3.22913152     3.49429405    67.50000000  -364.89293939     1.00000000  %CC
     3.22913152     3.73985859    67.50000000  -364.88874417     1.00000000  %CC
     3.22913152     3.99429405    67.50000000  -364.87360639     1.00000000  %CC
     3.22913152     4.19429405    67.50000000  -364.85745975     1.00000000  %CC
     3.22913152     4.49429405    67.50000000  -364.83017983     1.00000000  %CC
     #3.22913152     4.89942905    67.50000000  -364.79265088     1.00000000  %CC
     3.22913152     2.49429405    67.50000000  -364.59998016     1.00000000  %MR
     #3.22913152     2.99429405    67.50000000  -364.83792346     1.00000000  %MR
     #3.22913152     3.73985859    67.50000000  -364.89061858     1.00000000  %MR
     3.22913152     5.49429405    67.50000000  -364.75409775     1.00000000  %MR
     3.22913152     6.49429405    67.50000000  -364.70290971     1.00000000  %MR
     3.22913152     7.49429405    67.50000000  -364.67829289     1.00000000  %MR
     3.22913152     8.49429405    67.50000000  -364.67170832     1.00000000  %MR
     3.22913152     9.49429405    67.50000000  -364.66975517     1.00000000  %MR
     3.22913152    10.49429405    67.50000000  -364.66911713     1.00000000  %MR
     3.22913152    12.99429405    67.50000000  -364.66874399     1.00000000  %MR
     3.22913152    15.49429405    67.50000000  -364.66867826     1.00000000  %MR
