#0 C2_Si_POINTS_2.0_0.0/
     2.00000000     3.30000000     0.00000000  -364.54133006     1.00000000  %CC
     2.00000000     3.55000000     0.00000000  -364.74361010     1.00000000  %CC
     2.00000000     3.80000000     0.00000000  -364.84039573     1.00000000  %CC
     2.00000000     4.04556454     0.00000000  -364.87651465     1.00000000  %CC
     2.00000000     4.30000000     0.00000000  -364.87943708     1.00000000  %CC
     2.00000000     4.50000000     0.00000000  -364.86795596     1.00000000  %CC
     2.00000000     4.80000000     0.00000000  -364.83942009     1.00000000  %CC
     2.00000000     5.20513500     0.00000000  -364.79376511     1.00000000  %CC
     2.00000000     2.80000000     0.00000000  -363.48933229     1.00000000  %MR
#     2.00000000     3.30000000     0.00000000  -364.54197186     1.00000000  %MR
#     2.00000000     4.04556454     0.00000000  -364.87717840     1.00000000  %MR
     2.00000000     5.80000000     0.00000000  -364.73810446     1.00000000  %MR
#     2.00000000     6.80000000     0.00000000  -364.67303077     1.00000000  %MR
#     2.00000000     7.80000000     0.00000000  -364.65339630     1.00000000  %MR
     2.00000000     8.80000000     0.00000000  -364.64748162     1.00000000  %MR
     2.00000000     9.80000000     0.00000000  -364.64561213     1.00000000  %MR
     2.00000000    10.80000000     0.00000000  -364.64492427     1.00000000  %MR
     2.00000000    13.30000000     0.00000000  -364.64443061     1.00000000  %MR
     2.00000000    15.80000000     0.00000000  -364.64430903     1.00000000  %MR


#0 C2_Si_POINTS_2.1_0.0/
     2.10000000     3.34000000     0.00000000  -364.57871143     1.00000000  %CC
     2.10000000     3.59000000     0.00000000  -364.78683543     1.00000000  %CC
     2.10000000     3.84000000     0.00000000  -364.88700832     1.00000000  %CC
     2.10000000     4.08556454     0.00000000  -364.92501540     1.00000000  %CC
     2.10000000     4.34000000     0.00000000  -364.92902969     1.00000000  %CC
     2.10000000     4.54000000     0.00000000  -364.91805864     1.00000000  %CC
     2.10000000     4.84000000     0.00000000  -364.89000795     1.00000000  %CC
     2.10000000     5.24513500     0.00000000  -364.84483971     1.00000000  %CC
     2.10000000     2.84000000     0.00000000  -363.50410834     1.00000000  %MR
#     2.10000000     3.34000000     0.00000000  -364.57956198     1.00000000  %MR
#     2.10000000     4.08556454     0.00000000  -364.92584905     1.00000000  %MR
     2.10000000     5.84000000     0.00000000  -364.78978864     1.00000000  %MR
     2.10000000     6.84000000     0.00000000  -364.72651817     1.00000000  %MR
     2.10000000     7.84000000     0.00000000  -364.69489795     1.00000000  %MR
     2.10000000     8.84000000     0.00000000  -364.68800927     1.00000000  %MR
     2.10000000     9.84000000     0.00000000  -364.68582390     1.00000000  %MR
     2.10000000    10.84000000     0.00000000  -364.68503777     1.00000000  %MR
     2.10000000    13.34000000     0.00000000  -364.68447333     1.00000000  %MR
     2.10000000    15.84000000     0.00000000  -364.68433870     1.00000000  %MR


#0 C2_Si_POINTS_2.3_0.0/
     2.30000000     3.42000000     0.00000000  -364.60190100     1.00000000  %CC
     2.30000000     3.67000000     0.00000000  -364.82181356     1.00000000  %CC
     2.30000000     3.92000000     0.00000000  -364.92891325     1.00000000  %CC
     2.30000000     4.16556454     0.00000000  -364.97085585     1.00000000  %CC
     2.30000000     4.42000000     0.00000000  -364.97722926     1.00000000  %CC
     2.30000000     4.62000000     0.00000000  -364.96741890     1.00000000  %CC
     2.30000000     4.92000000     0.00000000  -364.94054194     1.00000000  %CC
     2.30000000     5.32513500     0.00000000  -364.89658174     1.00000000  %CC
     2.30000000     2.92000000     0.00000000  -363.45713075     1.00000000  %MR
#     2.30000000     3.42000000     0.00000000  -364.63512755     1.00000000  %MR
#     2.30000000     4.16556454     0.00000000  -364.97197618     1.00000000  %MR
     2.30000000     5.92000000     0.00000000  -364.84275286     1.00000000  %MR
     2.30000000     6.92000000     0.00000000  -364.77879554     1.00000000  %MR
     2.30000000     7.92000000     0.00000000  -364.74685016     1.00000000  %MR
     2.30000000     8.92000000     0.00000000  -364.73834454     1.00000000  %MR
     2.30000000     9.92000000     0.00000000  -364.73628306     1.00000000  %MR
     2.30000000    10.92000000     0.00000000  -364.73570661     1.00000000  %MR
     2.30000000    13.42000000     0.00000000  -364.73541842     1.00000000  %MR
     2.30000000    15.92000000     0.00000000  -364.73548800     1.00000000  %MR


#0 C2_Si_POINTS_2.47913152_0.0/
     2.47913152     3.49165261     0.00000000  -364.58540152     1.00000000  %CC
     2.47913152     3.74165261     0.00000000  -364.81597582     1.00000000  %CC
     2.47913152     3.99165261     0.00000000  -364.92943376     1.00000000  %CC
     2.47913152     4.23721715     0.00000000  -364.97505449     1.00000000  %CC
     2.47913152     4.49165261     0.00000000  -364.98369240     1.00000000  %CC
     2.47913152     4.69165261     0.00000000  -364.97503219     1.00000000  %CC
     2.47913152     4.99165261     0.00000000  -364.94934543     1.00000000  %CC
     2.47913152     5.39678761     0.00000000  -364.90658006     1.00000000  %CC
     2.47913152     2.99165261     0.00000000  -363.39975089     1.00000000  %MR
#     2.47913152     3.49165261     0.00000000  -364.58673709     1.00000000  %MR
#     2.47913152     4.23721715     0.00000000  -364.97641457     1.00000000  %MR
     2.47913152     5.99165261     0.00000000  -364.85367291     1.00000000  %MR
     2.47913152     6.99165261     0.00000000  -364.79051360     1.00000000  %MR
     2.47913152     7.99165261     0.00000000  -364.75936639     1.00000000  %MR
     2.47913152     8.99165261     0.00000000  -364.75023971     1.00000000  %MR
#     2.47913152     9.99165261     0.00000000  -364.77281883     1.00000000  %MR % STRANGE
#     2.47913152    10.99165261     0.00000000  -364.77179709     1.00000000  %MR % STRANGE
     2.47913152    13.49165261     0.00000000  -364.74813700     1.00000000  %MR
     2.47913152    15.99165261     0.00000000  -364.75487909     1.00000000  %MR


#0 C2_Si_POINTS_2.72913152_0.0/
     2.72913152     3.59165261     0.00000000  -364.53082875     1.00000000  %CC
     2.72913152     3.84165261     0.00000000  -364.77646983     1.00000000  %CC
     2.72913152     4.09165261     0.00000000  -364.89907556     1.00000000  %CC
     2.72913152     4.33721715     0.00000000  -364.95007935     1.00000000  %CC
     2.72913152     4.59165261     0.00000000  -364.96210240     1.00000000  %CC
     2.72913152     4.79165261     0.00000000  -364.95519445     1.00000000  %CC
     2.72913152     5.09165261     0.00000000  -364.93132841     1.00000000  %CC
     2.72913152     5.49678761     0.00000000  -364.89031778     1.00000000  %CC
     2.72913152     3.09165261     0.00000000  -363.30927129     1.00000000  %MR
#     2.72913152     3.59165261     0.00000000  -364.53258893     1.00000000  %MR
#     2.72913152     4.33721715     0.00000000  -364.95184362     1.00000000  %MR
     2.72913152     6.09165261     0.00000000  -364.83848358     1.00000000  %MR
     2.72913152     7.09165261     0.00000000  -364.77619134     1.00000000  %MR
     2.72913152     8.09165261     0.00000000  -364.74534148     1.00000000  %MR
     2.72913152     9.09165261     0.00000000  -364.73725413     1.00000000  %MR
     2.72913152    10.09165261     0.00000000  -364.73515623     1.00000000  %MR
     2.72913152    11.09165261     0.00000000  -364.73453643     1.00000000  %MR
     2.72913152    13.59165261     0.00000000  -364.73420823     1.00000000  %MR
     2.72913152    16.09165261     0.00000000  -364.73415223     1.00000000  %MR


#0 C2_Si_POINTS_2.97913152_0.0/
     2.97913152     3.69165261     0.00000000  -364.45886040     1.00000000  %CC
     2.97913152     3.94165261     0.00000000  -364.71984006     1.00000000  %CC
     2.97913152     4.19165261     0.00000000  -364.85198484     1.00000000  %CC
     2.97913152     4.43721715     0.00000000  -364.90870497     1.00000000  %CC
     2.97913152     4.69165261     0.00000000  -364.92438425     1.00000000  %CC
     2.97913152     4.89165261     0.00000000  -364.91939139     1.00000000  %CC
     2.97913152     5.19165261     0.00000000  -364.89751237     1.00000000  %CC
     2.97913152     5.59678761     0.00000000  -364.85834811     1.00000000  %CC
     2.97913152     3.19165261     0.00000000  -363.19972476     1.00000000  %MR
#     2.97913152     3.69165261     0.00000000  -364.46117155     1.00000000  %MR
#     2.97913152     4.43721715     0.00000000  -364.91101524     1.00000000  %MR
     2.97913152     6.19165261     0.00000000  -364.80746103     1.00000000  %MR
     2.97913152     7.19165261     0.00000000  -364.74590375     1.00000000  %MR
     2.97913152     8.19165261     0.00000000  -364.70572640     1.00000000  %MR
     2.97913152     9.19165261     0.00000000  -364.70130573     1.00000000  %MR
     2.97913152    10.19165261     0.00000000  -364.69959784     1.00000000  %MR
     2.97913152    11.19165261     0.00000000  -364.69906153     1.00000000  %MR
     2.97913152    13.69165261     0.00000000  -364.69861173     1.00000000  %MR
     2.97913152    16.19165261     0.00000000  -364.69849024     1.00000000  %MR


#0 C2_Si_POINTS_3.22913152_0.0/
     3.22913152     3.79165261     0.00000000  -364.38106310     1.00000000  %CC
     3.22913152     4.04165261     0.00000000  -364.65766476     1.00000000  %CC
     3.22913152     4.29165261     0.00000000  -364.79981005     1.00000000  %CC
     3.22913152     4.53721715     0.00000000  -364.86261851     1.00000000  %CC
     3.22913152     4.79165261     0.00000000  -364.88223041     1.00000000  %CC
     3.22913152     4.99165261     0.00000000  -364.87930566     1.00000000  %CC
     3.22913152     5.29165261     0.00000000  -364.85956347     1.00000000  %CC
     3.22913152     5.69678761     0.00000000  -364.82232441     1.00000000  %CC
     3.22913152     3.29165261     0.00000000  -363.09038382     1.00000000  %MR
#     3.22913152     3.79165261     0.00000000  -364.38416753     1.00000000  %MR
#     3.22913152     4.53721715     0.00000000  -364.86563785     1.00000000  %MR
     3.22913152     6.29165261     0.00000000  -364.77230075     1.00000000  %MR
     3.22913152     7.29165261     0.00000000  -364.71145844     1.00000000  %MR
#     3.22913152     8.29165261     0.00000000  -364.67062410     1.00000000  %MR
     3.22913152     9.29165261     0.00000000  -364.67333697     1.00000000  %MR
     3.22913152    10.29165261     0.00000000  -364.67199705     1.00000000  %MR
     3.22913152    11.29165261     0.00000000  -364.67136131     1.00000000  %MR
     3.22913152    13.79165261     0.00000000  -364.67084417     1.00000000  %MR
     3.22913152    16.29165261     0.00000000  -364.67070663     1.00000000  %MR

