#30 C2_Si_POINTS_2.0_30.0/
     2.00000000     3.19282032    30.00000000  -364.63059659     1.00000000  %CC
     2.00000000     3.44282032    30.00000000  -364.78644492     1.00000000  %CC
     2.00000000     3.69282032    30.00000000  -364.85835767     1.00000000  %CC
     2.00000000     3.93838486    30.00000000  -364.88143163     1.00000000  %CC
#     2.00000000     4.19282032    30.00000000  -364.87737387     1.00000000  %CC
#     2.00000000     4.39282032    30.00000000  -364.86311132     1.00000000  %CC
#     2.00000000     4.69282032    30.00000000  -364.83301988     1.00000000  %CC
#     2.00000000     5.09795532    30.00000000  -364.78909343     1.00000000  %CC
     2.00000000     2.69282032    30.00000000  -363.81951717     1.00000000  %MR
#     2.00000000     3.19282032    30.00000000  -364.63032527     1.00000000  %MR
#     2.00000000     3.93838486    30.00000000  -364.88080709     1.00000000  %MR
#     2.00000000     5.69282032    30.00000000  -364.75895156     1.00000000  %MR
#     2.00000000     6.69282032    30.00000000  -364.70748160     1.00000000  %MR
#     2.00000000     7.69282032    30.00000000  -364.67378201     1.00000000  %MR
     2.00000000     8.69282032    30.00000000  -364.65888779     1.00000000  %MR
     2.00000000     9.69282032    30.00000000  -364.65532082     1.00000000  %MR
     2.00000000    10.69282032    30.00000000  -364.65447669     1.00000000  %MR
     2.00000000    13.19282032    30.00000000  -364.65410894     1.00000000  %MR
     2.00000000    15.69282032    30.00000000  -364.65405848     1.00000000  %MR


#30 C2_Si_POINTS_2.1_30.0/
     2.10000000     3.22746134    30.00000000  -364.67498212     1.00000000  %CC
     2.10000000     3.47746134    30.00000000  -364.83294526     1.00000000  %CC
     2.10000000     3.72746134    30.00000000  -364.90636668     1.00000000  %CC
     2.10000000     3.97302588    30.00000000  -364.93044463     1.00000000  %CC
     2.10000000     4.22746134    30.00000000  -364.92708478     1.00000000  %CC
     2.10000000     4.42746134    30.00000000  -364.91321190     1.00000000  %CC
     2.10000000     4.72746134    30.00000000  -364.88352250     1.00000000  %CC
#     2.10000000     5.13259634    30.00000000  -364.83919193     1.00000000  %CC
     2.10000000     2.72746134    30.00000000  -363.85997136     1.00000000  %MR
#     2.10000000     3.22746134    30.00000000  -364.67472742     1.00000000  %MR
#     2.10000000     3.97302588    30.00000000  -364.93110184     1.00000000  %MR
#     2.10000000     5.72746134    30.00000000  -364.79932443     1.00000000  %MR
#     2.10000000     6.72746134    30.00000000  -364.74687215     1.00000000  %MR
#     2.10000000     7.72746134    30.00000000  -364.71146818     1.00000000  %MR
     2.10000000     8.72746134    30.00000000  -364.69364737     1.00000000  %MR
     2.10000000     9.72746134    30.00000000  -364.68917927     1.00000000  %MR
     2.10000000    10.72746134    30.00000000  -364.68822402     1.00000000  %MR
     2.10000000    13.22746134    30.00000000  -364.68782912     1.00000000  %MR
     2.10000000    15.72746134    30.00000000  -364.68777612     1.00000000  %MR


#30 C2_Si_POINTS_2.3_30.0/
     2.30000000     3.29674337    30.00000000  -364.71416060     1.00000000  %CC
     2.30000000     3.54674337    30.00000000  -364.87554958     1.00000000  %CC
     2.30000000     3.79674337    30.00000000  -364.95160020     1.00000000  %CC
     2.30000000     4.04230791    30.00000000  -364.97753760     1.00000000  %CC
     2.30000000     4.29674337    30.00000000  -364.97555621     1.00000000  %CC
     2.30000000     4.49674337    30.00000000  -364.96250764     1.00000000  %CC
     2.30000000     4.79674337    30.00000000  -364.93377352     1.00000000  %CC
#     2.30000000     5.20187837    30.00000000  -364.89010668     1.00000000  %CC
     2.30000000     2.79674337    30.00000000  -363.89612120     1.00000000  %MR
#     2.30000000     3.29674337    30.00000000  -364.71528088     1.00000000  %MR
#     2.30000000     4.04230791    30.00000000  -364.97850653     1.00000000  %MR
     2.30000000     5.79674337    30.00000000  -364.83691063     1.00000000  %MR
     2.30000000     6.79674337    30.00000000  -364.78208099     1.00000000  %MR
     2.30000000     7.79674337    30.00000000  -364.74695608     1.00000000  %MR
     2.30000000     8.79674337    30.00000000  -364.73767924     1.00000000  %MR
     2.30000000     9.79674337    30.00000000  -364.73614427     1.00000000  %MR
     2.30000000    10.79674337    30.00000000  -364.73558801     1.00000000  %MR
     2.30000000    13.29674337    30.00000000  -364.73528223     1.00000000  %MR
     2.30000000    15.79674337    30.00000000  -364.73523728     1.00000000  %MR


#30 C2_Si_POINTS_2.47913152_30.0/
     2.47913152     3.35879635    30.00000000  -364.71416506     1.00000000  %CC
     2.47913152     3.60879635    30.00000000  -364.87775344     1.00000000  %CC
     2.47913152     3.85879635    30.00000000  -364.95572572     1.00000000  %CC
     2.47913152     4.10436089    30.00000000  -364.98314217     1.00000000  %CC
     2.47913152     4.35879635    30.00000000  -364.98233967     1.00000000  %CC
     2.47913152     4.55879635    30.00000000  -364.97003907     1.00000000  %CC
     2.47913152     4.85879635    30.00000000  -364.94223260     1.00000000  %CC
#     2.47913152     5.26393135    30.00000000  -364.89950555     1.00000000  %CC
     2.47913152     2.85879635    30.00000000  -363.89665201     1.00000000  %MR
#     2.47913152     3.35879635    30.00000000  -364.71540089     1.00000000  %MR
#     2.47913152     4.10436089    30.00000000  -364.98438541     1.00000000  %MR
     2.47913152     5.85879635    30.00000000  -364.84918990     1.00000000  %MR
     2.47913152     6.85879635    30.00000000  -364.78814855     1.00000000  %MR
     2.47913152     7.85879635    30.00000000  -364.75976023     1.00000000  %MR
     2.47913152     8.85879635    30.00000000  -364.75107390     1.00000000  %MR
     2.47913152     9.85879635    30.00000000  -364.74894030     1.00000000  %MR
     2.47913152    10.85879635    30.00000000  -364.74832759     1.00000000  %MR
     2.47913152    13.35879635    30.00000000  -364.74800622     1.00000000  %MR
     2.47913152    15.85879635    30.00000000  -364.74795488     1.00000000  %MR


#30 C2_Si_POINTS_2.72913152_30.0/
     2.72913152     3.44539889    30.00000000  -364.68606065     1.00000000  %CC
     2.72913152     3.69539889    30.00000000  -364.85141867     1.00000000  %CC
     2.72913152     3.94539889    30.00000000  -364.93143517     1.00000000  %CC
     2.72913152     4.19096343    30.00000000  -364.96063317     1.00000000  %CC
     2.72913152     4.44539889    30.00000000  -364.96137293     1.00000000  %CC
     2.72913152     4.64539889    30.00000000  -364.95010447     1.00000000  %CC
     2.72913152     4.94539889    30.00000000  -364.92363009     1.00000000  %CC
#     2.72913152     5.35053389    30.00000000  -364.88233028     1.00000000  %CC
     2.72913152     2.94539889    30.00000000  -363.87778038     1.00000000  %MR
#     2.72913152     3.44539889    30.00000000  -364.68774483     1.00000000  %MR
#     2.72913152     4.19096343    30.00000000  -364.96228791     1.00000000  %MR
     2.72913152     5.94539889    30.00000000  -364.83308586     1.00000000  %MR
     2.72913152     6.94539889    30.00000000  -364.77169248     1.00000000  %MR
     2.72913152     7.94539889    30.00000000  -364.74493191     1.00000000  %MR
     2.72913152     8.94539889    30.00000000  -364.73708984     1.00000000  %MR
     2.72913152     9.94539889    30.00000000  -364.73503620     1.00000000  %MR
     2.72913152    10.94539889    30.00000000  -364.73441713     1.00000000  %MR
     2.72913152    13.44539889    30.00000000  -364.73408281     1.00000000  %MR
     2.72913152    15.94539889    30.00000000  -364.73402516     1.00000000  %MR


#30 C2_Si_POINTS_2.97913152_30.0/
     2.97913152     3.53200143    30.00000000  -364.64459463     1.00000000  %CC
     2.97913152     3.78200143    30.00000000  -364.81029160     1.00000000  %CC
     2.97913152     4.03200143    30.00000000  -364.89165767     1.00000000  %CC
     2.97913152     4.27756597    30.00000000  -364.92232922     1.00000000  %CC
     2.97913152     4.53200143    30.00000000  -364.92449110     1.00000000  %CC
     2.97913152     4.73200143    30.00000000  -364.91423164     1.00000000  %CC
     2.97913152     5.03200143    30.00000000  -364.88910088     1.00000000  %CC
#     2.97913152     5.43713643    30.00000000  -364.84914940     1.00000000  %CC
     2.97913152     3.03200143    30.00000000  -363.85344300     1.00000000  %MR
#     2.97913152     3.53200143    30.00000000  -364.64684091     1.00000000  %MR
#     2.97913152     4.27756597    30.00000000  -364.92447723     1.00000000  %MR
     2.97913152     6.03200143    30.00000000  -364.80134221     1.00000000  %MR
     2.97913152     7.03200143    30.00000000  -364.74222493     1.00000000  %MR
     2.97913152     8.03200143    30.00000000  -364.71403015     1.00000000  %MR
     2.97913152     9.03200143    30.00000000  -364.70660375     1.00000000  %MR
     2.97913152    10.03200143    30.00000000  -364.70459256     1.00000000  %MR
     2.97913152    11.03200143    30.00000000  -364.70397014     1.00000000  %MR
     2.97913152    13.53200143    30.00000000  -364.70362044     1.00000000  %MR
     2.97913152    16.03200143    30.00000000  -364.70355965     1.00000000  %MR


#30 C2_Si_POINTS_3.22913152_30.0/
     3.22913152     3.61860397    30.00000000  -364.60137522     1.00000000  %CC
     3.22913152     3.86860397    30.00000000  -364.76602836     1.00000000  %CC
     3.22913152     4.11860397    30.00000000  -364.84806804     1.00000000  %CC
     3.22913152     4.36416851    30.00000000  -364.87990434     1.00000000  %CC
     3.22913152     4.61860397    30.00000000  -364.88335271     1.00000000  %CC
     3.22913152     4.81860397    30.00000000  -364.87405576     1.00000000  %CC
     3.22913152     5.11860397    30.00000000  -364.85023014     1.00000000  %CC
#     3.22913152     5.52373897    30.00000000  -364.81078741     1.00000000  %CC
     3.22913152     3.11860397    30.00000000  -363.83401832     1.00000000  %MR
#     3.22913152     3.61860397    30.00000000  -364.60433582     1.00000000  %MR
#     3.22913152     4.36416851    30.00000000  -364.88267773     1.00000000  %MR
     3.22913152     6.11860397    30.00000000  -364.76548032     1.00000000  %MR
     3.22913152     7.11860397    30.00000000  -364.70812409     1.00000000  %MR
     3.22913152     8.11860397    30.00000000  -364.67887399     1.00000000  %MR
     3.22913152     9.11860397    30.00000000  -364.67171071     1.00000000  %MR
     3.22913152    10.11860397    30.00000000  -364.66973097     1.00000000  %MR
     3.22913152    11.11860397    30.00000000  -364.66910406     1.00000000  %MR
     3.22913152    13.61860397    30.00000000  -364.66874083     1.00000000  %MR
     3.22913152    16.11860397    30.00000000  -364.66867621     1.00000000  %MR

