#15 C2_Si_POINTS_2.0_15.0/
     2.00000000     3.27274066    15.00000000  -364.56732674     1.00000000  %CC
     2.00000000     3.52274066    15.00000000  -364.75603338     1.00000000  %CC
     2.00000000     3.77274066    15.00000000  -364.84565445     1.00000000  %CC
     2.00000000     4.01830520    15.00000000  -364.87805024     1.00000000  %CC
     2.00000000     4.27274066    15.00000000  -364.87899257     1.00000000  %CC
#     2.00000000     4.47274066    15.00000000  -364.86672806     1.00000000  %CC
#     2.00000000     4.77274066    15.00000000  -364.83777674     1.00000000  %CC
#     2.00000000     5.17787566    15.00000000  -364.79286662     1.00000000  %CC
     2.00000000     2.77274066    15.00000000  -363.59146960     1.00000000  %MR
#     2.00000000     3.27274066    15.00000000  -364.56731142     1.00000000  %MR
#     2.00000000     4.01830520    15.00000000  -364.87728526     1.00000000  %MR
#     2.00000000     5.77274066    15.00000000  -364.76538513     1.00000000  %MR
#     2.00000000     6.77274066    15.00000000  -364.71195970     1.00000000  %MR
#     2.00000000     7.77274066    15.00000000  -364.67654542     1.00000000  %MR
     2.00000000     8.77274066    15.00000000  -364.65980110     1.00000000  %MR
     2.00000000     9.77274066    15.00000000  -364.65551454     1.00000000  %MR
     2.00000000    10.77274066    15.00000000  -364.65452477     1.00000000  %MR
     2.00000000    13.27274066    15.00000000  -364.65411665     1.00000000  %MR
     2.00000000    15.77274066    15.00000000  -364.65405960     1.00000000  %MR


#15 C2_Si_POINTS_2.1_15.0/
     2.10000000     3.31137769    15.00000000  -364.60692602     1.00000000  %CC
     2.10000000     3.56137769    15.00000000  -364.80030059     1.00000000  %CC
     2.10000000     3.81137769    15.00000000  -364.89272102     1.00000000  %CC
     2.10000000     4.05694223    15.00000000  -364.92672375     1.00000000  %CC
     2.10000000     4.31137769    15.00000000  -364.92862656     1.00000000  %CC
#     2.10000000     4.51137769    15.00000000  -364.91682556     1.00000000  %CC
#     2.10000000     4.81137769    15.00000000  -364.88831297     1.00000000  %CC
#     2.10000000     5.21651269    15.00000000  -364.84342194     1.00000000  %CC
     2.10000000     2.81137769    15.00000000  -363.61393481     1.00000000  %MR
#     2.10000000     3.31137769    15.00000000  -364.60665326     1.00000000  %MR
#     2.10000000     4.05694223    15.00000000  -364.92693204     1.00000000  %MR
#     2.10000000     5.81137769    15.00000000  -364.80442827     1.00000000  %MR
#     2.10000000     6.81137769    15.00000000  -364.75055998     1.00000000  %MR
#     2.10000000     7.81137769    15.00000000  -364.71396655     1.00000000  %MR
     2.10000000     8.81137769    15.00000000  -364.69473307     1.00000000  %MR
     2.10000000     9.81137769    15.00000000  -364.68940407     1.00000000  %MR
     2.10000000    10.81137769    15.00000000  -364.68828015     1.00000000  %MR
     2.10000000    13.31137769    15.00000000  -364.68783843     1.00000000  %MR
     2.10000000    15.81137769    15.00000000  -364.68777829     1.00000000  %MR


#15 C2_Si_POINTS_2.3_15.0/
     2.30000000     3.38865176    15.00000000  -364.63524244     1.00000000  %CC
     2.30000000     3.63865176    15.00000000  -364.83771645     1.00000000  %CC
     2.30000000     3.88865176    15.00000000  -364.93569792     1.00000000  %CC
     2.30000000     4.13421630    15.00000000  -364.97297642     1.00000000  %CC
     2.30000000     4.38865176    15.00000000  -364.97692043     1.00000000  %CC
     2.30000000     4.58865176    15.00000000  -364.96616539     1.00000000  %CC
     2.30000000     4.88865176    15.00000000  -364.93874219     1.00000000  %CC
#     2.30000000     5.29378676    15.00000000  -364.89485333     1.00000000  %CC
     2.30000000     2.88865176    15.00000000  -363.61271806     1.00000000  %MR
#     2.30000000     3.38865176    15.00000000  -364.63563804     1.00000000  %MR
#     2.30000000     4.13421630    15.00000000  -364.97406096     1.00000000  %MR
     2.30000000     5.88865176    15.00000000  -364.83713111     1.00000000  %MR
     2.30000000     6.88865176    15.00000000  -364.78210526     1.00000000  %MR
     2.30000000     7.88865176    15.00000000  -364.74503123     1.00000000  %MR
     2.30000000     8.88865176    15.00000000  -364.73771434     1.00000000  %MR
     2.30000000     9.88865176    15.00000000  -364.73613359     1.00000000  %MR
     2.30000000    10.88865176    15.00000000  -364.73557027     1.00000000  %MR
     2.30000000    13.38865176    15.00000000  -364.73527913     1.00000000  %MR
     2.30000000    15.88865176    15.00000000  -364.73523356     1.00000000  %MR


#15 C2_Si_POINTS_2.47913152_15.0/
     2.47913152     3.45786286    15.00000000  -364.62412974     1.00000000  %CC
     2.47913152     3.70786286    15.00000000  -364.83447930     1.00000000  %CC
     2.47913152     3.95786286    15.00000000  -364.93738451     1.00000000  %CC
     2.47913152     4.20342740    15.00000000  -364.97763617     1.00000000  %CC
     2.47913152     4.45786286    15.00000000  -364.98349592     1.00000000  %CC
     2.47913152     4.65786286    15.00000000  -364.97376217     1.00000000  %CC
     2.47913152     4.95786286    15.00000000  -364.94744088     1.00000000  %CC
#     2.47913152     5.36299786    15.00000000  -364.90466836     1.00000000  %CC
     2.47913152     2.95786286    15.00000000  -363.58041737     1.00000000  %MR
#     2.47913152     3.45786286    15.00000000  -364.62558999     1.00000000  %MR
#     2.47913152     4.20342740    15.00000000  -364.97897222     1.00000000  %MR
     2.47913152     5.95786286    15.00000000  -364.85254346     1.00000000  %MR
     2.47913152     6.95786286    15.00000000  -364.78685314     1.00000000  %MR
     2.47913152     7.95786286    15.00000000  -364.75938558     1.00000000  %MR
     2.47913152     8.95786286    15.00000000  -364.75099518     1.00000000  %MR
     2.47913152     9.95786286    15.00000000  -364.74890889     1.00000000  %MR
     2.47913152    10.95786286    15.00000000  -364.74831128     1.00000000  %MR
     2.47913152    13.45786286    15.00000000  -364.74800209     1.00000000  %MR
     2.47913152    15.95786286    15.00000000  -364.74795188     1.00000000  %MR


#15 C2_Si_POINTS_2.72913152_15.0/
     2.72913152     3.55445545    15.00000000  -364.57841593     1.00000000  %CC
     2.72913152     3.80445545    15.00000000  -364.79932202     1.00000000  %CC
     2.72913152     4.05445545    15.00000000  -364.90902763     1.00000000  %CC
     2.72913152     4.30001999    15.00000000  -364.95348705     1.00000000  %CC
     2.72913152     4.55445545    15.00000000  -364.96213246     1.00000000  %CC
     2.72913152     4.75445545    15.00000000  -364.95391653     1.00000000  %CC
     2.72913152     5.05445545    15.00000000  -364.92925817     1.00000000  %CC
#     2.72913152     5.45959045    15.00000000  -364.88815026     1.00000000  %CC
     2.72913152     3.05445545    15.00000000  -363.51190240     1.00000000  %MR
#     2.72913152     3.55445545    15.00000000  -364.58032683     1.00000000  %MR
#     2.72913152     4.30001999    15.00000000  -364.95522612     1.00000000  %MR
     2.72913152     6.05445545    15.00000000  -364.83700563     1.00000000  %MR
     2.72913152     7.05445545    15.00000000  -364.77278801     1.00000000  %MR
     2.72913152     8.05445545    15.00000000  -364.74511456     1.00000000  %MR
     2.72913152     9.05445545    15.00000000  -364.73711009     1.00000000  %MR
     2.72913152    10.05445545    15.00000000  -364.73502756     1.00000000  %MR
     2.72913152    11.05445545    15.00000000  -364.73440837     1.00000000  %MR
     2.72913152    13.55445545    15.00000000  -364.73408109     1.00000000  %MR
     2.72913152    16.05445545    15.00000000  -364.73402398     1.00000000  %MR


#15 C2_Si_POINTS_2.97913152_15.0/
     2.97913152     3.65104803    15.00000000  -364.51702906     1.00000000  %CC
     2.97913152     3.90104803    15.00000000  -364.74797007     1.00000000  %CC
     2.97913152     4.15104803    15.00000000  -364.86441761     1.00000000  %CC
     2.97913152     4.39661257    15.00000000  -364.91317014     1.00000000  %CC
     2.97913152     4.65104803    15.00000000  -364.92473162     1.00000000  %CC
     2.97913152     4.85104803    15.00000000  -364.91813174     1.00000000  %CC
     2.97913152     5.15104803    15.00000000  -364.89525292     1.00000000  %CC
#     2.97913152     5.55618303    15.00000000  -364.85573950     1.00000000  %CC
     2.97913152     3.15104803    15.00000000  -363.43588927     1.00000000  %MR
#     2.97913152     3.65104803    15.00000000  -364.51950004     1.00000000  %MR
#     2.97913152     4.39661257    15.00000000  -364.91543502     1.00000000  %MR
     2.97913152     6.15104803    15.00000000  -364.80577160     1.00000000  %MR
     2.97913152     7.15104803    15.00000000  -364.74500529     1.00000000  %MR
     2.97913152     8.15104803    15.00000000  -364.71451060     1.00000000  %MR
     2.97913152     9.15104803    15.00000000  -364.70669297     1.00000000  %MR
     2.97913152    10.15104803    15.00000000  -364.70460439     1.00000000  %MR
     2.97913152    11.15104803    15.00000000  -364.70396823     1.00000000  %MR
     2.97913152    13.65104803    15.00000000  -364.70362019     1.00000000  %MR
     2.97913152    16.15104803    15.00000000  -364.70355873     1.00000000  %MR


#15 C2_Si_POINTS_3.22913152_15.0/
     3.22913152     3.74764061    15.00000000  -364.45177314     1.00000000  %CC
     3.22913152     3.99764061    15.00000000  -364.69211841     1.00000000  %CC
     3.22913152     4.24764061    15.00000000  -364.81525717     1.00000000  %CC
     3.22913152     4.49320515    15.00000000  -364.86839132     1.00000000  %CC
     3.22913152     4.74764061    15.00000000  -364.88298376     1.00000000  %CC
     3.22913152     4.94764061    15.00000000  -364.87808212     1.00000000  %CC
     3.22913152     5.24764061    15.00000000  -364.85706838     1.00000000  %CC
#     3.22913152     5.65277561    15.00000000  -364.81946464     1.00000000  %CC
     3.22913152     3.24764061    15.00000000  -363.36153885     1.00000000  %MR
#     3.22913152     3.74764061    15.00000000  -364.45506211     1.00000000  %MR
#     3.22913152     4.49320515    15.00000000  -364.87133045     1.00000000  %MR
     3.22913152     6.24764061    15.00000000  -364.77040634     1.00000000  %MR
     3.22913152     7.24764061    15.00000000  -364.71054393     1.00000000  %MR
     3.22913152     8.24764061    15.00000000  -364.67956047     1.00000000  %MR
     3.22913152     9.24764061    15.00000000  -364.67185678     1.00000000  %MR
     3.22913152    10.24764061    15.00000000  -364.66976173     1.00000000  %MR
     3.22913152    11.24764061    15.00000000  -364.66910904     1.00000000  %MR
     3.22913152    13.74764061    15.00000000  -364.66874204     1.00000000  %MR
     3.22913152    16.24764061    15.00000000  -364.66867605     1.00000000  %MR

