#90 C2_Si_POINTS_2.0_90.0/
     2.00000000     2.50000000    90.00000000  -364.70797618     1.00000000  %CC
     2.00000000     2.75000000    90.00000000  -364.83253720     1.00000000  %CC
     2.00000000     3.00000000    90.00000000  -364.88694722     1.00000000  %CC
     2.00000000     3.24556454    90.00000000  -364.90039443     1.00000000  %CC
     2.00000000     3.50000000    90.00000000  -364.89068073     1.00000000  %CC
     2.00000000     3.70000000    90.00000000  -364.87365640     1.00000000  %CC
#     2.00000000     4.00000000    90.00000000  -364.84070831     1.00000000  %CC
#     2.00000000     4.40513500    90.00000000  -364.79258762     1.00000000  %CC
     2.00000000     2.00000000    90.00000000  -364.03440321     1.00000000  %MR
#    2.00000000     2.50000000    90.00000000  -364.71343437     1.00000000  %MR
#    2.00000000     3.24556454    90.00000000  -364.89987097     1.00000000  %MR
#     2.00000000     5.00000000    90.00000000  -364.73312962     1.00000000  %MR
#     2.00000000     6.00000000    90.00000000  -364.68539980     1.00000000  %MR
#     2.00000000     7.00000000    90.00000000  -364.65707468     1.00000000  %MR
     2.00000000     8.00000000    90.00000000  -364.65496352     1.00000000  %MR
     2.00000000     9.00000000    90.00000000  -364.65446785     1.00000000  %MR
     2.00000000    10.00000000    90.00000000  -364.65425662     1.00000000  %MR
     2.00000000    12.50000000    90.00000000  -364.65408063     1.00000000  %MR
     2.00000000    15.00000000    90.00000000  -364.65404893     1.00000000  %MR


#90 C2_Si_POINTS_2.1_90.0/
     2.10000000     2.50000000    90.00000000  -364.75817666     1.00000000  %CC
     2.10000000     2.75000000    90.00000000  -364.87944603     1.00000000  %CC
     2.10000000     3.00000000    90.00000000  -364.93296367     1.00000000  %CC
     2.10000000     3.24556454    90.00000000  -364.94656752     1.00000000  %CC
     2.10000000     3.50000000    90.00000000  -364.93741773     1.00000000  %CC
     2.10000000     3.70000000    90.00000000  -364.92089450     1.00000000  %CC
     2.10000000     4.00000000    90.00000000  -364.88859271     1.00000000  %CC
     2.10000000     4.40513500    90.00000000  -364.84088921     1.00000000  %CC
     2.10000000     2.00000000    90.00000000  -364.11152413     1.00000000  %MR
#     2.10000000     2.50000000    90.00000000  -364.75804735     1.00000000  %MR
#     2.10000000     3.24556454    90.00000000  -364.94611829     1.00000000  %MR
#     2.10000000     5.00000000    90.00000000  -364.78088299     1.00000000  %MR
#     2.10000000     6.00000000    90.00000000  -364.74162851     1.00000000  %MR
     2.10000000     7.00000000    90.00000000  -364.69167984     1.00000000  %MR
     2.10000000     8.00000000    90.00000000  -364.68872436     1.00000000  %MR
     2.10000000     9.00000000    90.00000000  -364.68819024     1.00000000  %MR
     2.10000000    10.00000000    90.00000000  -364.68797505     1.00000000  %MR
     2.10000000    12.50000000    90.00000000  -364.68779673     1.00000000  %MR
     2.10000000    15.00000000    90.00000000  -364.68776495     1.00000000  %MR


#90 C2_Si_POINTS_2.3_90.0/
     2.30000000     2.50000000    90.00000000  -364.81158655     1.00000000  %CC
     2.30000000     2.75000000    90.00000000  -364.92490323     1.00000000  %CC
     2.30000000     3.00000000    90.00000000  -364.97566039     1.00000000  %CC
     2.30000000     3.24556454    90.00000000  -364.98898809     1.00000000  %CC
     2.30000000     3.50000000    90.00000000  -364.98069114     1.00000000  %CC
     2.30000000     3.70000000    90.00000000  -364.96516847     1.00000000  %CC
     2.30000000     4.00000000    90.00000000  -364.93449033     1.00000000  %CC
     2.30000000     4.40513500    90.00000000  -364.88878811     1.00000000  %CC
     2.30000000     2.00000000    90.00000000  -364.22171131     1.00000000  %MR
#     2.30000000     2.50000000    90.00000000  -364.81169649     1.00000000  %MR
#     2.30000000     3.24556454    90.00000000  -364.98882122     1.00000000  %MR
     2.30000000     5.00000000    90.00000000  -364.83824167     1.00000000  %MR
#     2.30000000     6.00000000    90.00000000  -364.79069604     1.00000000  %MR
#     2.30000000     7.00000000    90.00000000  -364.75712624     1.00000000  %MR
     2.30000000     8.00000000    90.00000000  -364.74142783     1.00000000  %MR
     2.30000000     9.00000000    90.00000000  -364.73705152     1.00000000  %MR
     2.30000000    10.00000000    90.00000000  -364.73587330     1.00000000  %MR
     2.30000000    12.50000000    90.00000000  -364.73533062     1.00000000  %MR
     2.30000000    15.00000000    90.00000000  -364.73525618     1.00000000  %MR


#90 C2_Si_POINTS_2.47913152_90.0/
     2.47913152     2.50000000    90.00000000  -364.82683573     1.00000000  %CC
     2.47913152     2.75000000    90.00000000  -364.93180459     1.00000000  %CC
     2.47913152     3.00000000    90.00000000  -364.97916209     1.00000000  %CC
     2.47913152     3.24556454    90.00000000  -364.99163597     1.00000000  %CC
     2.47913152     3.50000000    90.00000000  -364.98375710     1.00000000  %CC
     2.47913152     3.70000000    90.00000000  -364.96903301     1.00000000  %CC
     2.47913152     4.00000000    90.00000000  -364.93990756     1.00000000  %CC
     2.47913152     4.40513500    90.00000000  -364.89653210     1.00000000  %CC
     2.47913152     2.00000000    90.00000000  -364.28999322     1.00000000  %MR
#     2.47913152     2.50000000    90.00000000  -364.82721484     1.00000000  %MR
#     2.47913152     3.24556454    90.00000000  -364.99198176     1.00000000  %MR
     2.47913152     5.00000000    90.00000000  -364.84257140     1.00000000  %MR
#     2.47913152     6.00000000    90.00000000  -364.79875746     1.00000000  %MR
#     2.47913152     7.00000000    90.00000000  -364.76702661     1.00000000  %MR
     2.47913152     8.00000000    90.00000000  -364.75352715     1.00000000  %MR
     2.47913152     9.00000000    90.00000000  -364.74967346     1.00000000  %MR
     2.47913152    10.00000000    90.00000000  -364.74857742     1.00000000  %MR
     2.47913152    12.50000000    90.00000000  -364.74804764     1.00000000  %MR
     2.47913152    15.00000000    90.00000000  -364.74797155     1.00000000  %MR


#90 C2_Si_POINTS_2.72913152_90.0/
     2.72913152     2.50000000    90.00000000  -364.82284869     1.00000000  %CC
     2.72913152     2.75000000    90.00000000  -364.91486641     1.00000000  %CC
     2.72913152     3.00000000    90.00000000  -364.95637883     1.00000000  %CC
     2.72913152     3.24556454    90.00000000  -364.96686720     1.00000000  %CC
     2.72913152     3.50000000    90.00000000  -364.95903318     1.00000000  %CC
     2.72913152     3.70000000    90.00000000  -364.94516856     1.00000000  %CC
     2.72913152     4.00000000    90.00000000  -364.91804039     1.00000000  %CC
     2.72913152     4.40513500    90.00000000  -364.87790199     1.00000000  %CC
     2.72913152     2.00000000    90.00000000  -364.37100175     1.00000000  %MR
#     2.72913152     2.50000000    90.00000000  -364.82372803     1.00000000  %MR
#     2.72913152     3.24556454    90.00000000  -364.96755921     1.00000000  %MR
     2.72913152     5.00000000    90.00000000  -364.82823708     1.00000000  %MR
     2.72913152     6.00000000    90.00000000  -364.78027900     1.00000000  %MR
     2.72913152     7.00000000    90.00000000  -364.75068688     1.00000000  %MR
     2.72913152     8.00000000    90.00000000  -364.73906367     1.00000000  %MR
     2.72913152     9.00000000    90.00000000  -364.73565300     1.00000000  %MR
     2.72913152    10.00000000    90.00000000  -364.73463430     1.00000000  %MR
     2.72913152    12.50000000    90.00000000  -364.73411714     1.00000000  %MR
     2.72913152    15.00000000    90.00000000  -364.73404030     1.00000000  %MR


#90 C2_Si_POINTS_2.97913152_90.0/
#     2.97913152     2.50000000    90.00000000  -364.74600303     1.00000000  %CC
#     2.97913152     2.75000000    90.00000000  -364.80186940     1.00000000  %CC
#     2.97913152     3.00000000    90.00000000  -364.82081761     1.00000000  %CC
#     2.97913152     3.24556454    90.00000000  -364.81891614     1.00000000  %CC
#     2.97913152     3.50000000    90.00000000  -364.80161303     1.00000000  %CC
#     2.97913152     3.70000000    90.00000000  -364.78084643     1.00000000  %CC
     2.97913152     2.00000000    90.00000000  -364.44731946     1.00000000  %MR
     2.97913152     2.50000000    90.00000000  -364.80891122     1.00000000  %MR
     2.97913152     3.24556454    90.00000000  -364.92930244     1.00000000  %MR
     2.97913152     5.00000000    90.00000000  -364.79868167     1.00000000  %MR
     2.97913152     6.00000000    90.00000000  -364.74382194     1.00000000  %MR
     2.97913152     7.00000000    90.00000000  -364.71348992     1.00000000  %MR
     2.97913152     8.00000000    90.00000000  -364.70559929     1.00000000  %MR
     2.97913152     9.00000000    90.00000000  -364.70456081     1.00000000  %MR
     2.97913152    10.00000000    90.00000000  -364.70409144     1.00000000  %MR
     2.97913152    12.50000000    90.00000000  -364.70369825     1.00000000  %MR
     2.97913152    15.00000000    90.00000000  -364.70360241     1.00000000  %MR


#90 C2_Si_POINTS_3.22913152_90.0/
#     3.22913152     2.50000000    90.00000000  -364.76833475     1.00000000  %CC
#     3.22913152     2.75000000    90.00000000  -364.80819584     1.00000000  %CC
#     3.22913152     3.00000000    90.00000000  -364.81592522     1.00000000  %CC
#     3.22913152     3.24556454    90.00000000  -364.80500481     1.00000000  %CC
#     3.22913152     3.50000000    90.00000000  -364.78283306     1.00000000  %CC
#     3.22913152     3.70000000    90.00000000  -364.76151766     1.00000000  %CC
#     3.22913152     4.00000000    90.00000000  -364.72879284     1.00000000  %CC
     3.22913152     2.00000000    90.00000000  -364.51070570     1.00000000  %MR
     3.22913152     2.50000000    90.00000000  -364.79318506     1.00000000  %MR
     3.22913152     3.24556454    90.00000000  -364.88839883     1.00000000  %MR
     3.22913152     5.00000000    90.00000000  -364.76338616     1.00000000  %MR
     3.22913152     6.00000000    90.00000000  -364.71173942     1.00000000  %MR
     3.22913152     7.00000000    90.00000000  -364.68467446     1.00000000  %MR
     3.22913152     8.00000000    90.00000000  -364.67136547     1.00000000  %MR
     3.22913152     9.00000000    90.00000000  -364.66901146     1.00000000  %MR
     3.22913152    10.00000000    90.00000000  -364.66925467     1.00000000  %MR
     3.22913152    12.50000000    90.00000000  -364.66882972     1.00000000  %MR
     3.22913152    15.00000000    90.00000000  -364.66872431     1.00000000  %MR
