#45 C2_Si_POINTS_2.0_45.0/
     2.00000000     3.06568542    45.00000000  -364.70177477     1.00000000  %CC
     2.00000000     3.31568542    45.00000000  -364.82088857     1.00000000  %CC
     2.00000000     3.56568542    45.00000000  -364.87248544     1.00000000  %CC
     2.00000000     3.81124996    45.00000000  -364.88467303     1.00000000  %CC
     2.00000000     4.06568542    45.00000000  -364.87468224     1.00000000  %CC
#     2.00000000     4.26568542    45.00000000  -364.85798994     1.00000000  %CC
#     2.00000000     4.56568542    45.00000000  -364.82632863     1.00000000  %CC
#     2.00000000     4.97082042    45.00000000  -364.78215914     1.00000000  %CC
     2.00000000     2.56568542    45.00000000  -364.06382700     1.00000000  %MR
#     2.00000000     3.06568542    45.00000000  -364.70119918     1.00000000  %MR
#     2.00000000     3.81124996    45.00000000  -364.88492321     1.00000000  %MR
#     2.00000000     5.56568542    45.00000000  -364.74982687     1.00000000  %MR
#     2.00000000     6.56568542    45.00000000  -364.70093306     1.00000000  %MR
     2.00000000     7.56568542    45.00000000  -364.66963536     1.00000000  %MR
     2.00000000     8.56568542    45.00000000  -364.65764888     1.00000000  %MR
     2.00000000     9.56568542    45.00000000  -364.65505098     1.00000000  %MR
     2.00000000    10.56568542    45.00000000  -364.65440434     1.00000000  %MR
     2.00000000    13.06568542    45.00000000  -364.65409875     1.00000000  %MR
     2.00000000    15.56568542    45.00000000  -364.65405644     1.00000000  %MR


#45 C2_Si_POINTS_2.1_45.0/
     2.10000000     3.09396970    45.00000000  -364.75028614     1.00000000  %CC
     2.10000000     3.34396970    45.00000000  -364.86915149     1.00000000  %CC
     2.10000000     3.59396970    45.00000000  -364.92108154     1.00000000  %CC
     2.10000000     3.83953423    45.00000000  -364.93375768     1.00000000  %CC
     2.10000000     4.09396970    45.00000000  -364.92428491     1.00000000  %CC
     2.10000000     4.29396970    45.00000000  -364.90797514     1.00000000  %CC
     2.10000000     4.59396970    45.00000000  -364.87682854     1.00000000  %CC
     2.10000000     4.99910470    45.00000000  -364.83279647     1.00000000  %CC
     2.10000000     2.59396970    45.00000000  -364.11991968     1.00000000  %MR
#     2.10000000     3.09396970    45.00000000  -364.74976418     1.00000000  %MR
#     2.10000000     3.83953423    45.00000000  -364.93416547     1.00000000  %MR
#     2.10000000     5.59396970    45.00000000  -364.79223100     1.00000000  %MR
#     2.10000000     6.59396970    45.00000000  -364.74170788     1.00000000  %MR
     2.10000000     7.59396970    45.00000000  -364.70769811     1.00000000  %MR
     2.10000000     8.59396970    45.00000000  -364.69214825     1.00000000  %MR
     2.10000000     9.59396970    45.00000000  -364.68886518     1.00000000  %MR
     2.10000000    10.59396970    45.00000000  -364.68814200     1.00000000  %MR
     2.10000000    13.09396970    45.00000000  -364.68781712     1.00000000  %MR
     2.10000000    15.59396970    45.00000000  -364.68777312     1.00000000  %MR


#45 C2_Si_POINTS_2.3_45.0/
     2.30000000     3.15053824    45.00000000  -364.79861326     1.00000000  %CC
     2.30000000     3.40053824    45.00000000  -364.91593553     1.00000000  %CC
     2.30000000     3.65053824    45.00000000  -364.96792654     1.00000000  %CC
     2.30000000     3.89610278    45.00000000  -364.98126151     1.00000000  %CC
     2.30000000     4.15053824    45.00000000  -364.97267090     1.00000000  %CC
     2.30000000     4.35053824    45.00000000  -364.95707569     1.00000000  %CC
     2.30000000     4.65053824    45.00000000  -364.92693037     1.00000000  %CC
     2.30000000     5.05567324    45.00000000  -364.88360134     1.00000000  %CC
     2.30000000     2.65053824    45.00000000  -364.18797783     1.00000000  %MR
#     2.30000000     3.15053824    45.00000000  -364.79925398     1.00000000  %MR
#     2.30000000     3.89610278    45.00000000  -364.98199802     1.00000000  %MR
     2.30000000     5.65053824    45.00000000  -364.83445179     1.00000000  %MR
     2.30000000     6.65053824    45.00000000  -364.78140767     1.00000000  %MR
     2.30000000     7.65053824    45.00000000  -364.74858917     1.00000000  %MR
     2.30000000     8.65053824    45.00000000  -364.73810648     1.00000000  %MR
     2.30000000     9.65053824    45.00000000  -364.73621290     1.00000000  %MR
     2.30000000    10.65053824    45.00000000  -364.73562013     1.00000000  %MR
     2.30000000    13.15053824    45.00000000  -364.73529016     1.00000000  %MR
     2.30000000    15.65053824    45.00000000  -364.73524214     1.00000000  %MR


#45 C2_Si_POINTS_2.47913152_45.0/
     2.47913152     3.20120428    45.00000000  -364.80762153     1.00000000  %CC
     2.47913152     3.45120428    45.00000000  -364.92249368     1.00000000  %CC
     2.47913152     3.70120428    45.00000000  -364.97390440     1.00000000  %CC
     2.47913152     3.94676882    45.00000000  -364.98747725     1.00000000  %CC
     2.47913152     4.20120428    45.00000000  -364.97948029     1.00000000  %CC
     2.47913152     4.40120428    45.00000000  -364.96444454     1.00000000  %CC
     2.47913152     4.70120428    45.00000000  -364.93514370     1.00000000  %CC
     2.47913152     5.10633928    45.00000000  -364.89265428     1.00000000  %CC
     2.47913152     2.70120428    45.00000000  -364.21760604     1.00000000  %MR
#     2.47913152     3.20120428    45.00000000  -364.80843350     1.00000000  %MR
#     2.47913152     3.94676882    45.00000000  -364.98849762     1.00000000  %MR
     2.47913152     5.70120428    45.00000000  -364.84489954     1.00000000  %MR
     2.47913152     6.70120428    45.00000000  -364.78837695     1.00000000  %MR
     2.47913152     7.70120428    45.00000000  -364.76019365     1.00000000  %MR
     2.47913152     8.70120428    45.00000000  -364.75123113     1.00000000  %MR
     2.47913152     9.70120428    45.00000000  -364.74899691     1.00000000  %MR
     2.47913152    10.70120428    45.00000000  -364.74835346     1.00000000  %MR
     2.47913152    13.20120428    45.00000000  -364.74801328     1.00000000  %MR
     2.47913152    15.70120428    45.00000000  -364.74795909     1.00000000  %MR


#45 C2_Si_POINTS_2.72913152_45.0/
     2.72913152     3.27191496    45.00000000  -364.79293994     1.00000000  %CC
     2.72913152     3.52191496    45.00000000  -364.90295442     1.00000000  %CC
     2.72913152     3.77191496    45.00000000  -364.95269154     1.00000000  %CC
     2.72913152     4.01747950    45.00000000  -364.96610310     1.00000000  %CC
     2.72913152     4.27191496    45.00000000  -364.95865192     1.00000000  %CC
     2.72913152     4.47191496    45.00000000  -364.94427206     1.00000000  %CC
     2.72913152     4.77191496    45.00000000  -364.91606349     1.00000000  %CC
     2.72913152     5.17704996    45.00000000  -364.87479339     1.00000000  %CC
     2.72913152     2.77191496    45.00000000  -364.23829864     1.00000000  %MR
#     2.72913152     3.27191496    45.00000000  -364.79419741     1.00000000  %MR
#     2.72913152     4.01747950    45.00000000  -364.96752797     1.00000000  %MR
     2.72913152     5.77191496    45.00000000  -364.82817751     1.00000000  %MR
     2.72913152     6.77191496    45.00000000  -364.77061491     1.00000000  %MR
     2.72913152     7.77191496    45.00000000  -364.74484501     1.00000000  %MR
     2.72913152     8.77191496    45.00000000  -364.73712245     1.00000000  %MR
     2.72913152     9.77191496    45.00000000  -364.73505896     1.00000000  %MR
     2.72913152    10.77191496    45.00000000  -364.73443166     1.00000000  %MR
     2.72913152    13.27191496    45.00000000  -364.73408722     1.00000000  %MR
     2.72913152    15.77191496    45.00000000  -364.73402811     1.00000000  %MR


#45 C2_Si_POINTS_2.97913152_45.0/
     2.97913152     3.34262564    45.00000000  -364.76534435     1.00000000  %CC
     2.97913152     3.59262564    45.00000000  -364.86913183     1.00000000  %CC
     2.97913152     3.84262564    45.00000000  -364.91636284     1.00000000  %CC
     2.97913152     4.08819018    45.00000000  -364.92913555     1.00000000  %CC
     2.97913152     4.34262564    45.00000000  -364.92195422     1.00000000  %CC
     2.97913152     4.54262564    45.00000000  -364.90810621     1.00000000  %CC
     2.97913152     4.84262564    45.00000000  -364.88088382     1.00000000  %CC
     2.97913152     5.24776064    45.00000000  -364.84077884     1.00000000  %CC
     2.97913152     2.84262564    45.00000000  -364.25123478     1.00000000  %MR
#     2.97913152     3.34262564    45.00000000  -364.76709151     1.00000000  %MR
#     2.97913152     4.08819018    45.00000000  -364.93102927     1.00000000  %MR
     2.97913152     5.84262564    45.00000000  -364.79590618     1.00000000  %MR
     2.97913152     6.84262564    45.00000000  -364.73955503     1.00000000  %MR
     2.97913152     7.84262564    45.00000000  -364.71359130     1.00000000  %MR
     2.97913152     8.84262564    45.00000000  -364.70654123     1.00000000  %MR
     2.97913152     9.84262564    45.00000000  -364.70458666     1.00000000  %MR
     2.97913152    10.84262564    45.00000000  -364.70397413     1.00000000  %MR
     2.97913152    13.34262564    45.00000000  -364.70362223     1.00000000  %MR
     2.97913152    15.84262564    45.00000000  -364.70356144     1.00000000  %MR


#45 C2_Si_POINTS_3.22913152_45.0/
     3.22913152     3.41333632    45.00000000  -364.73579060     1.00000000  %CC
     3.22913152     3.66333632    45.00000000  -364.83229841     1.00000000  %CC
     3.22913152     3.91333632    45.00000000  -364.87635676     1.00000000  %CC
     3.22913152     4.15890086    45.00000000  -364.88809486     1.00000000  %CC
     3.22913152     4.41333632    45.00000000  -364.88093815     1.00000000  %CC
     3.22913152     4.61333632    45.00000000  -364.86749849     1.00000000  %CC
     3.22913152     4.91333632    45.00000000  -364.84113636     1.00000000  %CC
     3.22913152     5.31847132    45.00000000  -364.80199711     1.00000000  %CC
     3.22913152     2.91333632    45.00000000  -364.26588958     1.00000000  %MR
#     3.22913152     3.41333632    45.00000000  -364.73820610     1.00000000  %MR
#     3.22913152     4.15890086    45.00000000  -364.89058965     1.00000000  %MR
     3.22913152     5.91333632    45.00000000  -364.75953463     1.00000000  %MR
     3.22913152     6.91333632    45.00000000  -364.70517491     1.00000000  %MR
     3.22913152     7.91333632    45.00000000  -364.67816981     1.00000000  %MR
     3.22913152     8.91333632    45.00000000  -364.67157219     1.00000000  %MR
     3.22913152     9.91333632    45.00000000  -364.66970090     1.00000000  %MR
     3.22913152    10.91333632    45.00000000  -364.66909806     1.00000000  %MR
     3.22913152    13.41333632    45.00000000  -364.66874039     1.00000000  %MR
     3.22913152    15.91333632    45.00000000  -364.66867657     1.00000000  %MR

