#82.5 C2_Si_POINTS_2.0_82.5/
     2.00000000     2.60442095    82.50000000  -364.75773391     1.00000000  %CC
     2.00000000     2.85442095    82.50000000  -364.85502827     1.00000000  %CC
     2.00000000     3.10442095    82.50000000  -364.89354733     1.00000000  %CC
     2.00000000     3.34998549    82.50000000  -364.89811314     1.00000000  %CC
     2.00000000     3.60442095    82.50000000  -364.88343326     1.00000000  %CC
     2.00000000     3.80442095    82.50000000  -364.86437932     1.00000000  %CC
     #2.00000000     4.10442095    82.50000000  -364.83025180     1.00000000  %CC
     #2.00000000     4.50955595    82.50000000  -364.78253123     1.00000000  %CC
     2.00000000     2.10442095    82.50000000  -364.20459424     1.00000000  %MR
     #2.00000000     2.60442095    82.50000000  -364.75739307     1.00000000  %MR
     #2.00000000     3.34998549    82.50000000  -364.89765709     1.00000000  %MR
     #2.00000000     5.10442095    82.50000000  -364.73280965     1.00000000  %MR
     #2.00000000     6.10442095    82.50000000  -364.68399122     1.00000000  %MR
     #2.00000000     7.10442095    82.50000000  -364.65769886     1.00000000  %MR
     2.00000000     8.10442095    82.50000000  -364.65504066     1.00000000  %MR
     2.00000000     9.10442095    82.50000000  -364.65447400     1.00000000  %MR
     2.00000000    10.10442095    82.50000000  -364.65425268     1.00000000  %MR
     2.00000000    12.60442095    82.50000000  -364.65407942     1.00000000  %MR
     2.00000000    15.10442095    82.50000000  -364.65404890     1.00000000  %MR


#82.5 C2_Si_POINTS_2.1_82.5/
     2.10000000     2.60964200    82.50000000  -364.80853960     1.00000000  %CC
     2.10000000     2.85964200    82.50000000  -364.90251742     1.00000000  %CC
     2.10000000     3.10964200    82.50000000  -364.93998565     1.00000000  %CC
     2.10000000     3.35520654    82.50000000  -364.94453959     1.00000000  %CC
     2.10000000     3.60964200    82.50000000  -364.93027820     1.00000000  %CC
     2.10000000     3.80964200    82.50000000  -364.91164122     1.00000000  %CC
     2.10000000     4.10964200    82.50000000  -364.87808526     1.00000000  %CC
     #2.10000000     4.51477700    82.50000000  -364.83077679     1.00000000  %CC
     2.10000000     2.10964200    82.50000000  -364.28040502     1.00000000  %MR
     #2.10000000     2.60964200    82.50000000  -364.80826284     1.00000000  %MR
     #2.10000000     3.35520654    82.50000000  -364.94420966     1.00000000  %MR
     2.10000000     5.10964200    82.50000000  -364.78347551     1.00000000  %MR
     2.10000000     6.10964200    82.50000000  -364.73593452     1.00000000  %MR
     #2.10000000     7.10964200    82.50000000  -364.69418104     1.00000000  %MR
     2.10000000     8.10964200    82.50000000  -364.68881580     1.00000000  %MR
     2.10000000     9.10964200    82.50000000  -364.68819040     1.00000000  %MR
     2.10000000    10.10964200    82.50000000  -364.68796784     1.00000000  %MR
     2.10000000    12.60964200    82.50000000  -364.68779504     1.00000000  %MR
     2.10000000    15.10964200    82.50000000  -364.68776482     1.00000000  %MR


#82.5 C2_Si_POINTS_2.3_82.5/
     2.30000000     2.62008410    82.50000000  -364.86223531     1.00000000  %CC
     2.30000000     2.87008410    82.50000000  -364.94862524     1.00000000  %CC
     2.30000000     3.12008410    82.50000000  -364.98329824     1.00000000  %CC
     2.30000000     3.36564864    82.50000000  -364.98742544     1.00000000  %CC
     2.30000000     3.62008410    82.50000000  -364.97386209     1.00000000  %CC
     2.30000000     3.82008410    82.50000000  -364.95613720     1.00000000  %CC
     2.30000000     4.12008410    82.50000000  -364.92414038     1.00000000  %CC
     2.30000000     4.52521910    82.50000000  -364.87885683     1.00000000  %CC
     2.30000000     2.12008410    82.50000000  -364.38572150     1.00000000  %MR
     #2.30000000     2.62008410    82.50000000  -364.86214017     1.00000000  %MR
     #2.30000000     3.36564864    82.50000000  -364.98760923     1.00000000  %MR
     2.30000000     5.12008410    82.50000000  -364.83245124     1.00000000  %MR
     2.30000000     6.12008410    82.50000000  -364.78650594     1.00000000  %MR
     2.30000000     7.12008410    82.50000000  -364.75448246     1.00000000  %MR
     2.30000000     8.12008410    82.50000000  -364.74056193     1.00000000  %MR
     2.30000000     9.12008410    82.50000000  -364.73682371     1.00000000  %MR
     2.30000000    10.12008410    82.50000000  -364.73580704     1.00000000  %MR
     2.30000000    12.62008410    82.50000000  -364.73532381     1.00000000  %MR
     2.30000000    15.12008410    82.50000000  -364.73525444     1.00000000  %MR


#82.5 C2_Si_POINTS_2.47913152_82.5/
     2.47913152     2.62943664    82.50000000  -364.87678333     1.00000000  %CC
     2.47913152     2.87943664    82.50000000  -364.95555991     1.00000000  %CC
     2.47913152     3.12943664    82.50000000  -364.98708130     1.00000000  %CC
     2.47913152     3.37500118    82.50000000  -364.99040613     1.00000000  %CC
     2.47913152     3.62943664    82.50000000  -364.97724793     1.00000000  %CC
     2.47913152     3.82943664    82.50000000  -364.96029976     1.00000000  %CC
     2.47913152     4.12943664    82.50000000  -364.92982799     1.00000000  %CC
     2.47913152     4.53457164    82.50000000  -364.88678801     1.00000000  %CC
     2.47913152     2.12943664    82.50000000  -364.44741392     1.00000000  %MR
     #2.47913152     2.62943664    82.50000000  -364.87690361     1.00000000  %MR
     #2.47913152     3.37500118    82.50000000  -364.99077063     1.00000000  %MR
     2.47913152     5.12943664    82.50000000  -364.84074376     1.00000000  %MR
     2.47913152     6.12943664    82.50000000  -364.79446375     1.00000000  %MR
     2.47913152     7.12943664    82.50000000  -364.76459276     1.00000000  %MR
     2.47913152     8.12943664    82.50000000  -364.75276687     1.00000000  %MR
     2.47913152     9.12943664    82.50000000  -364.74946089     1.00000000  %MR
     2.47913152    10.12943664    82.50000000  -364.74851162     1.00000000  %MR
     2.47913152    12.62943664    82.50000000  -364.74804036     1.00000000  %MR
     2.47913152    15.12943664    82.50000000  -364.74796961     1.00000000  %MR


#82.5 C2_Si_POINTS_2.72913152_82.5/
     2.72913152     2.64248926    82.50000000  -364.87059065     1.00000000  %CC
     2.72913152     2.89248926    82.50000000  -364.93791022     1.00000000  %CC
     2.72913152     3.14248926    82.50000000  -364.96428568     1.00000000  %CC
     2.72913152     3.38805380    82.50000000  -364.96593022     1.00000000  %CC
     2.72913152     3.64248926    82.50000000  -364.95294119     1.00000000  %CC
     2.72913152     3.84248926    82.50000000  -364.93688253     1.00000000  %CC
     2.72913152     4.14248926    82.50000000  -364.90836195     1.00000000  %CC
     2.72913152     4.54762426    82.50000000  -364.86832957     1.00000000  %CC
     2.72913152     2.14248926    82.50000000  -364.50737557     1.00000000  %MR
     #2.72913152     2.64248926    82.50000000  -364.87111013     1.00000000  %MR
     #2.72913152     3.38805380    82.50000000  -364.96661650     1.00000000  %MR
     2.72913152     5.14248926    82.50000000  -364.82365648     1.00000000  %MR
     2.72913152     6.14248926    82.50000000  -364.77595086     1.00000000  %MR
     2.72913152     7.14248926    82.50000000  -364.74838814     1.00000000  %MR
     2.72913152     8.14248926    82.50000000  -364.73834960     1.00000000  %MR
     2.72913152     9.14248926    82.50000000  -364.73544327     1.00000000  %MR
     2.72913152    10.14248926    82.50000000  -364.73456704     1.00000000  %MR
     2.72913152    12.64248926    82.50000000  -364.73410949     1.00000000  %MR
     2.72913152    15.14248926    82.50000000  -364.73403654     1.00000000  %MR


#82.5 C2_Si_POINTS_2.97913152_82.5/
     2.97913152     2.65554188    82.50000000  -364.85222752     1.00000000  %CC
     2.97913152     2.90554188    82.50000000  -364.90722253     1.00000000  %CC
     2.97913152     3.15554188    82.50000000  -364.92782265     1.00000000  %CC
     2.97913152     3.40110642    82.50000000  -364.92726610     1.00000000  %CC
     2.97913152     3.65554188    82.50000000  -364.91400970     1.00000000  %CC
     2.97913152     3.85554188    82.50000000  -364.89855146     1.00000000  %CC
     2.97913152     4.15554188    82.50000000  -364.87161730     1.00000000  %CC
     2.97913152     4.56067688    82.50000000  -364.83415009     1.00000000  %CC
     2.97913152     2.15554188    82.50000000  -364.56271468     1.00000000  %MR
     #2.97913152     2.65554188    82.50000000  -364.85295926     1.00000000  %MR
     #2.97913152     3.40110642    82.50000000  -364.92834890     1.00000000  %MR
     2.97913152     5.15554188    82.50000000  -364.79220056     1.00000000  %MR
     2.97913152     6.15554188    82.50000000  -364.74220432     1.00000000  %MR
     2.97913152     7.15554188    82.50000000  -364.71636080     1.00000000  %MR
     2.97913152     8.15554188    82.50000000  -364.70752848     1.00000000  %MR
     2.97913152     9.15554188    82.50000000  -364.70490834     1.00000000  %MR
     2.97913152    10.15554188    82.50000000  -364.70408514     1.00000000  %MR
     2.97913152    12.65554188    82.50000000  -364.70363973     1.00000000  %MR
     2.97913152    15.15554188    82.50000000  -364.70356763     1.00000000  %MR


#82.5 C2_Si_POINTS_3.22913152_82.5/
     3.22913152     2.16859450    82.50000000  -364.60918946     1.00000000  %MR
     3.22913152     2.66859450    82.50000000  -364.83341829     1.00000000  %MR
     3.22913152     3.41415904    82.50000000  -364.88716238     1.00000000  %MR
     3.22913152     5.16859450    82.50000000  -364.75639424     1.00000000  %MR
     3.22913152     6.16859450    82.50000000  -364.70484135     1.00000000  %MR
     3.22913152     7.16859450    82.50000000  -364.68028553     1.00000000  %MR
     3.22913152     8.16859450    82.50000000  -364.67236697     1.00000000  %MR
     3.22913152     9.16859450    82.50000000  -364.66996653     1.00000000  %MR
     3.22913152    10.16859450    82.50000000  -364.66918993     1.00000000  %MR
     3.22913152    12.66859450    82.50000000  -364.66875295     1.00000000  %MR
     3.22913152    15.16859450    82.50000000  -364.66868062     1.00000000  %MR

