#75 C2_Si_POINTS_2.0_75.0/
     2.00000000     2.70705524    75.00000000  -364.77470330     1.00000000  %CC
     2.00000000     2.95705524    75.00000000  -364.86065263     1.00000000  %CC
     2.00000000     3.20705524    75.00000000  -364.89284105     1.00000000  %CC
     2.00000000     3.45261977    75.00000000  -364.89404798     1.00000000  %CC
     2.00000000     3.70705524    75.00000000  -364.87763716     1.00000000  %CC
#     2.00000000     3.90705524    75.00000000  -364.85798710     1.00000000  %CC
#     2.00000000     4.20705524    75.00000000  -364.82372587     1.00000000  %CC
#     2.00000000     4.61219024    75.00000000  -364.77667002     1.00000000  %CC
     2.00000000     2.20705524    75.00000000  -364.27602644     1.00000000  %MR
#     2.00000000     2.70705524    75.00000000  -364.77418010     1.00000000  %MR
#     2.00000000     3.45261977    75.00000000  -364.89379727     1.00000000  %MR
#     2.00000000     5.20705524    75.00000000  -364.73327492     1.00000000  %MR
#     2.00000000     6.20705524    75.00000000  -364.68638915     1.00000000  %MR
#     2.00000000     7.20705524    75.00000000  -364.65962091     1.00000000  %MR
     2.00000000     8.20705524    75.00000000  -364.65535488     1.00000000  %MR
     2.00000000     9.20705524    75.00000000  -364.65453807     1.00000000  %MR
     2.00000000    10.20705524    75.00000000  -364.65426648     1.00000000  %MR
     2.00000000    12.70705524    75.00000000  -364.65408062     1.00000000  %MR
     2.00000000    15.20705524    75.00000000  -364.65404972     1.00000000  %MR


#75 C2_Si_POINTS_2.1_75.0/
     2.10000000     2.71740800    75.00000000  -364.82550887     1.00000000  %CC
     2.10000000     2.96740800    75.00000000  -364.90851348     1.00000000  %CC
     2.10000000     3.21740800    75.00000000  -364.93978669     1.00000000  %CC
     2.10000000     3.46297254    75.00000000  -364.94101245     1.00000000  %CC
     2.10000000     3.71740800    75.00000000  -364.92502025     1.00000000  %CC
     2.10000000     3.91740800    75.00000000  -364.90579256     1.00000000  %CC
     2.10000000     4.21740800    75.00000000  -364.87215650     1.00000000  %CC
#     2.10000000     4.62254300    75.00000000  -364.82578824     1.00000000  %CC
     2.10000000     2.21740800    75.00000000  -364.34906570     1.00000000  %MR
#     2.10000000     2.71740800    75.00000000  -364.82502230     1.00000000  %MR
#     2.10000000     3.46297254    75.00000000  -364.94114588     1.00000000  %MR
     2.10000000     5.21740800    75.00000000  -364.78175562     1.00000000  %MR
     2.10000000     6.21740800    75.00000000  -364.73395281     1.00000000  %MR
     2.10000000     7.21740800    75.00000000  -364.69749696     1.00000000  %MR
     2.10000000     8.21740800    75.00000000  -364.68925194     1.00000000  %MR
     2.10000000     9.21740800    75.00000000  -364.68826846     1.00000000  %MR
     2.10000000    10.21740800    75.00000000  -364.68798457     1.00000000  %MR
     2.10000000    12.71740800    75.00000000  -364.68779667     1.00000000  %MR
     2.10000000    15.21740800    75.00000000  -364.68776564     1.00000000  %MR


#75 C2_Si_POINTS_2.3_75.0/
     2.30000000     2.73811352    75.00000000  -364.87892804     1.00000000  %CC
     2.30000000     2.98811352    75.00000000  -364.95522744     1.00000000  %CC
     2.30000000     3.23811352    75.00000000  -364.98408720     1.00000000  %CC
     2.30000000     3.48367806    75.00000000  -364.98502661     1.00000000  %CC
     2.30000000     3.73811352    75.00000000  -364.96977492     1.00000000  %CC
     2.30000000     3.93811352    75.00000000  -364.95147023     1.00000000  %CC
     2.30000000     4.23811352    75.00000000  -364.91942221     1.00000000  %CC
#     2.30000000     4.64324852    75.00000000  -364.87514301     1.00000000  %CC
     2.30000000     2.23811352    75.00000000  -364.44833900     1.00000000  %MR
#     2.30000000     2.73811352    75.00000000  -364.87858414     1.00000000  %MR
#     2.30000000     3.48367806    75.00000000  -364.98527484     1.00000000  %MR
     2.30000000     5.23811352    75.00000000  -364.83105558     1.00000000  %MR
     2.30000000     6.23811352    75.00000000  -364.78367700     1.00000000  %MR
     2.30000000     7.23811352    75.00000000  -364.75252912     1.00000000  %MR
     2.30000000     8.23811352    75.00000000  -364.73985869     1.00000000  %MR
     2.30000000     9.23811352    75.00000000  -364.73663771     1.00000000  %MR
     2.30000000    10.23811352    75.00000000  -364.73575239     1.00000000  %MR
     2.30000000    12.73811352    75.00000000  -364.73531717     1.00000000  %MR
     2.30000000    15.23811352    75.00000000  -364.73525254     1.00000000  %MR


#75 C2_Si_POINTS_2.47913152_75.0/
     2.47913152     2.75665858    75.00000000  -364.89296930     1.00000000  %CC
     2.47913152     3.00665858    75.00000000  -364.96254861     1.00000000  %CC
     2.47913152     3.25665858    75.00000000  -364.98868492     1.00000000  %CC
     2.47913152     3.50222312    75.00000000  -364.98899937     1.00000000  %CC
     2.47913152     3.75665858    75.00000000  -364.97420027     1.00000000  %CC
     2.47913152     3.95665858    75.00000000  -364.95665479     1.00000000  %CC
     2.47913152     4.25665858    75.00000000  -364.92602479     1.00000000  %CC
#     2.47913152     4.66179358    75.00000000  -364.88362331     1.00000000  %CC
     2.47913152     2.25665858    75.00000000  -364.50428619     1.00000000  %MR
#     2.47913152     2.75665858    75.00000000  -364.89283783     1.00000000  %MR
#     2.47913152     3.50222312    75.00000000  -364.98940294     1.00000000  %MR
     2.47913152     5.25665858    75.00000000  -364.84016113     1.00000000  %MR
     2.47913152     6.25665858    75.00000000  -364.79162178     1.00000000  %MR
     2.47913152     7.25665858    75.00000000  -364.76290922     1.00000000  %MR
     2.47913152     8.25665858    75.00000000  -364.75222267     1.00000000  %MR
     2.47913152     9.25665858    75.00000000  -364.74930376     1.00000000  %MR
     2.47913152    10.25665858    75.00000000  -364.74846129     1.00000000  %MR
     2.47913152    12.75665858    75.00000000  -364.74803399     1.00000000  %MR
     2.47913152    15.25665858    75.00000000  -364.74796774     1.00000000  %MR


#75 C2_Si_POINTS_2.72913152_75.0/
     2.72913152     2.78254049    75.00000000  -364.88573167     1.00000000  %CC
     2.72913152     3.03254049    75.00000000  -364.94518710     1.00000000  %CC
     2.72913152     3.28254049    75.00000000  -364.96684230     1.00000000  %CC
     2.72913152     3.52810502    75.00000000  -364.96575625     1.00000000  %CC
     2.72913152     3.78254049    75.00000000  -364.95118403     1.00000000  %CC
     2.72913152     3.98254049    75.00000000  -364.93445225     1.00000000  %CC
     2.72913152     4.28254049    75.00000000  -364.90550457     1.00000000  %CC
#     2.72913152     4.68767549    75.00000000  -364.86544075     1.00000000  %CC
     2.72913152     2.28254049    75.00000000  -364.55590859     1.00000000  %MR
#     2.72913152     2.78254049    75.00000000  -364.88609822     1.00000000  %MR
#     2.72913152     3.52810502    75.00000000  -364.96646753     1.00000000  %MR
     2.72913152     5.28254049    75.00000000  -364.82280502     1.00000000  %MR
     2.72913152     6.28254049    75.00000000  -364.77317040     1.00000000  %MR
     2.72913152     7.28254049    75.00000000  -364.74685415     1.00000000  %MR
     2.72913152     8.28254049    75.00000000  -364.73786097     1.00000000  %MR
     2.72913152     9.28254049    75.00000000  -364.73529822     1.00000000  %MR
     2.72913152    10.28254049    75.00000000  -364.73451862     1.00000000  %MR
     2.72913152    12.78254049    75.00000000  -364.73410337     1.00000000  %MR
     2.72913152    15.28254049    75.00000000  -364.73403464     1.00000000  %MR


#75 C2_Si_POINTS_2.97913152_75.0/
     2.97913152     2.80842239    75.00000000  -364.86555685     1.00000000  %CC
     2.97913152     3.05842239    75.00000000  -364.91440074     1.00000000  %CC
     2.97913152     3.30842239    75.00000000  -364.93102976     1.00000000  %CC
     2.97913152     3.55398693    75.00000000  -364.92805117     1.00000000  %CC
     2.97913152     3.80842239    75.00000000  -364.91326202     1.00000000  %CC
     2.97913152     4.00842239    75.00000000  -364.89704087     1.00000000  %CC
     2.97913152     4.30842239    75.00000000  -364.86938587     1.00000000  %CC
#     2.97913152     4.71355739    75.00000000  -364.83129437     1.00000000  %CC
     2.97913152     2.30842239    75.00000000  -364.59520982     1.00000000  %MR
#     2.97913152     2.80842239    75.00000000  -364.86684292     1.00000000  %MR
#     2.97913152     3.55398693    75.00000000  -364.92917272     1.00000000  %MR
     2.97913152     5.30842239    75.00000000  -364.79061073     1.00000000  %MR
     2.97913152     6.30842239    75.00000000  -364.73991555     1.00000000  %MR
     2.97913152     7.30842239    75.00000000  -364.71496200     1.00000000  %MR
     2.97913152     8.30842239    75.00000000  -364.70708112     1.00000000  %MR
     2.97913152     9.30842239    75.00000000  -364.70476972     1.00000000  %MR
     2.97913152    10.30842239    75.00000000  -364.70403833     1.00000000  %MR
     2.97913152    12.80842239    75.00000000  -364.70363388     1.00000000  %MR
     2.97913152    15.30842239    75.00000000  -364.70356586     1.00000000  %MR


#75 C2_Si_POINTS_3.22913152_75.0/
     3.22913152     2.83430429    75.00000000  -364.84355734     1.00000000  %CC
     3.22913152     3.08430429    75.00000000  -364.88110916     1.00000000  %CC
     3.22913152     3.33430429    75.00000000  -364.89223402     1.00000000  %CC
     3.22913152     3.57986883    75.00000000  -364.88696176     1.00000000  %CC
     3.22913152     3.83430429    75.00000000  -364.87158383     1.00000000  %CC
     3.22913152     4.03430429    75.00000000  -364.85560944     1.00000000  %CC
     3.22913152     4.33430429    75.00000000  -364.82889659     1.00000000  %CC
#     3.22913152     4.73943929    75.00000000  -364.79245642     1.00000000  %CC
     3.22913152     2.33430429    75.00000000  -364.62889694     1.00000000  %MR
#     3.22913152     2.83430429    75.00000000  -364.84437822     1.00000000  %MR
#     3.22913152     3.57986883    75.00000000  -364.88860962     1.00000000  %MR
     3.22913152     5.33430429    75.00000000  -364.75429765     1.00000000  %MR
     3.22913152     6.33430429    75.00000000  -364.70334243     1.00000000  %MR
     3.22913152     7.33430429    75.00000000  -364.67900366     1.00000000  %MR
     3.22913152     8.33430429    75.00000000  -364.67195246     1.00000000  %MR
     3.22913152     9.33430429    75.00000000  -364.66983444     1.00000000  %MR
     3.22913152    10.33430429    75.00000000  -364.66914431     1.00000000  %MR
     3.22913152    12.83430429    75.00000000  -364.66874747     1.00000000  %MR
     3.22913152    15.33430429    75.00000000  -364.66867933     1.00000000  %MR

