#165 SiC_C_POINTS_2.8_165.0/
#     2.80000000     4.58994845   165.00000000  -364.71277619     1.00000000  %CC
#     2.80000000     4.83994845   165.00000000  -364.71556091     1.00000000  %CC
#     2.80000000     5.08994845   165.00000000  -364.70834801     1.00000000  %CC
#     2.80000000     5.33551299   165.00000000  -364.69625044     1.00000000  %CC
#     2.80000000     5.58994845   165.00000000  -364.67599510     1.00000000  %CC
#     2.80000000     5.78994845   165.00000000  -364.65620430     1.00000000  %CC
#     2.80000000     6.08994845   165.00000000  -364.64134753     1.00000000  %CC
#     2.80000000     6.49508345   165.00000000  -364.62938873     1.00000000  %CC
     2.80000000     3.33994845   165.00000000  -363.94629475     1.00000000  %MR
     2.80000000     3.58994845   165.00000000  -364.31536812     1.00000000  %MR
     2.80000000     3.88994845   165.00000000  -364.54875555     1.00000000  %MR
     2.80000000     4.08994845   165.00000000  -364.63476401     1.00000000  %MR
     2.80000000     4.51316654   165.00000000  -364.71392316     1.00000000  %MR
     2.80000000     5.08994845   165.00000000  -364.71112791     1.00000000  %MR
     2.80000000     5.58994845   165.00000000  -364.68543632     1.00000000  %MR
     2.80000000     6.11146845   165.00000000  -364.66072552     1.00000000  %MR
     2.80000000     7.08994845   165.00000000  -364.63881083     1.00000000  %MR
     2.80000000     8.08994845   165.00000000  -364.63577494     1.00000000  %MR
     2.80000000     9.08994845   165.00000000  -364.63482063     1.00000000  %MR
     2.80000000    10.08994845   165.00000000  -364.63441549     1.00000000  %MR
     2.80000000    11.08994845   165.00000000  -364.63424083     1.00000000  %MR
     2.80000000    12.08994845   165.00000000  -364.63416272     1.00000000  %MR
     2.80000000    14.58994845   165.00000000  -364.63412918     1.00000000  %MR
     2.80000000    17.08994845   165.00000000  -364.63412938     1.00000000  %MR


#165 SiC_C_POINTS_2.96_165.0/
#     2.96000000     4.70937408   165.00000000  -364.75183175     1.00000000  %CC
#     2.96000000     4.95937408   165.00000000  -364.75119805     1.00000000  %CC
#     2.96000000     5.20937408   165.00000000  -364.74160430     1.00000000  %CC
#     2.96000000     5.45493862   165.00000000  -364.72815680     1.00000000  %CC
#     2.96000000     5.70937408   165.00000000  -364.71023159     1.00000000  %CC
#     2.96000000     5.90937408   165.00000000  -364.69219684     1.00000000  %CC
#     2.96000000     6.20937408   165.00000000  -364.67372497     1.00000000  %CC
#     2.96000000     6.61450908   165.00000000  -364.66062944     1.00000000  %CC
     2.96000000     3.45937408   165.00000000  -364.06818240     1.00000000  %MR
     2.96000000     3.70937408   165.00000000  -364.40295568     1.00000000  %MR
     2.96000000     4.00937408   165.00000000  -364.61064821     1.00000000  %MR
     2.96000000     4.20937408   165.00000000  -364.68917706     1.00000000  %MR
     2.96000000     4.63259217   165.00000000  -364.75463392     1.00000000  %MR
     2.96000000     5.20937408   165.00000000  -364.74615677     1.00000000  %MR
     2.96000000     5.70937408   165.00000000  -364.71665753     1.00000000  %MR
     2.96000000     6.23089408   165.00000000  -364.69028693     1.00000000  %MR
     2.96000000     7.20937408   165.00000000  -364.66851208     1.00000000  %MR
     2.96000000     8.20937408   165.00000000  -364.66603679     1.00000000  %MR
     2.96000000     9.20937408   165.00000000  -364.66523540     1.00000000  %MR
     2.96000000    10.20937408   165.00000000  -364.66489811     1.00000000  %MR
     2.96000000    11.20937408   165.00000000  -364.66488871     1.00000000  %MR
     2.96000000    12.20937408   165.00000000  -364.66480776     1.00000000  %MR
     2.96000000    14.70937408   165.00000000  -364.66471127     1.00000000  %MR
     2.96000000    17.20937408   165.00000000  -364.66468509     1.00000000  %MR


#165 SiC_C_POINTS_3.26_165.0/
#     3.26000000     4.93329713   165.00000000  -364.78249202     1.00000000  %CC
#     3.26000000     5.18329713   165.00000000  -364.77740852     1.00000000  %CC
#     3.26000000     5.43329713   165.00000000  -364.76556261     1.00000000  %CC
#     3.26000000     5.67886167   165.00000000  -364.75101971     1.00000000  %CC
#     3.26000000     5.93329713   165.00000000  -364.73326369     1.00000000  %CC
#     3.26000000     6.13329713   165.00000000  -364.71680062     1.00000000  %CC
#     3.26000000     6.43329713   165.00000000  -364.69658514     1.00000000  %CC
#     3.26000000     6.83843213   165.00000000  -364.68225303     1.00000000  %CC
     3.26000000     3.68329713   165.00000000  -364.24525388     1.00000000  %MR
     3.26000000     3.93329713   165.00000000  -364.51618235     1.00000000  %MR
     3.26000000     4.23329713   165.00000000  -364.68096414     1.00000000  %MR
     3.26000000     4.43329713   165.00000000  -364.74248422     1.00000000  %MR
     3.26000000     4.85651522   165.00000000  -364.78707598     1.00000000  %MR
     3.26000000     5.43329713   165.00000000  -364.76970444     1.00000000  %MR
     3.26000000     5.93329713   165.00000000  -364.73917852     1.00000000  %MR
     3.26000000     6.45481713   165.00000000  -364.71236661     1.00000000  %MR
     3.26000000     7.43329713   165.00000000  -364.68741059     1.00000000  %MR
     3.26000000     8.43329713   165.00000000  -364.68415956     1.00000000  %MR
     3.26000000     9.43329713   165.00000000  -364.68313669     1.00000000  %MR
     3.26000000    10.43329713   165.00000000  -364.68267099     1.00000000  %MR
     3.26000000    11.43329713   165.00000000  -364.68244514     1.00000000  %MR
     3.26000000    12.43329713   165.00000000  -364.68232758     1.00000000  %MR
     3.26000000    14.93329713   165.00000000  -364.68222039     1.00000000  %MR
     3.26000000    17.43329713   165.00000000  -364.68219071     1.00000000  %MR


#165 SiC_C_POINTS_3.56_165.0/
#     3.56000000     5.15722017   165.00000000  -364.78164460     1.00000000  %CC
#     3.56000000     5.40722017   165.00000000  -364.77359035     1.00000000  %CC
#     3.56000000     5.65722017   165.00000000  -364.76062208     1.00000000  %CC
#     3.56000000     5.90278471   165.00000000  -364.74541229     1.00000000  %CC
     3.56000000     3.90722017   165.00000000  -364.36781308     1.00000000  %MR
     3.56000000     4.15722017   165.00000000  -364.58357818     1.00000000  %MR
     3.56000000     4.45722017   165.00000000  -364.71279929     1.00000000  %MR
     3.56000000     4.65722017   165.00000000  -364.75922357     1.00000000  %MR
     3.56000000     5.08043827   165.00000000  -364.78707420     1.00000000  %MR
     3.56000000     5.65722017   165.00000000  -364.76331593     1.00000000  %MR
     3.56000000     6.15722017   165.00000000  -364.73238913     1.00000000  %MR
     3.56000000     6.67874017   165.00000000  -364.70600962     1.00000000  %MR
     3.56000000     7.65722017   165.00000000  -364.67838170     1.00000000  %MR
     3.56000000     8.65722017   165.00000000  -364.67432173     1.00000000  %MR
     3.56000000     9.65722017   165.00000000  -364.67308574     1.00000000  %MR
     3.56000000    10.65722017   165.00000000  -364.67256129     1.00000000  %MR
     3.56000000    11.65722017   165.00000000  -364.67231780     1.00000000  %MR
     3.56000000    12.65722017   165.00000000  -364.67219479     1.00000000  %MR
     3.56000000    15.15722017   165.00000000  -364.67208116     1.00000000  %MR
     3.56000000    17.65722017   165.00000000  -364.67204767     1.00000000  %MR


#165 SiC_C_POINTS_3.86_165.0/
#     3.86000000     5.38114322   165.00000000  -364.76685099     1.00000000  %CC
#     3.86000000     5.63114322   165.00000000  -364.75702857     1.00000000  %CC
     3.86000000     4.13114322   165.00000000  -364.45341272     1.00000000  %MR
     3.86000000     4.38114322   165.00000000  -364.62346921     1.00000000  %MR
     3.86000000     4.68114322   165.00000000  -364.72371422     1.00000000  %MR
     3.86000000     4.88114322   165.00000000  -364.75755937     1.00000000  %MR
     3.86000000     5.30436131   165.00000000  -364.77206546     1.00000000  %MR
     3.86000000     5.88114322   165.00000000  -364.74376217     1.00000000  %MR
     3.86000000     6.38114322   165.00000000  -364.71299562     1.00000000  %MR
     3.86000000     6.90266322   165.00000000  -364.68738772     1.00000000  %MR
     3.86000000     7.88114322   165.00000000  -364.65787602     1.00000000  %MR
     3.86000000     8.88114322   165.00000000  -364.65313091     1.00000000  %MR
     3.86000000     9.88114322   165.00000000  -364.65175964     1.00000000  %MR
     3.86000000    10.88114322   165.00000000  -364.65120229     1.00000000  %MR
     3.86000000    11.88114322   165.00000000  -364.65094793     1.00000000  %MR
     3.86000000    12.88114322   165.00000000  -364.65082099     1.00000000  %MR
     3.86000000    15.38114322   165.00000000  -364.65070582     1.00000000  %MR
     3.86000000    17.88114322   165.00000000  -364.65066989     1.00000000  %MR


#165 SiC_C_POINTS_4.15_165.0/
#     4.15000000     5.59760217   165.00000000  -364.74686065     1.00000000  %CC
     4.15000000     4.34760217   165.00000000  -364.51211611     1.00000000  %MR
     4.15000000     4.59760217   165.00000000  -364.64617467     1.00000000  %MR
     4.15000000     4.89760217   165.00000000  -364.72396339     1.00000000  %MR
     4.15000000     5.09760217   165.00000000  -364.74780821     1.00000000  %MR
     4.15000000     5.52082026   165.00000000  -364.75203990     1.00000000  %MR
     4.15000000     6.09760217   165.00000000  -364.72059488     1.00000000  %MR
     4.15000000     6.59760217   165.00000000  -364.69019313     1.00000000  %MR
     4.15000000     7.11912217   165.00000000  -364.66536455     1.00000000  %MR
     4.15000000     8.09760217   165.00000000  -364.63969760     1.00000000  %MR
     4.15000000     9.09760217   165.00000000  -364.62970352     1.00000000  %MR
     4.15000000    10.09760217   165.00000000  -364.62826127     1.00000000  %MR
     4.15000000    11.09760217   165.00000000  -364.62768819     1.00000000  %MR
     4.15000000    12.09760217   165.00000000  -364.62742959     1.00000000  %MR
     4.15000000    13.09760217   165.00000000  -364.62730124     1.00000000  %MR
     4.15000000    15.59760217   165.00000000  -364.62718427     1.00000000  %MR
     4.15000000    18.09760217   165.00000000  -364.62714718     1.00000000  %MR

