#180 SiC_C_POINTS_2.8_180.0/
#     2.80000000     4.74000000   180.00000000  -364.71041848     1.00000000  %CC
#     2.80000000     4.99000000   180.00000000  -364.70829067     1.00000000  %CC
#     2.80000000     5.24000000   180.00000000  -364.69780529     1.00000000  %CC
#     2.80000000     5.48556454   180.00000000  -364.68459617     1.00000000  %CC
#     2.80000000     5.74000000   180.00000000  -364.67204928     1.00000000  %CC
     2.80000000     3.49000000   180.00000000  -364.07991868     1.00000000  %MR
     2.80000000     3.74000000   180.00000000  -364.39249231     1.00000000  %MR
     2.80000000     4.04000000   180.00000000  -364.57970678     1.00000000  %MR
     2.80000000     4.24000000   180.00000000  -364.63548179     1.00000000  %MR
     2.80000000     4.66321809   180.00000000  -364.70030519     1.00000000  %MR
     2.80000000     5.24000000   180.00000000  -364.69864745     1.00000000  %MR
     2.80000000     5.74000000   180.00000000  -364.67592979     1.00000000  %MR
     2.80000000     6.26152000   180.00000000  -364.65389257     1.00000000  %MR
     2.80000000     7.24000000   180.00000000  -364.63834218     1.00000000  %MR
     2.80000000     8.24000000   180.00000000  -364.63576933     1.00000000  %MR
     2.80000000     9.24000000   180.00000000  -364.63488499     1.00000000  %MR
     2.80000000    10.24000000   180.00000000  -364.63450141     1.00000000  %MR
     2.80000000    11.24000000   180.00000000  -364.63433181     1.00000000  %MR
     2.80000000    12.24000000   180.00000000  -364.63425230     1.00000000  %MR
     2.80000000    14.74000000   180.00000000  -364.63419198     1.00000000  %MR
     2.80000000    17.24000000   180.00000000  -364.63418795     1.00000000  %MR


#180 SiC_C_POINTS_2.96_180.0/
#     2.96000000     4.86800000   180.00000000  -364.74960411     1.00000000  %CC
#     2.96000000     5.11800000   180.00000000  -364.74486064     1.00000000  %CC
#     2.96000000     5.36800000   180.00000000  -364.73304702     1.00000000  %CC
#     2.96000000     5.61356454   180.00000000  -364.71933182     1.00000000  %CC
#     2.96000000     5.86800000   180.00000000  -364.70741033     1.00000000  %CC
     2.96000000     3.61800000   180.00000000  -364.18332456     1.00000000  %MR
     2.96000000     3.86800000   180.00000000  -364.47113246     1.00000000  %MR
     2.96000000     4.16800000   180.00000000  -364.63424885     1.00000000  %MR
     2.96000000     4.36800000   180.00000000  -364.68135077     1.00000000  %MR
     2.96000000     4.79121809   180.00000000  -364.75456425     1.00000000  %MR
     2.96000000     5.36800000   180.00000000  -364.73875694     1.00000000  %MR
     2.96000000     5.86800000   180.00000000  -364.70964559     1.00000000  %MR
     2.96000000     6.38952000   180.00000000  -364.68552621     1.00000000  %MR
     2.96000000     7.36800000   180.00000000  -364.66637236     1.00000000  %MR
     2.96000000     8.36800000   180.00000000  -364.66611872     1.00000000  %MR
     2.96000000     9.36800000   180.00000000  -364.66552527     1.00000000  %MR
     2.96000000    10.36800000   180.00000000  -364.66518604     1.00000000  %MR
     2.96000000    11.36800000   180.00000000  -364.66500315     1.00000000  %MR
     2.96000000    12.36800000   180.00000000  -364.66490356     1.00000000  %MR
     2.96000000    14.86800000   180.00000000  -364.66481202     1.00000000  %MR
     2.96000000    17.36800000   180.00000000  -364.66478749     1.00000000  %MR


#180 SiC_C_POINTS_3.26_180.0/
#     3.26000000     5.10800000   180.00000000  -364.77890101     1.00000000  %CC
#     3.26000000     5.35800000   180.00000000  -364.77041854     1.00000000  %CC
#     3.26000000     5.60800000   180.00000000  -364.75695413     1.00000000  %CC
#     3.26000000     5.85356454   180.00000000  -364.74299191     1.00000000  %CC
#     3.26000000     6.10800000   180.00000000  -364.73462112     1.00000000  %CC
     3.26000000     3.85800000   180.00000000  -364.35141681     1.00000000  %MR
     3.26000000     4.10800000   180.00000000  -364.57407985     1.00000000  %MR
     3.26000000     4.40800000   180.00000000  -364.69528999     1.00000000  %MR
     3.26000000     4.60800000   180.00000000  -364.75608330     1.00000000  %MR
     3.26000000     5.03121809   180.00000000  -364.78541797     1.00000000  %MR
     3.26000000     5.60800000   180.00000000  -364.76213279     1.00000000  %MR
     3.26000000     6.10800000   180.00000000  -364.73201324     1.00000000  %MR
     3.26000000     6.62952000   180.00000000  -364.70738647     1.00000000  %MR
     3.26000000     7.60800000   180.00000000  -364.68883659     1.00000000  %MR
     3.26000000     8.60800000   180.00000000  -364.68402072     1.00000000  %MR
     3.26000000     9.60800000   180.00000000  -364.68313304     1.00000000  %MR
     3.26000000    10.60800000   180.00000000  -364.68297437     1.00000000  %MR
     3.26000000    11.60800000   180.00000000  -364.68268771     1.00000000  %MR
     3.26000000    12.60800000   180.00000000  -364.68253456     1.00000000  %MR
     3.26000000    15.10800000   180.00000000  -364.68238515     1.00000000  %MR
     3.26000000    17.60800000   180.00000000  -364.68233738     1.00000000  %MR


#180 SiC_C_POINTS_3.56_180.0/
#     3.56000000     5.34800000   180.00000000  -364.77622849     1.00000000  %CC
#     3.56000000     5.59800000   180.00000000  -364.76521734     1.00000000  %CC
#     3.56000000     5.84800000   180.00000000  -364.75094108     1.00000000  %CC
#     3.56000000     6.09356454   180.00000000  -364.73775981     1.00000000  %CC
     3.56000000     4.09800000   180.00000000  -364.45788779     1.00000000  %MR
     3.56000000     4.34800000   180.00000000  -364.63015427     1.00000000  %MR
     3.56000000     4.64800000   180.00000000  -364.71793285     1.00000000  %MR
     3.56000000     4.84800000   180.00000000  -364.76900346     1.00000000  %MR
     3.56000000     5.27121809   180.00000000  -364.78373454     1.00000000  %MR
     3.56000000     5.84800000   180.00000000  -364.75534118     1.00000000  %MR
     3.56000000     6.34800000   180.00000000  -364.72518756     1.00000000  %MR
     3.56000000     6.86952000   180.00000000  -364.70091814     1.00000000  %MR
     3.56000000     7.84800000   180.00000000  -364.68025331     1.00000000  %MR
     3.56000000     8.84800000   180.00000000  -364.67165635     1.00000000  %MR
     3.56000000     9.84800000   180.00000000  -364.67176332     1.00000000  %MR
     3.56000000    10.84800000   180.00000000  -364.67291457     1.00000000  %MR
     3.56000000    11.84800000   180.00000000  -364.67204857     1.00000000  %MR
     3.56000000    12.84800000   180.00000000  -364.67203900     1.00000000  %MR
     3.56000000    15.34800000   180.00000000  -364.67205575     1.00000000  %MR
     3.56000000    17.84800000   180.00000000  -364.67207321     1.00000000  %MR


#180 SiC_C_POINTS_3.86_180.0/
#     3.86000000     5.58800000   180.00000000  -364.75937122     1.00000000  %CC
#     3.86000000     5.83800000   180.00000000  -364.74674199     1.00000000  %CC
#     3.86000000     6.08800000   180.00000000  -364.73230275     1.00000000  %CC
     3.86000000     4.33800000   180.00000000  -364.52784043     1.00000000  %MR
     3.86000000     4.58800000   180.00000000  -364.65924611     1.00000000  %MR
     3.86000000     4.88800000   180.00000000  -364.72078632     1.00000000  %MR
     3.86000000     5.08800000   180.00000000  -364.76381221     1.00000000  %MR
     3.86000000     5.51121809   180.00000000  -364.76722455     1.00000000  %MR
     3.86000000     6.08800000   180.00000000  -364.73542414     1.00000000  %MR
     3.86000000     6.58800000   180.00000000  -364.70573826     1.00000000  %MR
     3.86000000     7.10952000   180.00000000  -364.68227032     1.00000000  %MR
     3.86000000     8.08800000   180.00000000  -364.65902677     1.00000000  %MR
     3.86000000     9.08800000   180.00000000  -364.65196503     1.00000000  %MR
     3.86000000    10.08800000   180.00000000  -364.65071685     1.00000000  %MR
     3.86000000    11.08800000   180.00000000  -364.64997406     1.00000000  %MR
     3.86000000    12.08800000   180.00000000  -364.64978540     1.00000000  %MR
     3.86000000    13.08800000   180.00000000  -364.64970556     1.00000000  %MR
     3.86000000    15.58800000   180.00000000  -364.64966913     1.00000000  %MR
     3.86000000    18.08800000   180.00000000  -364.64967481     1.00000000  %MR


#180 SiC_C_POINTS_4.15_180.0/
#     4.15000000     5.82000000   180.00000000  -364.73871974     1.00000000  %CC
#     4.15000000     6.07000000   180.00000000  -364.72508997     1.00000000  %CC
     4.15000000     4.57000000   180.00000000  -364.57255179     1.00000000  %MR
     4.15000000     4.82000000   180.00000000  -364.67243330     1.00000000  %MR
     4.15000000     5.12000000   180.00000000  -364.73585494     1.00000000  %MR
     4.15000000     5.32000000   180.00000000  -364.75105478     1.00000000  %MR
     4.15000000     5.74321809   180.00000000  -364.74596572     1.00000000  %MR
     4.15000000     6.32000000   180.00000000  -364.71197810     1.00000000  %MR
     4.15000000     6.82000000   180.00000000  -364.68288812     1.00000000  %MR
     4.15000000     7.34152000   180.00000000  -364.66026305     1.00000000  %MR
     4.15000000     8.32000000   180.00000000  -364.63769268     1.00000000  %MR
     4.15000000     9.32000000   180.00000000  -364.63248734     1.00000000  %MR
     4.15000000    10.32000000   180.00000000  -364.63121574     1.00000000  %MR
     4.15000000    11.32000000   180.00000000  -364.63076802     1.00000000  %MR
     4.15000000    12.32000000   180.00000000  -364.63059235     1.00000000  %MR
     4.15000000    13.32000000   180.00000000  -364.63052056     1.00000000  %MR
     4.15000000    15.82000000   180.00000000  -364.63049002     1.00000000  %MR
     4.15000000    18.32000000   180.00000000  -364.63049605     1.00000000  %MR

