#30 SiC_C_POINTS_2.8_30.0/
     2.80000000     3.34000000    30.00000000  -364.93128799     1.00000000  %CC
     2.80000000     3.59000000    30.00000000  -364.94423635     1.00000000  %CC
     2.80000000     3.84000000    30.00000000  -364.92221426     1.00000000  %CC
     2.80000000     4.08556454    30.00000000  -364.88564652     1.00000000  %CC
     2.80000000     4.34000000    30.00000000  -364.84308175     1.00000000  %CC
#     2.80000000     4.54000000    30.00000000  -364.81023791     1.00000000  %CC
#     2.80000000     4.84000000    30.00000000  -364.76588506     1.00000000  %CC
#     2.80000000     5.24513500    30.00000000  -364.72282186     1.00000000  %CC
#     2.80000000     2.09000000    30.00000000  -361.92531988     1.00000000  %MR
     2.80000000     2.34000000    30.00000000  -363.33673769     1.00000000  %MR
     2.80000000     2.64000000    30.00000000  -364.29816583     1.00000000  %MR
     2.80000000     2.84000000    30.00000000  -364.63263445     1.00000000  %MR
     2.80000000     3.26321809    30.00000000  -364.91504448     1.00000000  %MR
#     2.80000000     3.84000000    30.00000000  -364.92364969     1.00000000  %MR
#     2.80000000     4.34000000    30.00000000  -364.84576334     1.00000000  %MR
     2.80000000     4.86152000    30.00000000  -364.76687674     1.00000000  %MR
     2.80000000     5.84000000    30.00000000  -364.67391208     1.00000000  %MR
     2.80000000     6.84000000    30.00000000  -364.64248661     1.00000000  %MR
     2.80000000     7.84000000    30.00000000  -364.63625333     1.00000000  %MR
     2.80000000     8.84000000    30.00000000  -364.63475455     1.00000000  %MR
     2.80000000     9.84000000    30.00000000  -364.63432790     1.00000000  %MR
     2.80000000    10.84000000    30.00000000  -364.63419170     1.00000000  %MR
     2.80000000    13.34000000    30.00000000  -364.63411264     1.00000000  %MR
     2.80000000    15.84000000    30.00000000  -364.63410124     1.00000000  %MR


#30 SiC_C_POINTS_2.96_30.0/
     2.96000000     3.38800000    30.00000000  -364.95793931     1.00000000  %CC
     2.96000000     3.63800000    30.00000000  -364.97316044     1.00000000  %CC
     2.96000000     3.88800000    30.00000000  -364.95266436     1.00000000  %CC
     2.96000000     4.13356454    30.00000000  -364.91703153     1.00000000  %CC
     2.96000000     4.38800000    30.00000000  -364.87503709     1.00000000  %CC
#     2.96000000     4.58800000    30.00000000  -364.84243561     1.00000000  %CC
#     2.96000000     4.88800000    30.00000000  -364.79808430     1.00000000  %CC
#     2.96000000     5.29313500    30.00000000  -364.75513221     1.00000000  %CC
#     2.96000000     2.13800000    30.00000000  -362.02811704     1.00000000  %MR
     2.96000000     2.38800000    30.00000000  -363.37899326     1.00000000  %MR
     2.96000000     2.68800000    30.00000000  -364.32059433     1.00000000  %MR
     2.96000000     2.88800000    30.00000000  -364.65400357     1.00000000  %MR
     2.96000000     3.31121809    30.00000000  -364.94166302     1.00000000  %MR
#     2.96000000     3.88800000    30.00000000  -364.95414361     1.00000000  %MR
#     2.96000000     4.38800000    30.00000000  -364.87768854     1.00000000  %MR
     2.96000000     4.90952000    30.00000000  -364.79909859     1.00000000  %MR
     2.96000000     5.88800000    30.00000000  -364.70614805     1.00000000  %MR
     2.96000000     6.88800000    30.00000000  -364.67312046     1.00000000  %MR
     2.96000000     7.88800000    30.00000000  -364.66684819     1.00000000  %MR
     2.96000000     8.88800000    30.00000000  -364.66533387     1.00000000  %MR
     2.96000000     9.88800000    30.00000000  -364.66489930     1.00000000  %MR
     2.96000000    10.88800000    30.00000000  -364.66475731     1.00000000  %MR
     2.96000000    13.38800000    30.00000000  -364.66467622     1.00000000  %MR
     2.96000000    15.88800000    30.00000000  -364.66466519     1.00000000  %MR


#30 SiC_C_POINTS_3.26_30.0/
     3.26000000     3.47800000    30.00000000  -364.96733097     1.00000000  %CC
     3.26000000     3.72800000    30.00000000  -364.98621157     1.00000000  %CC
     3.26000000     3.97800000    30.00000000  -364.96843267     1.00000000  %CC
     3.26000000     4.22356454    30.00000000  -364.93462913     1.00000000  %CC
     3.26000000     4.47800000    30.00000000  -364.89389476     1.00000000  %CC
#     3.26000000     4.67800000    30.00000000  -364.86194486     1.00000000  %CC
#     3.26000000     4.97800000    30.00000000  -364.81788450     1.00000000  %CC
#     3.26000000     5.38313500    30.00000000  -364.77316918     1.00000000  %CC
     3.26000000     2.22800000    30.00000000  -362.22450650     1.00000000  %MR
     3.26000000     2.47800000    30.00000000  -363.44291604     1.00000000  %MR
     3.26000000     2.77800000    30.00000000  -364.33455438     1.00000000  %MR
     3.26000000     2.97800000    30.00000000  -364.65922360     1.00000000  %MR
     3.26000000     3.40121809    30.00000000  -364.95012364     1.00000000  %MR
#     3.26000000     3.97800000    30.00000000  -364.97015309     1.00000000  %MR
#     3.26000000     4.47800000    30.00000000  -364.89663219     1.00000000  %MR
     3.26000000     4.99952000    30.00000000  -364.81913900     1.00000000  %MR
     3.26000000     5.97800000    30.00000000  -364.72606238     1.00000000  %MR
     3.26000000     6.97800000    30.00000000  -364.69074982     1.00000000  %MR
     3.26000000     7.97800000    30.00000000  -364.68439044     1.00000000  %MR
     3.26000000     8.97800000    30.00000000  -364.68285823     1.00000000  %MR
     3.26000000     9.97800000    30.00000000  -364.68241122     1.00000000  %MR
     3.26000000    10.97800000    30.00000000  -364.68226359     1.00000000  %MR
     3.26000000    13.47800000    30.00000000  -364.68217546     1.00000000  %MR
     3.26000000    15.97800000    30.00000000  -364.68216414     1.00000000  %MR


#30 SiC_C_POINTS_3.56_30.0/
     3.56000000     3.56800000    30.00000000  -364.94829155     1.00000000  %CC
     3.56000000     3.81800000    30.00000000  -364.97006348     1.00000000  %CC
     3.56000000     4.06800000    30.00000000  -364.95478035     1.00000000  %CC
     3.56000000     4.31356454    30.00000000  -364.92284023     1.00000000  %CC
     3.56000000     4.56800000    30.00000000  -364.88350808     1.00000000  %CC
#     3.56000000     4.76800000    30.00000000  -364.85235979     1.00000000  %CC
#     3.56000000     5.06800000    30.00000000  -364.80867511     1.00000000  %CC
#     3.56000000     5.47313500    30.00000000  -364.76246542     1.00000000  %CC
     3.56000000     2.31800000    30.00000000  -362.43641845     1.00000000  %MR
     3.56000000     2.56800000    30.00000000  -363.51092206     1.00000000  %MR
     3.56000000     2.86800000    30.00000000  -364.32894858     1.00000000  %MR
     3.56000000     3.06800000    30.00000000  -364.64133837     1.00000000  %MR
     3.56000000     3.49121809    30.00000000  -364.93076493     1.00000000  %MR
#     3.56000000     4.06800000    30.00000000  -364.95690409     1.00000000  %MR
#     3.56000000     4.56800000    30.00000000  -364.88649080     1.00000000  %MR
     3.56000000     5.08952000    30.00000000  -364.81052194     1.00000000  %MR
     3.56000000     6.06800000    30.00000000  -364.71809367     1.00000000  %MR
     3.56000000     7.06800000    30.00000000  -364.68073377     1.00000000  %MR
     3.56000000     8.06800000    30.00000000  -364.67427818     1.00000000  %MR
     3.56000000     9.06800000    30.00000000  -364.67273172     1.00000000  %MR
     3.56000000    10.06800000    30.00000000  -364.67227601     1.00000000  %MR
     3.56000000    11.06800000    30.00000000  -364.67212210     1.00000000  %MR
     3.56000000    13.56800000    30.00000000  -364.67202800     1.00000000  %MR
     3.56000000    16.06800000    30.00000000  -364.67201677     1.00000000  %MR


#30 SiC_C_POINTS_3.86_30.0/
     3.86000000     3.65800000    30.00000000  -364.91763592     1.00000000  %CC
     3.86000000     3.90800000    30.00000000  -364.94151470     1.00000000  %CC
     3.86000000     4.15800000    30.00000000  -364.92845616     1.00000000  %CC
     3.86000000     4.40356454    30.00000000  -364.89834349     1.00000000  %CC
     3.86000000     4.65800000    30.00000000  -364.86046669     1.00000000  %CC
#     3.86000000     4.85800000    30.00000000  -364.83017104     1.00000000  %CC
#     3.86000000     5.15800000    30.00000000  -364.78651679     1.00000000  %CC
#     3.86000000     5.56313500    30.00000000  -364.74075177     1.00000000  %CC
     3.86000000     2.40800000    30.00000000  -362.66458161     1.00000000  %MR
     3.86000000     2.65800000    30.00000000  -363.59566523     1.00000000  %MR
     3.86000000     2.95800000    30.00000000  -364.32760840     1.00000000  %MR
     3.86000000     3.15800000    30.00000000  -364.60510804     1.00000000  %MR
     3.86000000     3.58121809    30.00000000  -364.90043849     1.00000000  %MR
#     3.86000000     4.15800000    30.00000000  -364.93116310     1.00000000  %MR
#     3.86000000     4.65800000    30.00000000  -364.86388230     1.00000000  %MR
     3.86000000     5.17952000    30.00000000  -364.78966179     1.00000000  %MR
     3.86000000     6.15800000    30.00000000  -364.69843716     1.00000000  %MR
     3.86000000     7.15800000    30.00000000  -364.65949415     1.00000000  %MR
     3.86000000     8.15800000    30.00000000  -364.65292364     1.00000000  %MR
     3.86000000     9.15800000    30.00000000  -364.65136826     1.00000000  %MR
     3.86000000    10.15800000    30.00000000  -364.65090392     1.00000000  %MR
     3.86000000    11.15800000    30.00000000  -364.65074467     1.00000000  %MR
     3.86000000    13.65800000    30.00000000  -364.65064892     1.00000000  %MR
     3.86000000    16.15800000    30.00000000  -364.65063619     1.00000000  %MR


#30 SiC_C_POINTS_4.15_30.0/
     4.15000000     3.74500000    30.00000000  -364.88543778     1.00000000  %CC
     4.15000000     3.99500000    30.00000000  -364.91049051     1.00000000  %CC
     4.15000000     4.24500000    30.00000000  -364.89920625     1.00000000  %CC
     4.15000000     4.49056454    30.00000000  -364.87071754     1.00000000  %CC
#     4.15000000     4.74500000    30.00000000  -364.83414898     1.00000000  %CC
#     4.15000000     4.94500000    30.00000000  -364.80454500     1.00000000  %CC
     4.15000000     2.49500000    30.00000000  -362.89106337     1.00000000  %MR
     4.15000000     2.74500000    30.00000000  -363.68695481     1.00000000  %MR
     4.15000000     3.04500000    30.00000000  -364.34118256     1.00000000  %MR
     4.15000000     3.24500000    30.00000000  -364.60121056     1.00000000  %MR
     4.15000000     3.66821809    30.00000000  -364.86941667     1.00000000  %MR
#     4.15000000     4.24500000    30.00000000  -364.90274698     1.00000000  %MR
#     4.15000000     4.74500000    30.00000000  -364.83834330     1.00000000  %MR
     4.15000000     5.26652000    30.00000000  -364.76587295     1.00000000  %MR
     4.15000000     6.24500000    30.00000000  -364.67596249     1.00000000  %MR
     4.15000000     7.24500000    30.00000000  -364.64051259     1.00000000  %MR
     4.15000000     8.24500000    30.00000000  -364.62927278     1.00000000  %MR
     4.15000000     9.24500000    30.00000000  -364.62807275     1.00000000  %MR
     4.15000000    10.24500000    30.00000000  -364.62764288     1.00000000  %MR
     4.15000000    11.24500000    30.00000000  -364.62744747     1.00000000  %MR
     4.15000000    13.74500000    30.00000000  -364.62726414     1.00000000  %MR
     4.15000000    16.24500000    30.00000000  -364.62720683     1.00000000  %MR

