#90 SiC_C_POINTS_2.8_90.0/
#     2.80000000     2.50000000    90.00000000  -364.78653771     1.00000000  %CC
#     2.80000000     2.75000000    90.00000000  -364.80293318     1.00000000  %CC
     2.80000000     1.25000000    90.00000000  -363.66074915     1.00000000  %MR
     2.80000000     1.50000000    90.00000000  -364.14669219     1.00000000  %MR
     2.80000000     1.80000000    90.00000000  -364.51305042     1.00000000  %MR
     2.80000000     2.00000000    90.00000000  -364.65385373     1.00000000  %MR
     2.80000000     2.42321809    90.00000000  -364.78022271     1.00000000  %MR
     2.80000000     3.00000000    90.00000000  -364.79194295     1.00000000  %MR
     2.80000000     3.50000000    90.00000000  -364.75998022     1.00000000  %MR
     2.80000000     4.02152000    90.00000000  -364.72411408     1.00000000  %MR
     2.80000000     5.00000000    90.00000000  -364.67456309     1.00000000  %MR
     2.80000000     6.00000000    90.00000000  -364.64621082     1.00000000  %MR
     2.80000000     7.00000000    90.00000000  -364.63769859     1.00000000  %MR
     2.80000000     8.00000000    90.00000000  -364.63538653     1.00000000  %MR
     2.80000000     9.00000000    90.00000000  -364.63463870     1.00000000  %MR
     2.80000000    10.00000000    90.00000000  -364.63435635     1.00000000  %MR
     2.80000000    12.50000000    90.00000000  -364.63415874     1.00000000  %MR
     2.80000000    15.00000000    90.00000000  -364.63411722     1.00000000  %MR


#90 SiC_C_POINTS_2.96_90.0/
     2.96000000     2.50000000    90.00000000  -364.83230697     1.00000000  %CC
     2.96000000     1.25000000    90.00000000  -363.88642458     1.00000000  %MR
     2.96000000     1.50000000    90.00000000  -364.29778466     1.00000000  %MR
     2.96000000     1.80000000    90.00000000  -364.60871395     1.00000000  %MR
     2.96000000     2.00000000    90.00000000  -364.72735168     1.00000000  %MR
     2.96000000     2.42321809    90.00000000  -364.82882919     1.00000000  %MR
     2.96000000     3.00000000    90.00000000  -364.82531694     1.00000000  %MR
     2.96000000     3.50000000    90.00000000  -364.79140246     1.00000000  %MR
     2.96000000     4.02152000    90.00000000  -364.75503367     1.00000000  %MR
     2.96000000     5.00000000    90.00000000  -364.70538577     1.00000000  %MR
     2.96000000     6.00000000    90.00000000  -364.67709934     1.00000000  %MR
     2.96000000     7.00000000    90.00000000  -364.66831654     1.00000000  %MR
     2.96000000     8.00000000    90.00000000  -364.66597927     1.00000000  %MR
     2.96000000     9.00000000    90.00000000  -364.66521487     1.00000000  %MR
     2.96000000    10.00000000    90.00000000  -364.66492598     1.00000000  %MR
     2.96000000    12.50000000    90.00000000  -364.66472550     1.00000000  %MR
     2.96000000    15.00000000    90.00000000  -364.66468328     1.00000000  %MR


#90 SiC_C_POINTS_3.26_90.0/
     3.26000000     2.50000000    90.00000000  -364.87940196     1.00000000  %CC
#     3.26000000     2.75000000    90.00000000  -364.87195853     1.00000000  %CC
#     3.26000000     3.00000000    90.00000000  -364.81215564     1.00000000  %CC
     3.26000000     1.25000000    90.00000000  -364.22056572     1.00000000  %MR
     3.26000000     1.50000000    90.00000000  -364.51542194     1.00000000  %MR
     3.26000000     1.80000000    90.00000000  -364.73719316     1.00000000  %MR
     3.26000000     2.00000000    90.00000000  -364.81958709     1.00000000  %MR
     3.26000000     2.42321809    90.00000000  -364.88009325     1.00000000  %MR
     3.26000000     3.00000000    90.00000000  -364.85008032     1.00000000  %MR
     3.26000000     3.50000000    90.00000000  -364.81014558     1.00000000  %MR
     3.26000000     4.02152000    90.00000000  -364.77311086     1.00000000  %MR
     3.26000000     5.00000000    90.00000000  -364.72331006     1.00000000  %MR
     3.26000000     6.00000000    90.00000000  -364.69604645     1.00000000  %MR
     3.26000000     7.00000000    90.00000000  -364.68590049     1.00000000  %MR
     3.26000000     8.00000000    90.00000000  -364.68352294     1.00000000  %MR
     3.26000000     9.00000000    90.00000000  -364.68273751     1.00000000  %MR
     3.26000000    10.00000000    90.00000000  -364.68243867     1.00000000  %MR
     3.26000000    12.50000000    90.00000000  -364.68222938     1.00000000  %MR
     3.26000000    15.00000000    90.00000000  -364.68218578     1.00000000  %MR


#90 SiC_C_POINTS_3.56_90.0/
     3.56000000     2.50000000    90.00000000  -364.89649460     1.00000000  %CC
#     3.56000000     2.75000000    90.00000000  -364.87791883     1.00000000  %CC
     3.56000000     1.25000000    90.00000000  -364.46717528     1.00000000  %MR
     3.56000000     1.50000000    90.00000000  -364.67004443     1.00000000  %MR
     3.56000000     1.80000000    90.00000000  -364.82089631     1.00000000  %MR
     3.56000000     2.00000000    90.00000000  -364.87387047     1.00000000  %MR
     3.56000000     2.42321809    90.00000000  -364.90096591     1.00000000  %MR
     3.56000000     3.00000000    90.00000000  -364.85011094     1.00000000  %MR
     3.56000000     3.50000000    90.00000000  -364.80122588     1.00000000  %MR
     3.56000000     4.02152000    90.00000000  -364.76317771     1.00000000  %MR
     3.56000000     5.00000000    90.00000000  -364.71323219     1.00000000  %MR
     3.56000000     6.00000000    90.00000000  -364.68664742     1.00000000  %MR
     3.56000000     7.00000000    90.00000000  -364.67579773     1.00000000  %MR
     3.56000000     8.00000000    90.00000000  -364.67340766     1.00000000  %MR
     3.56000000     9.00000000    90.00000000  -364.67260767     1.00000000  %MR
     3.56000000    10.00000000    90.00000000  -364.67230056     1.00000000  %MR
     3.56000000    12.50000000    90.00000000  -364.67208633     1.00000000  %MR
     3.56000000    15.00000000    90.00000000  -364.67204059     1.00000000  %MR


#90 SiC_C_POINTS_3.86_90.0/
     3.86000000     2.50000000    90.00000000  -364.89743480     1.00000000  %CC
     3.86000000     2.75000000    90.00000000  -364.87145384     1.00000000  %CC
     3.86000000     1.25000000    90.00000000  -364.64452135     1.00000000  %MR
     3.86000000     1.50000000    90.00000000  -364.77883690     1.00000000  %MR
     3.86000000     1.80000000    90.00000000  -364.87439886     1.00000000  %MR
     3.86000000     2.00000000    90.00000000  -364.90404510     1.00000000  %MR
     3.86000000     2.42321809    90.00000000  -364.90463460     1.00000000  %MR
     3.86000000     3.00000000    90.00000000  -364.83973267     1.00000000  %MR
     3.86000000     3.50000000    90.00000000  -364.78179603     1.00000000  %MR
     3.86000000     4.02152000    90.00000000  -364.74185503     1.00000000  %MR
     3.86000000     5.00000000    90.00000000  -364.69149694     1.00000000  %MR
     3.86000000     6.00000000    90.00000000  -364.66534591     1.00000000  %MR
     3.86000000     7.00000000    90.00000000  -364.65441134     1.00000000  %MR
     3.86000000     8.00000000    90.00000000  -364.65204344     1.00000000  %MR
     3.86000000     9.00000000    90.00000000  -364.65123875     1.00000000  %MR
     3.86000000    10.00000000    90.00000000  -364.65092593     1.00000000  %MR
     3.86000000    12.50000000    90.00000000  -364.65070716     1.00000000  %MR
     3.86000000    15.00000000    90.00000000  -364.65066127     1.00000000  %MR


#90 SiC_C_POINTS_4.15_90.0/
     4.15000000     2.50000000    90.00000000  -364.88927299     1.00000000  %CC
     4.15000000     2.75000000    90.00000000  -364.85880972     1.00000000  %CC
     4.15000000     3.00000000    90.00000000  -364.82681859     1.00000000  %CC
     4.15000000     1.25000000    90.00000000  -364.76395038     1.00000000  %MR
     4.15000000     1.50000000    90.00000000  -364.84867274     1.00000000  %MR
     4.15000000     1.80000000    90.00000000  -364.90396858     1.00000000  %MR
     4.15000000     2.00000000    90.00000000  -364.91671157     1.00000000  %MR
     4.15000000     2.42321809    90.00000000  -364.89851001     1.00000000  %MR
     4.15000000     3.00000000    90.00000000  -364.82545285     1.00000000  %MR
     4.15000000     3.50000000    90.00000000  -364.76066567     1.00000000  %MR
     4.15000000     4.02152000    90.00000000  -364.71836575     1.00000000  %MR
     4.15000000     5.00000000    90.00000000  -364.66742136     1.00000000  %MR
     4.15000000     6.00000000    90.00000000  -364.64162321     1.00000000  %MR
     4.15000000     7.00000000    90.00000000  -364.63083883     1.00000000  %MR
     4.15000000     8.00000000    90.00000000  -364.62852258     1.00000000  %MR
     4.15000000     9.00000000    90.00000000  -364.62772211     1.00000000  %MR
     4.15000000    10.00000000    90.00000000  -364.62740613     1.00000000  %MR
     4.15000000    12.50000000    90.00000000  -364.62718449     1.00000000  %MR
     4.15000000    15.00000000    90.00000000  -364.62713784     1.00000000  %MR

