#135 SiC_C_POINTS_2.8_135.0/
#     2.80000000     3.90000000   135.00000000  -364.71803902     1.00000000  %CC
#     2.80000000     4.15000000   135.00000000  -364.73287449     1.00000000  %CC
#     2.80000000     4.40000000   135.00000000  -364.73334905     1.00000000  %CC
     2.80000000     2.65000000   135.00000000  -363.74397561     1.00000000  %MR
     2.80000000     2.90000000   135.00000000  -364.15463728     1.00000000  %MR
     2.80000000     3.20000000   135.00000000  -364.47006431     1.00000000  %MR
     2.80000000     3.40000000   135.00000000  -364.59293486     1.00000000  %MR
     2.80000000     3.82321809   135.00000000  -364.71390809     1.00000000  %MR
     2.80000000     4.40000000   135.00000000  -364.73459857     1.00000000  %MR
     2.80000000     4.90000000   135.00000000  -364.71122888     1.00000000  %MR
     2.80000000     5.42152000   135.00000000  -364.68277168     1.00000000  %MR
     2.80000000     6.40000000   135.00000000  -364.64641999     1.00000000  %MR
     2.80000000     7.40000000   135.00000000  -364.63704293     1.00000000  %MR
     2.80000000     8.40000000   135.00000000  -364.63533430     1.00000000  %MR
     2.80000000     9.40000000   135.00000000  -364.63470784     1.00000000  %MR
     2.80000000    10.40000000   135.00000000  -364.63441907     1.00000000  %MR
     2.80000000    11.40000000   135.00000000  -364.63427689     1.00000000  %MR
     2.80000000    13.90000000   135.00000000  -364.63415137     1.00000000  %MR
     2.80000000    16.40000000   135.00000000  -364.63411827     1.00000000  %MR


#135 SiC_C_POINTS_2.96_135.0/
#     2.96000000     3.98000000   135.00000000  -364.75900516     1.00000000  %CC
#     2.96000000     4.23000000   135.00000000  -364.76950403     1.00000000  %CC
#     2.96000000     4.48000000   135.00000000  -364.76654665     1.00000000  %CC
     2.96000000     2.73000000   135.00000000  -363.88297316     1.00000000  %MR
     2.96000000     2.98000000   135.00000000  -364.26524102     1.00000000  %MR
     2.96000000     3.28000000   135.00000000  -364.54465927     1.00000000  %MR
     2.96000000     3.48000000   135.00000000  -364.65270715     1.00000000  %MR
     2.96000000     3.90321809   135.00000000  -364.75679431     1.00000000  %MR
     2.96000000     4.48000000   135.00000000  -364.76907469     1.00000000  %MR
     2.96000000     4.98000000   135.00000000  -364.74273677     1.00000000  %MR
     2.96000000     5.50152000   135.00000000  -364.71268964     1.00000000  %MR
     2.96000000     6.48000000   135.00000000  -364.67712470     1.00000000  %MR
     2.96000000     7.48000000   135.00000000  -364.66777554     1.00000000  %MR
     2.96000000     8.48000000   135.00000000  -364.66597862     1.00000000  %MR
     2.96000000     9.48000000   135.00000000  -364.66530537     1.00000000  %MR
     2.96000000    10.48000000   135.00000000  -364.66500024     1.00000000  %MR
     2.96000000    11.48000000   135.00000000  -364.66485238     1.00000000  %MR
     2.96000000    13.98000000   135.00000000  -364.66472118     1.00000000  %MR
     2.96000000    16.48000000   135.00000000  -364.66468608     1.00000000  %MR


#135 SiC_C_POINTS_3.26_135.0/
#     3.26000000     4.13000000   135.00000000  -364.79241658     1.00000000  %CC
     3.26000000     2.88000000   135.00000000  -364.10901497     1.00000000  %MR
     3.26000000     3.13000000   135.00000000  -364.41404688     1.00000000  %MR
     3.26000000     3.43000000   135.00000000  -364.63331638     1.00000000  %MR
     3.26000000     3.63000000   135.00000000  -364.71674381     1.00000000  %MR
     3.26000000     4.05321809   135.00000000  -364.79314544     1.00000000  %MR
     3.26000000     4.63000000   135.00000000  -364.79280188     1.00000000  %MR
     3.26000000     5.13000000   135.00000000  -364.76341464     1.00000000  %MR
     3.26000000     5.65152000   135.00000000  -364.73215661     1.00000000  %MR
     3.26000000     6.63000000   135.00000000  -364.69662839     1.00000000  %MR
     3.26000000     7.63000000   135.00000000  -364.68560749     1.00000000  %MR
     3.26000000     8.63000000   135.00000000  -364.68360463     1.00000000  %MR
     3.26000000     9.63000000   135.00000000  -364.68285770     1.00000000  %MR
     3.26000000    10.63000000   135.00000000  -364.68252790     1.00000000  %MR
     3.26000000    11.63000000   135.00000000  -364.68237026     1.00000000  %MR
     3.26000000    14.13000000   135.00000000  -364.68222991     1.00000000  %MR
     3.26000000    16.63000000   135.00000000  -364.68219137     1.00000000  %MR


#135 SiC_C_POINTS_3.56_135.0/
#     3.56000000     4.28000000   135.00000000  -364.79421893     1.00000000  %CC
#     3.56000000     4.53000000   135.00000000  -364.79116039     1.00000000  %CC
     3.56000000     3.03000000   135.00000000  -364.27307764     1.00000000  %MR
     3.56000000     3.28000000   135.00000000  -364.51203000     1.00000000  %MR
     3.56000000     3.58000000   135.00000000  -364.68062467     1.00000000  %MR
     3.56000000     3.78000000   135.00000000  -364.74333623     1.00000000  %MR
     3.56000000     4.20321809   135.00000000  -364.79669202     1.00000000  %MR
     3.56000000     4.78000000   135.00000000  -364.78666616     1.00000000  %MR
     3.56000000     5.28000000   135.00000000  -364.75587672     1.00000000  %MR
     3.56000000     5.80152000   135.00000000  -364.72476290     1.00000000  %MR
     3.56000000     6.78000000   135.00000000  -364.68833244     1.00000000  %MR
     3.56000000     7.78000000   135.00000000  -364.67572841     1.00000000  %MR
     3.56000000     8.78000000   135.00000000  -364.67354861     1.00000000  %MR
     3.56000000     9.78000000   135.00000000  -364.67274813     1.00000000  %MR
     3.56000000    10.78000000   135.00000000  -364.67240203     1.00000000  %MR
     3.56000000    11.78000000   135.00000000  -364.67223676     1.00000000  %MR
     3.56000000    14.28000000   135.00000000  -364.67208824     1.00000000  %MR
     3.56000000    16.78000000   135.00000000  -364.67204818     1.00000000  %MR


#135 SiC_C_POINTS_3.86_135.0/
#     3.86000000     4.43000000   135.00000000  -364.78124513     1.00000000  %CC
#     3.86000000     4.68000000   135.00000000  -364.77335675     1.00000000  %CC
#     3.86000000     4.93000000   135.00000000  -364.75827358     1.00000000  %CC
     3.86000000     3.18000000   135.00000000  -364.39369875     1.00000000  %MR
     3.86000000     3.43000000   135.00000000  -364.57766233     1.00000000  %MR
     3.86000000     3.73000000   135.00000000  -364.70456846     1.00000000  %MR
     3.86000000     3.93000000   135.00000000  -364.75016885     1.00000000  %MR
     3.86000000     4.35321809   135.00000000  -364.78460896     1.00000000  %MR
     3.86000000     4.93000000   135.00000000  -364.76712313     1.00000000  %MR
     3.86000000     5.43000000   135.00000000  -364.73575269     1.00000000  %MR
     3.86000000     5.95152000   135.00000000  -364.70531467     1.00000000  %MR
     3.86000000     6.93000000   135.00000000  -364.66889967     1.00000000  %MR
     3.86000000     7.93000000   135.00000000  -364.65452117     1.00000000  %MR
     3.86000000     8.93000000   135.00000000  -364.65222385     1.00000000  %MR
     3.86000000     9.93000000   135.00000000  -364.65139125     1.00000000  %MR
     3.86000000    10.93000000   135.00000000  -364.65103424     1.00000000  %MR
     3.86000000    11.93000000   135.00000000  -364.65086442     1.00000000  %MR
     3.86000000    14.43000000   135.00000000  -364.65071333     1.00000000  %MR
     3.86000000    16.93000000   135.00000000  -364.65067037     1.00000000  %MR


#135 SiC_C_POINTS_4.15_135.0/
     4.15000000     3.32500000   135.00000000  -364.47994813     1.00000000  %MR
     4.15000000     3.57500000   135.00000000  -364.62056482     1.00000000  %MR
     4.15000000     3.87500000   135.00000000  -364.71490003     1.00000000  %MR
     4.15000000     4.07500000   135.00000000  -364.74706916     1.00000000  %MR
     4.15000000     4.49821809   135.00000000  -364.76668336     1.00000000  %MR
     4.15000000     5.07500000   135.00000000  -364.74363612     1.00000000  %MR
     4.15000000     5.57500000   135.00000000  -364.71211394     1.00000000  %MR
     4.15000000     6.09652000   135.00000000  -364.68248622     1.00000000  %MR
     4.15000000     7.07500000   135.00000000  -364.64702605     1.00000000  %MR
     4.15000000     8.07500000   135.00000000  -364.63107645     1.00000000  %MR
     4.15000000     9.07500000   135.00000000  -364.62872467     1.00000000  %MR
     4.15000000    10.07500000   135.00000000  -364.62787975     1.00000000  %MR
     4.15000000    11.07500000   135.00000000  -364.62751775     1.00000000  %MR
     4.15000000    12.07500000   135.00000000  -364.62734622     1.00000000  %MR
     4.15000000    14.57500000   135.00000000  -364.62719217     1.00000000  %MR
     4.15000000    17.07500000   135.00000000  -364.62714783     1.00000000  %MR

