#75 SiC_C_POINTS_2.8_75.0/
     2.80000000     2.57502577    75.00000000  -364.90122836     1.00000000  %CC
     2.80000000     2.82502577    75.00000000  -364.88739296     1.00000000  %CC
     2.80000000     3.07502577    75.00000000  -364.86150952     1.00000000  %CC
     2.80000000     3.32059031    75.00000000  -364.83140154     1.00000000  %CC
#     2.80000000     3.57502577    75.00000000  -364.80005685     1.00000000  %CC
#     2.80000000     3.77502577    75.00000000  -364.77818655     1.00000000  %CC
     2.80000000     1.32502577    75.00000000  -363.97626869     1.00000000  %MR
     2.80000000     1.57502577    75.00000000  -364.41543857     1.00000000  %MR
     2.80000000     1.87502577    75.00000000  -364.72270242     1.00000000  %MR
     2.80000000     2.07502577    75.00000000  -364.82901543     1.00000000  %MR
     2.80000000     2.49824386    75.00000000  -364.90130353     1.00000000  %MR
#     2.80000000     3.07502577    75.00000000  -364.86272191     1.00000000  %MR
#     2.80000000     3.57502577    75.00000000  -364.80125036     1.00000000  %MR
     2.80000000     4.09654577    75.00000000  -364.74361444     1.00000000  %MR
     2.80000000     5.07502577    75.00000000  -364.67586869     1.00000000  %MR
     2.80000000     6.07502577    75.00000000  -364.64531747     1.00000000  %MR
     2.80000000     7.07502577    75.00000000  -364.63731752     1.00000000  %MR
     2.80000000     8.07502577    75.00000000  -364.63519855     1.00000000  %MR
     2.80000000     9.07502577    75.00000000  -364.63454038     1.00000000  %MR
     2.80000000    10.07502577    75.00000000  -364.63430130     1.00000000  %MR
     2.80000000    12.57502577    75.00000000  -364.63414380     1.00000000  %MR
     2.80000000    15.07502577    75.00000000  -364.63411170     1.00000000  %MR


#75 SiC_C_POINTS_2.96_75.0/
     2.96000000     2.57931296    75.00000000  -364.93798707     1.00000000  %CC
     2.96000000     2.82931296    75.00000000  -364.92034319     1.00000000  %CC
     2.96000000     3.07931296    75.00000000  -364.89297741     1.00000000  %CC
     2.96000000     3.32487750    75.00000000  -364.86268181     1.00000000  %CC
     2.96000000     3.57931296    75.00000000  -364.83151379     1.00000000  %CC
#     2.96000000     3.77931296    75.00000000  -364.80914825     1.00000000  %CC
#     2.96000000     4.07931296    75.00000000  -364.78352409     1.00000000  %CC
     2.96000000     1.32931296    75.00000000  -364.18066584     1.00000000  %MR
     2.96000000     1.57931296    75.00000000  -364.54481178     1.00000000  %MR
     2.96000000     1.87931296    75.00000000  -364.80015954     1.00000000  %MR
     2.96000000     2.07931296    75.00000000  -364.88720612     1.00000000  %MR
     2.96000000     2.50253105    75.00000000  -364.93991241     1.00000000  %MR
#     2.96000000     3.07931296    75.00000000  -364.89413930     1.00000000  %MR
#     2.96000000     3.57931296    75.00000000  -364.83264077     1.00000000  %MR
     2.96000000     4.10083296    75.00000000  -364.77528008     1.00000000  %MR
     2.96000000     5.07931296    75.00000000  -364.70677725     1.00000000  %MR
     2.96000000     6.07931296    75.00000000  -364.67596569     1.00000000  %MR
     2.96000000     7.07931296    75.00000000  -364.66789804     1.00000000  %MR
     2.96000000     8.07931296    75.00000000  -364.66577594     1.00000000  %MR
     2.96000000     9.07931296    75.00000000  -364.66511115     1.00000000  %MR
     2.96000000    10.07931296    75.00000000  -364.66486795     1.00000000  %MR
     2.96000000    12.57931296    75.00000000  -364.66470899     1.00000000  %MR
     2.96000000    15.07931296    75.00000000  -364.66467686     1.00000000  %MR


#75 SiC_C_POINTS_3.26_75.0/
     3.26000000     2.58735144    75.00000000  -364.96636408     1.00000000  %CC
     3.26000000     2.83735144    75.00000000  -364.94149493     1.00000000  %CC
     3.26000000     3.08735144    75.00000000  -364.91081497     1.00000000  %CC
     3.26000000     3.33291598    75.00000000  -364.87969959     1.00000000  %CC
     3.26000000     3.58735144    75.00000000  -364.84859230     1.00000000  %CC
#     3.26000000     3.78735144    75.00000000  -364.82558763     1.00000000  %CC
#     3.26000000     4.08735144    75.00000000  -364.79530080     1.00000000  %CC
     3.26000000     1.33735144    75.00000000  -364.47468906     1.00000000  %MR
     3.26000000     1.58735144    75.00000000  -364.72381887     1.00000000  %MR
     3.26000000     1.88735144    75.00000000  -364.89673967     1.00000000  %MR
     3.26000000     2.08735144    75.00000000  -364.95217831     1.00000000  %MR
     3.26000000     2.51056953    75.00000000  -364.97168433     1.00000000  %MR
#     3.26000000     3.08735144    75.00000000  -364.91201701     1.00000000  %MR
#     3.26000000     3.58735144    75.00000000  -364.85009769     1.00000000  %MR
     3.26000000     4.10887144    75.00000000  -364.79391740     1.00000000  %MR
     3.26000000     5.08735144    75.00000000  -364.72488705     1.00000000  %MR
     3.26000000     6.08735144    75.00000000  -364.69378580     1.00000000  %MR
     3.26000000     7.08735144    75.00000000  -364.68540661     1.00000000  %MR
     3.26000000     8.08735144    75.00000000  -364.68329392     1.00000000  %MR
     3.26000000     9.08735144    75.00000000  -364.68262091     1.00000000  %MR
     3.26000000    10.08735144    75.00000000  -364.68237400     1.00000000  %MR
     3.26000000    12.58735144    75.00000000  -364.68221008     1.00000000  %MR
     3.26000000    15.08735144    75.00000000  -364.68217782     1.00000000  %MR


#75 SiC_C_POINTS_3.56_75.0/
     3.56000000     2.59538991    75.00000000  -364.96522286     1.00000000  %CC
     3.56000000     2.84538991    75.00000000  -364.93372993     1.00000000  %CC
     3.56000000     3.09538991    75.00000000  -364.89944527     1.00000000  %CC
     3.56000000     3.34095445    75.00000000  -364.86702520     1.00000000  %CC
     3.56000000     3.59538991    75.00000000  -364.83583579     1.00000000  %CC
#     3.56000000     3.79538991    75.00000000  -364.81277671     1.00000000  %CC
#     3.56000000     4.09538991    75.00000000  -364.78138730     1.00000000  %CC
     3.56000000     1.34538991    75.00000000  -364.68032063     1.00000000  %MR
     3.56000000     1.59538991    75.00000000  -364.84322358     1.00000000  %MR
     3.56000000     1.89538991    75.00000000  -364.95191981     1.00000000  %MR
     3.56000000     2.09538991    75.00000000  -364.98188885     1.00000000  %MR
     3.56000000     2.51860800    75.00000000  -364.97375605     1.00000000  %MR
#     3.56000000     3.09538991    75.00000000  -364.90084648     1.00000000  %MR
#     3.56000000     3.59538991    75.00000000  -364.83790767     1.00000000  %MR
     3.56000000     4.11690991    75.00000000  -364.78331417     1.00000000  %MR
     3.56000000     5.09538991    75.00000000  -364.71518604     1.00000000  %MR
     3.56000000     6.09538991    75.00000000  -364.68492309     1.00000000  %MR
     3.56000000     7.09538991    75.00000000  -364.67523540     1.00000000  %MR
     3.56000000     8.09538991    75.00000000  -364.67315700     1.00000000  %MR
     3.56000000     9.09538991    75.00000000  -364.67248101     1.00000000  %MR
     3.56000000    10.09538991    75.00000000  -364.67222998     1.00000000  %MR
     3.56000000    12.59538991    75.00000000  -364.67206468     1.00000000  %MR
     3.56000000    15.09538991    75.00000000  -364.67203157     1.00000000  %MR


#75 SiC_C_POINTS_3.86_75.0/
     3.86000000     2.60342839    75.00000000  -364.95013965     1.00000000  %CC
     3.86000000     2.85342839    75.00000000  -364.91331377     1.00000000  %CC
     3.86000000     3.10342839    75.00000000  -364.87563469     1.00000000  %CC
     3.86000000     3.34899293    75.00000000  -364.84152654     1.00000000  %CC
#     3.86000000     3.60342839    75.00000000  -364.81002110     1.00000000  %CC
#     3.86000000     3.80342839    75.00000000  -364.78717882     1.00000000  %CC
#     3.86000000     4.10342839    75.00000000  -364.75599094     1.00000000  %CC
     3.86000000     1.35342839    75.00000000  -364.82098614     1.00000000  %MR
     3.86000000     1.60342839    75.00000000  -364.92085606     1.00000000  %MR
     3.86000000     1.90342839    75.00000000  -364.98093686     1.00000000  %MR
     3.86000000     2.10342839    75.00000000  -364.99112210     1.00000000  %MR
     3.86000000     2.52664648    75.00000000  -364.96099930     1.00000000  %MR
#     3.86000000     3.10342839    75.00000000  -364.87722226     1.00000000  %MR
#     3.86000000     3.60342839    75.00000000  -364.81276368     1.00000000  %MR
     3.86000000     4.12494839    75.00000000  -364.75979797     1.00000000  %MR
     3.86000000     5.10342839    75.00000000  -364.69389472     1.00000000  %MR
     3.86000000     6.10342839    75.00000000  -364.66374860     1.00000000  %MR
     3.86000000     7.10342839    75.00000000  -364.65379370     1.00000000  %MR
     3.86000000     8.10342839    75.00000000  -364.65177396     1.00000000  %MR
     3.86000000     9.10342839    75.00000000  -364.65110284     1.00000000  %MR
     3.86000000    10.10342839    75.00000000  -364.65085011     1.00000000  %MR
     3.86000000    12.60342839    75.00000000  -364.65068356     1.00000000  %MR
     3.86000000    15.10342839    75.00000000  -364.65065122     1.00000000  %MR


#75 SiC_C_POINTS_4.15_75.0/
     4.15000000     2.61119891    75.00000000  -364.92948449     1.00000000  %CC
     4.15000000     2.86119891    75.00000000  -364.88924343     1.00000000  %CC
     4.15000000     3.11119891    75.00000000  -364.84909942     1.00000000  %CC
#     4.15000000     3.35676345    75.00000000  -364.81329238     1.00000000  %CC
#     4.15000000     3.61119891    75.00000000  -364.78098734     1.00000000  %CC
#     4.15000000     3.81119891    75.00000000  -364.75833907     1.00000000  %CC
#     4.15000000     4.11119891    75.00000000  -364.72776967     1.00000000  %CC
     4.15000000     1.36119891    75.00000000  -364.90776593     1.00000000  %MR
     4.15000000     1.61119891    75.00000000  -364.96452617     1.00000000  %MR
     4.15000000     1.91119891    75.00000000  -364.99077055     1.00000000  %MR
     4.15000000     2.11119891    75.00000000  -364.98702364     1.00000000  %MR
     4.15000000     2.53441701    75.00000000  -364.94198890     1.00000000  %MR
#     4.15000000     3.11119891    75.00000000  -364.85108435     1.00000000  %MR
#     4.15000000     3.61119891    75.00000000  -364.78444167     1.00000000  %MR
     4.15000000     4.13271891    75.00000000  -364.73286993     1.00000000  %MR
     4.15000000     5.11119891    75.00000000  -364.66984189     1.00000000  %MR
     4.15000000     6.11119891    75.00000000  -364.64016197     1.00000000  %MR
     4.15000000     7.11119891    75.00000000  -364.63018436     1.00000000  %MR
     4.15000000     8.11119891    75.00000000  -364.62823858     1.00000000  %MR
     4.15000000     9.11119891    75.00000000  -364.62757718     1.00000000  %MR
     4.15000000    10.11119891    75.00000000  -364.62732573     1.00000000  %MR
     4.15000000    12.61119891    75.00000000  -364.62715872     1.00000000  %MR
     4.15000000    15.11119891    75.00000000  -364.62712677     1.00000000  %MR

