#112.5 SiC_C_POINTS_2.8_112.5/
     2.80000000     2.91005051   112.50000000  -364.65591787     1.00000000  %CC
     2.80000000     3.16005051   112.50000000  -364.71482532     1.00000000  %CC
     2.80000000     3.41005051   112.50000000  -364.73971527     1.00000000  %CC
     2.80000000     3.65561504   112.50000000  -364.74443731     1.00000000  %CC
     2.80000000     3.91005051   112.50000000  -364.73898520     1.00000000  %CC
     #2.80000000     4.11005051   112.50000000  -364.73298022     1.00000000  %CC
     #2.80000000     1.66005051   112.50000000  -363.22077980     1.00000000  %MR
     #2.80000000     1.91005051   112.50000000  -363.69937151     1.00000000  %MR
     2.80000000     2.21005051   112.50000000  -364.16489356     1.00000000  %MR
     2.80000000     2.41005051   112.50000000  -364.37172925     1.00000000  %MR
     2.80000000     2.83326860   112.50000000  -364.63202637     1.00000000  %MR
     #2.80000000     3.41005051   112.50000000  -364.74431260     1.00000000  %MR
     #2.80000000     3.91005051   112.50000000  -364.74252460     1.00000000  %MR
     2.80000000     4.43157051   112.50000000  -364.71533207     1.00000000  %MR
     2.80000000     5.41005051   112.50000000  -364.66753630     1.00000000  %MR
     2.80000000     6.41005051   112.50000000  -364.64275632     1.00000000  %MR
     2.80000000     7.41005051   112.50000000  -364.63682799     1.00000000  %MR
     2.80000000     8.41005051   112.50000000  -364.63520378     1.00000000  %MR
     2.80000000     9.41005051   112.50000000  -364.63461475     1.00000000  %MR
     2.80000000    10.41005051   112.50000000  -364.63436330     1.00000000  %MR
     2.80000000    12.91005051   112.50000000  -364.63416658     1.00000000  %MR
     2.80000000    15.41005051   112.50000000  -364.63412147     1.00000000  %MR


#112.5 SiC_C_POINTS_2.96_112.5/
     2.96000000     2.93348196   112.50000000  -364.70189505     1.00000000  %CC
     2.96000000     3.18348196   112.50000000  -364.75537710     1.00000000  %CC
     2.96000000     3.43348196   112.50000000  -364.77731557     1.00000000  %CC
     2.96000000     3.67904650   112.50000000  -364.78018249     1.00000000  %CC
     2.96000000     3.93348196   112.50000000  -364.77271324     1.00000000  %CC
     #2.96000000     4.13348196   112.50000000  -364.76409352     1.00000000  %CC
     #2.96000000     1.68348196   112.50000000  -363.42879560     1.00000000  %MR
     2.96000000     1.93348196   112.50000000  -363.85426985     1.00000000  %MR
     2.96000000     2.23348196   112.50000000  -364.26316309     1.00000000  %MR
     2.96000000     2.43348196   112.50000000  -364.44754385     1.00000000  %MR
     2.96000000     2.85670005   112.50000000  -364.68067691     1.00000000  %MR
     #2.96000000     3.43348196   112.50000000  -364.78211508     1.00000000  %MR
     #2.96000000     3.93348196   112.50000000  -364.77744477     1.00000000  %MR
     2.96000000     4.45500196   112.50000000  -364.74815672     1.00000000  %MR
     2.96000000     5.43348196   112.50000000  -364.69854088     1.00000000  %MR
     2.96000000     6.43348196   112.50000000  -364.67349333     1.00000000  %MR
     2.96000000     7.43348196   112.50000000  -364.66748696     1.00000000  %MR
     2.96000000     8.43348196   112.50000000  -364.66581147     1.00000000  %MR
     2.96000000     9.43348196   112.50000000  -364.66519942     1.00000000  %MR
     2.96000000    10.43348196   112.50000000  -364.66493957     1.00000000  %MR
     2.96000000    12.93348196   112.50000000  -364.66473566     1.00000000  %MR
     2.96000000    15.43348196   112.50000000  -364.66468873     1.00000000  %MR


#112.5 SiC_C_POINTS_3.26_112.5/
     3.26000000     2.97741595   112.50000000  -364.74606478     1.00000000  %CC
     3.26000000     3.22741595   112.50000000  -364.78930590     1.00000000  %CC
     3.26000000     3.47741595   112.50000000  -364.80585137     1.00000000  %CC
     3.26000000     3.72298049   112.50000000  -364.80573743     1.00000000  %CC
     3.26000000     3.97741595   112.50000000  -364.79594861     1.00000000  %CC
     #3.26000000     4.17741595   112.50000000  -364.78504537     1.00000000  %CC
     3.26000000     1.72741595   112.50000000  -363.75705680     1.00000000  %MR
     3.26000000     1.97741595   112.50000000  -364.09074701     1.00000000  %MR
     3.26000000     2.27741595   112.50000000  -364.40271283     1.00000000  %MR
     3.26000000     2.47741595   112.50000000  -364.54702609     1.00000000  %MR
     3.26000000     2.90063404   112.50000000  -364.72986633     1.00000000  %MR
     #3.26000000     3.47741595   112.50000000  -364.81115501     1.00000000  %MR
     #3.26000000     3.97741595   112.50000000  -364.80211863     1.00000000  %MR
     3.26000000     4.49893595   112.50000000  -364.77075223     1.00000000  %MR
     3.26000000     5.47741595   112.50000000  -364.71824706     1.00000000  %MR
     3.26000000     6.47741595   112.50000000  -364.69179472     1.00000000  %MR
     3.26000000     7.47741595   112.50000000  -364.68516642     1.00000000  %MR
     3.26000000     8.47741595   112.50000000  -364.68338683     1.00000000  %MR
     3.26000000     9.47741595   112.50000000  -364.68273557     1.00000000  %MR
     3.26000000    10.47741595   112.50000000  -364.68245981     1.00000000  %MR
     3.26000000    12.97741595   112.50000000  -364.68224369     1.00000000  %MR
     3.26000000    15.47741595   112.50000000  -364.68219345     1.00000000  %MR


#112.5 SiC_C_POINTS_3.56_112.5/
     3.56000000     3.02134993   112.50000000  -364.76040145     1.00000000  %CC
     3.56000000     3.27134993   112.50000000  -364.79272446     1.00000000  %CC
     3.56000000     3.52134993   112.50000000  -364.80380319     1.00000000  %CC
     3.56000000     3.76691447   112.50000000  -364.80086263     1.00000000  %CC
     #3.56000000     4.02134993   112.50000000  -364.78926625     1.00000000  %CC
     #3.56000000     4.22134993   112.50000000  -364.77709865     1.00000000  %CC
     #3.56000000     4.52134993   112.50000000  -364.75820879     1.00000000  %CC
     #3.56000000     1.77134993   112.50000000  -364.02181519     1.00000000  %MR
     3.56000000     2.02134993   112.50000000  -364.27288269     1.00000000  %MR
     3.56000000     2.32134993   112.50000000  -364.50513273     1.00000000  %MR
     3.56000000     2.52134993   112.50000000  -364.61334314     1.00000000  %MR
     3.56000000     2.94456802   112.50000000  -364.74881636     1.00000000  %MR
     #3.56000000     3.52134993   112.50000000  -364.80989144     1.00000000  %MR
     #3.56000000     4.02134993   112.50000000  -364.79705672     1.00000000  %MR
     3.56000000     4.54286993   112.50000000  -364.76491722     1.00000000  %MR
     3.56000000     5.52134993   112.50000000  -364.71104210     1.00000000  %MR
     3.56000000     6.52134993   112.50000000  -364.68422581     1.00000000  %MR
     3.56000000     7.52134993   112.50000000  -364.67517624     1.00000000  %MR
     3.56000000     8.52134993   112.50000000  -364.67330305     1.00000000  %MR
     3.56000000     9.52134993   112.50000000  -364.67261977     1.00000000  %MR
     3.56000000    10.52134993   112.50000000  -364.67233039     1.00000000  %MR
     3.56000000    13.02134993   112.50000000  -364.67210409     1.00000000  %MR
     3.56000000    15.52134993   112.50000000  -364.67205003     1.00000000  %MR


#112.5 SiC_C_POINTS_3.86_112.5/
     3.86000000     1.81528391   112.50000000  -364.23194326     1.00000000  %MR
     3.86000000     2.06528391   112.50000000  -364.41372410     1.00000000  %MR
     3.86000000     2.36528391   112.50000000  -364.58184577     1.00000000  %MR
     3.86000000     2.56528391   112.50000000  -364.66026742     1.00000000  %MR
     3.86000000     2.98850200   112.50000000  -364.75488931     1.00000000  %MR
     3.86000000     3.56528391   112.50000000  -364.79502355     1.00000000  %MR
     3.86000000     4.06528391   112.50000000  -364.77861442     1.00000000  %MR
     3.86000000     4.58680391   112.50000000  -364.74623402     1.00000000  %MR
     3.86000000     5.56528391   112.50000000  -364.69243847     1.00000000  %MR
     3.86000000     6.56528391   112.50000000  -364.66416921     1.00000000  %MR
     3.86000000     7.56528391   112.50000000  -364.65391278     1.00000000  %MR
     3.86000000     8.56528391   112.50000000  -364.65197085     1.00000000  %MR
     3.86000000     9.56528391   112.50000000  -364.65126292     1.00000000  %MR
     3.86000000    10.56528391   112.50000000  -364.65096353     1.00000000  %MR
     3.86000000    13.06528391   112.50000000  -364.65072803     1.00000000  %MR
     3.86000000    15.56528391   112.50000000  -364.65067233     1.00000000  %MR


#112.5 SiC_C_POINTS_4.15_112.5/
     4.15000000     1.85775343   112.50000000  -364.38961061     1.00000000  %MR
     4.15000000     2.10775343   112.50000000  -364.51799141     1.00000000  %MR
     4.15000000     2.40775343   112.50000000  -364.63729202     1.00000000  %MR
     4.15000000     2.60775343   112.50000000  -364.69264742     1.00000000  %MR
     4.15000000     3.03097152   112.50000000  -364.75602210     1.00000000  %MR
     4.15000000     3.60775343   112.50000000  -364.77587819     1.00000000  %MR
     4.15000000     4.10775343   112.50000000  -364.75614550     1.00000000  %MR
     4.15000000     4.62927343   112.50000000  -364.72373216     1.00000000  %MR
     4.15000000     5.60775343   112.50000000  -364.67084187     1.00000000  %MR
     4.15000000     6.60775343   112.50000000  -364.64185021     1.00000000  %MR
     4.15000000     7.60775343   112.50000000  -364.63045960     1.00000000  %MR
     4.15000000     8.60775343   112.50000000  -364.62848113     1.00000000  %MR
     4.15000000     9.60775343   112.50000000  -364.62775824     1.00000000  %MR
     4.15000000    10.60775343   112.50000000  -364.62745074     1.00000000  %MR
     4.15000000    13.10775343   112.50000000  -364.62720801     1.00000000  %MR
     4.15000000    15.60775343   112.50000000  -364.62715026     1.00000000  %MR

