#127.5 SiC_C_POINTS_2.8_127.5/
     #2.80000000     3.53765334   127.50000000  -364.69823024     1.00000000  %CC
     2.80000000     3.78765334   127.50000000  -364.72890044     1.00000000  %CC
     2.80000000     4.03765334   127.50000000  -364.73729248     1.00000000  %CC
     2.80000000     4.28321788   127.50000000  -364.73486574     1.00000000  %CC
     2.80000000     2.28765334   127.50000000  -363.44813797     1.00000000  %MR
     2.80000000     2.53765334   127.50000000  -363.93386942     1.00000000  %MR
     2.80000000     2.83765334   127.50000000  -364.33330421     1.00000000  %MR
     2.80000000     3.03765334   127.50000000  -364.50282448     1.00000000  %MR
     2.80000000     3.46087143   127.50000000  -364.68698520     1.00000000  %MR
     #2.80000000     4.03765334   127.50000000  -364.74139152     1.00000000  %MR
     2.80000000     4.53765334   127.50000000  -364.72472060     1.00000000  %MR
     2.80000000     5.05917334   127.50000000  -364.69564654     1.00000000  %MR
     2.80000000     6.03765334   127.50000000  -364.65390365     1.00000000  %MR
     2.80000000     7.03765334   127.50000000  -364.63850810     1.00000000  %MR
     2.80000000     8.03765334   127.50000000  -364.63573432     1.00000000  %MR
     2.80000000     9.03765334   127.50000000  -364.63485752     1.00000000  %MR
     2.80000000    10.03765334   127.50000000  -364.63448254     1.00000000  %MR
     2.80000000    11.03765334   127.50000000  -364.63430700     1.00000000  %MR
     2.80000000    13.53765334   127.50000000  -364.63415749     1.00000000  %MR
     2.80000000    16.03765334   127.50000000  -364.63411972     1.00000000  %MR


#127.5 SiC_C_POINTS_2.96_127.5/
     #2.96000000     3.59694781   127.50000000  -364.74207403     1.00000000  %CC
     2.96000000     3.84694781   127.50000000  -364.76781005     1.00000000  %CC
     2.96000000     4.09694781   127.50000000  -364.77302132     1.00000000  %CC
     2.96000000     4.34251235   127.50000000  -364.76788899     1.00000000  %CC
     2.96000000     2.34694781   127.50000000  -363.61442162     1.00000000  %MR
     2.96000000     2.59694781   127.50000000  -364.05879791     1.00000000  %MR
     2.96000000     2.89694781   127.50000000  -364.41728531     1.00000000  %MR
     2.96000000     3.09694781   127.50000000  -364.56905931     1.00000000  %MR
     2.96000000     3.52016590   127.50000000  -364.73296488     1.00000000  %MR
     #2.96000000     4.09694781   127.50000000  -364.77761123     1.00000000  %MR
     2.96000000     4.59694781   127.50000000  -364.75773737     1.00000000  %MR
     2.96000000     5.11846781   127.50000000  -364.72665909     1.00000000  %MR
     2.96000000     6.09694781   127.50000000  -364.68462862     1.00000000  %MR
     2.96000000     7.09694781   127.50000000  -364.66921165     1.00000000  %MR
     2.96000000     8.09694781   127.50000000  -364.66638744     1.00000000  %MR
     2.96000000     9.09694781   127.50000000  -364.66545816     1.00000000  %MR
     2.96000000    10.09694781   127.50000000  -364.66506579     1.00000000  %MR
     2.96000000    11.09694781   127.50000000  -364.66488342     1.00000000  %MR
     2.96000000    13.59694781   127.50000000  -364.66472730     1.00000000  %MR
     2.96000000    16.09694781   127.50000000  -364.66468734     1.00000000  %MR


#127.5 SiC_C_POINTS_3.26_127.5/
     #3.26000000     3.70812496   127.50000000  -364.78073812     1.00000000  %CC
     3.26000000     3.95812496   127.50000000  -364.79820482     1.00000000  %CC
     3.26000000     4.20812496   127.50000000  -364.79839777     1.00000000  %CC
     3.26000000     4.45368950   127.50000000  -364.79002463     1.00000000  %CC
     3.26000000     2.45812496   127.50000000  -363.87410928     1.00000000  %MR
     3.26000000     2.70812496   127.50000000  -364.23631057     1.00000000  %MR
     3.26000000     3.00812496   127.50000000  -364.52479178     1.00000000  %MR
     3.26000000     3.20812496   127.50000000  -364.64610244     1.00000000  %MR
     3.26000000     3.63134305   127.50000000  -364.77521801     1.00000000  %MR
     #3.26000000     4.20812496   127.50000000  -364.80390338     1.00000000  %MR
     3.26000000     4.70812496   127.50000000  -364.78008056     1.00000000  %MR
     3.26000000     5.22964496   127.50000000  -364.74727305     1.00000000  %MR
     3.26000000     6.20812496   127.50000000  -364.70377488     1.00000000  %MR
     3.26000000     7.20812496   127.50000000  -364.68708118     1.00000000  %MR
     3.26000000     8.20812496   127.50000000  -364.68403660     1.00000000  %MR
     3.26000000     9.20812496   127.50000000  -364.68302087     1.00000000  %MR
     3.26000000    10.20812496   127.50000000  -364.68259829     1.00000000  %MR
     3.26000000    11.20812496   127.50000000  -364.68240303     1.00000000  %MR
     3.26000000    13.70812496   127.50000000  -364.68223603     1.00000000  %MR
     3.26000000    16.20812496   127.50000000  -364.68219265     1.00000000  %MR


#127.5 SiC_C_POINTS_3.56_127.5/
     #3.56000000     3.81930210   127.50000000  -364.78740214     1.00000000  %CC
     #3.56000000     4.06930210   127.50000000  -364.79745515     1.00000000  %CC
     #3.56000000     4.31930210   127.50000000  -364.79300783     1.00000000  %CC
     #3.56000000     4.56486664   127.50000000  -364.78162469     1.00000000  %CC
     #3.56000000     4.81930210   127.50000000  -364.76769763     1.00000000  %CC
     3.56000000     2.56930210   127.50000000  -364.07442780     1.00000000  %MR
     3.56000000     2.81930210   127.50000000  -364.36415340     1.00000000  %MR
     3.56000000     3.11930210   127.50000000  -364.59166601     1.00000000  %MR
     3.56000000     3.31930210   127.50000000  -364.68628226     1.00000000  %MR
     3.56000000     3.74252019   127.50000000  -364.78473206     1.00000000  %MR
     3.56000000     4.31930210   127.50000000  -364.79986199     1.00000000  %MR
     3.56000000     4.81930210   127.50000000  -364.77355305     1.00000000  %MR
     3.56000000     5.34082210   127.50000000  -364.74045950     1.00000000  %MR
     3.56000000     6.31930210   127.50000000  -364.69600596     1.00000000  %MR
     3.56000000     7.31930210   127.50000000  -364.67729735     1.00000000  %MR
     3.56000000     8.31930210   127.50000000  -364.67400880     1.00000000  %MR
     3.56000000     9.31930210   127.50000000  -364.67292168     1.00000000  %MR
     3.56000000    10.31930210   127.50000000  -364.67247624     1.00000000  %MR
     3.56000000    11.31930210   127.50000000  -364.67227137     1.00000000  %MR
     3.56000000    13.81930210   127.50000000  -364.67209473     1.00000000  %MR
     3.56000000    16.31930210   127.50000000  -364.67204965     1.00000000  %MR


#127.5 SiC_C_POINTS_3.86_127.5/
     #3.86000000     3.93047924   127.50000000  -364.77961339     1.00000000  %CC
     #3.86000000     4.18047924   127.50000000  -364.78285836     1.00000000  %CC
     #3.86000000     4.43047924   127.50000000  -364.77424482     1.00000000  %CC
     #3.86000000     4.67604378   127.50000000  -364.75932159     1.00000000  %CC
     #3.86000000     4.93047924   127.50000000  -364.74301895     1.00000000  %CC
     3.86000000     2.68047924   127.50000000  -364.23242188     1.00000000  %MR
     3.86000000     2.93047924   127.50000000  -364.45907639     1.00000000  %MR
     3.86000000     3.23047924   127.50000000  -364.63472495     1.00000000  %MR
     3.86000000     3.43047924   127.50000000  -364.70654782     1.00000000  %MR
     3.86000000     3.85369733   127.50000000  -364.77846841     1.00000000  %MR
     3.86000000     4.43047924   127.50000000  -364.78209036     1.00000000  %MR
     3.86000000     4.93047924   127.50000000  -364.75409833     1.00000000  %MR
     3.86000000     5.45199924   127.50000000  -364.72132241     1.00000000  %MR
     3.86000000     6.43047924   127.50000000  -364.67705307     1.00000000  %MR
     3.86000000     7.43047924   127.50000000  -364.65621068     1.00000000  %MR
     3.86000000     8.43047924   127.50000000  -364.65270849     1.00000000  %MR
     3.86000000     9.43047924   127.50000000  -364.65157474     1.00000000  %MR
     3.86000000    10.43047924   127.50000000  -364.65111352     1.00000000  %MR
     3.86000000    11.43047924   127.50000000  -364.65090123     1.00000000  %MR
     3.86000000    13.93047924   127.50000000  -364.65072033     1.00000000  %MR
     3.86000000    16.43047924   127.50000000  -364.65067194     1.00000000  %MR


#127.5 SiC_C_POINTS_4.15_127.5/
     4.15000000     2.78795048   127.50000000  -364.35333689     1.00000000  %MR
     4.15000000     3.03795048   127.50000000  -364.52825228     1.00000000  %MR
     4.15000000     3.33795048   127.50000000  -364.66216899     1.00000000  %MR
     4.15000000     3.53795048   127.50000000  -364.71563913     1.00000000  %MR
     4.15000000     3.96116857   127.50000000  -364.76581987     1.00000000  %MR
     4.15000000     4.53795048   127.50000000  -364.76005994     1.00000000  %MR
     4.15000000     5.03795048   127.50000000  -364.73090998     1.00000000  %MR
     4.15000000     5.55947048   127.50000000  -364.69865869     1.00000000  %MR
     4.15000000     6.53795048   127.50000000  -364.65534552     1.00000000  %MR
     4.15000000     7.53795048   127.50000000  -364.63286760     1.00000000  %MR
     4.15000000     8.53795048   127.50000000  -364.62923016     1.00000000  %MR
     4.15000000     9.53795048   127.50000000  -364.62807138     1.00000000  %MR
     4.15000000    10.53795048   127.50000000  -364.62760186     1.00000000  %MR
     4.15000000    11.53795048   127.50000000  -364.62738556     1.00000000  %MR
     4.15000000    14.03795048   127.50000000  -364.62719978     1.00000000  %MR
     4.15000000    16.53795048   127.50000000  -364.62714970     1.00000000  %MR

