#15 SiC_C_POINTS_2.8_15.0/
     2.80000000     3.54497423    15.00000000  -364.92571601     1.00000000  %CC
     2.80000000     3.79497423    15.00000000  -364.94309965     1.00000000  %CC
     2.80000000     4.04497423    15.00000000  -364.92158110     1.00000000  %CC
     2.80000000     4.29053876    15.00000000  -364.88440597     1.00000000  %CC
     2.80000000     4.54497423    15.00000000  -364.84111015     1.00000000  %CC
#     2.80000000     4.74497423    15.00000000  -364.80783877     1.00000000  %CC
#     2.80000000     5.04497423    15.00000000  -364.76309641     1.00000000  %CC
#     2.80000000     5.45010923    15.00000000  -364.71946731     1.00000000  %CC
#     2.80000000     2.29497423    15.00000000  -360.89196446     1.00000000  %MR
#     2.80000000     2.54497423    15.00000000  -362.85973337     1.00000000  %MR
     2.80000000     2.84497423    15.00000000  -364.14310956     1.00000000  %MR
     2.80000000     3.04497423    15.00000000  -364.56580635     1.00000000  %MR
     2.80000000     3.46819232    15.00000000  -364.90674342     1.00000000  %MR
#     2.80000000     4.04497423    15.00000000  -364.92319109     1.00000000  %MR
#     2.80000000     4.54497423    15.00000000  -364.84401175     1.00000000  %MR
     2.80000000     5.06649423    15.00000000  -364.76444365     1.00000000  %MR
     2.80000000     6.04497423    15.00000000  -364.67009972     1.00000000  %MR
     2.80000000     7.04497423    15.00000000  -364.64189822     1.00000000  %MR
     2.80000000     8.04497423    15.00000000  -364.63608434     1.00000000  %MR
     2.80000000     9.04497423    15.00000000  -364.63468805     1.00000000  %MR
     2.80000000    10.04497423    15.00000000  -364.63429951     1.00000000  %MR
     2.80000000    11.04497423    15.00000000  -364.63417914     1.00000000  %MR
     2.80000000    13.54497423    15.00000000  -364.63410568     1.00000000  %MR
     2.80000000    16.04497423    15.00000000  -364.63409974     1.00000000  %MR


#15 SiC_C_POINTS_2.96_15.0/
     2.96000000     3.60468704    15.00000000  -364.95110079     1.00000000  %CC
     2.96000000     3.85468704    15.00000000  -364.97203420     1.00000000  %CC
     2.96000000     4.10468704    15.00000000  -364.95234335     1.00000000  %CC
     2.96000000     4.35025158    15.00000000  -364.91606337     1.00000000  %CC
     2.96000000     4.60468704    15.00000000  -364.87322124     1.00000000  %CC
#     2.96000000     4.80468704    15.00000000  -364.84013465     1.00000000  %CC
#     2.96000000     5.10468704    15.00000000  -364.79544366     1.00000000  %CC
#     2.96000000     5.50982204    15.00000000  -364.75248888     1.00000000  %CC
#     2.96000000     2.35468704    15.00000000  -360.84637493     1.00000000  %MR
#     2.96000000     2.60468704    15.00000000  -362.83422028     1.00000000  %MR
     2.96000000     2.90468704    15.00000000  -364.13429448     1.00000000  %MR
     2.96000000     3.10468704    15.00000000  -364.57270925     1.00000000  %MR
     2.96000000     3.52790513    15.00000000  -364.93064024     1.00000000  %MR
#     2.96000000     4.10468704    15.00000000  -364.95399621     1.00000000  %MR
#     2.96000000     4.60468704    15.00000000  -364.87607513     1.00000000  %MR
     2.96000000     5.12620704    15.00000000  -364.79663382     1.00000000  %MR
     2.96000000     6.10468704    15.00000000  -364.70460230     1.00000000  %MR
     2.96000000     7.10468704    15.00000000  -364.67256484     1.00000000  %MR
     2.96000000     8.10468704    15.00000000  -364.66668082     1.00000000  %MR
     2.96000000     9.10468704    15.00000000  -364.66526838     1.00000000  %MR
     2.96000000    10.10468704    15.00000000  -364.66487140     1.00000000  %MR
     2.96000000    11.10468704    15.00000000  -364.66474564     1.00000000  %MR
     2.96000000    13.60468704    15.00000000  -364.66467207     1.00000000  %MR
     2.96000000    16.10468704    15.00000000  -364.66466339     1.00000000  %MR


#15 SiC_C_POINTS_3.26_15.0/
     3.26000000     3.71664856    15.00000000  -364.95696668     1.00000000  %CC
     3.26000000     3.96664856    15.00000000  -364.98473923     1.00000000  %CC
     3.26000000     4.21664856    15.00000000  -364.96872291     1.00000000  %CC
     3.26000000     4.46221310    15.00000000  -364.93437483     1.00000000  %CC
     3.26000000     4.71664856    15.00000000  -364.89263450     1.00000000  %CC
#     3.26000000     4.91664856    15.00000000  -364.86007101     1.00000000  %CC
#     3.26000000     5.21664856    15.00000000  -364.81565468     1.00000000  %CC
#     3.26000000     5.62178356    15.00000000  -364.77162789     1.00000000  %CC
     3.26000000     2.46664856    15.00000000  -360.74116073     1.00000000  %MR
     3.26000000     2.71664856    15.00000000  -362.75561877     1.00000000  %MR
     3.26000000     3.01664856    15.00000000  -364.08193048     1.00000000  %MR
     3.26000000     3.21664856    15.00000000  -364.54454191     1.00000000  %MR
     3.26000000     3.63986665    15.00000000  -364.93437105     1.00000000  %MR
#     3.26000000     4.21664856    15.00000000  -364.97060781     1.00000000  %MR
#     3.26000000     4.71664856    15.00000000  -364.89549852     1.00000000  %MR
     3.26000000     5.23816856    15.00000000  -364.81672516     1.00000000  %MR
     3.26000000     6.21664856    15.00000000  -364.72420471     1.00000000  %MR
     3.26000000     7.21664856    15.00000000  -364.69021599     1.00000000  %MR
     3.26000000     8.21664856    15.00000000  -364.68422451     1.00000000  %MR
     3.26000000     9.21664856    15.00000000  -364.68279244     1.00000000  %MR
     3.26000000    10.21664856    15.00000000  -364.68238325     1.00000000  %MR
     3.26000000    11.21664856    15.00000000  -364.68225005     1.00000000  %MR
     3.26000000    13.71664856    15.00000000  -364.68217136     1.00000000  %MR
     3.26000000    16.21664856    15.00000000  -364.68216234     1.00000000  %MR


#15 SiC_C_POINTS_3.56_15.0/
     3.56000000     3.82861009    15.00000000  -364.93288968     1.00000000  %CC
     3.56000000     4.07861009    15.00000000  -364.96777245     1.00000000  %CC
     3.56000000     4.32861009    15.00000000  -364.95574111     1.00000000  %CC
     3.56000000     4.57417463    15.00000000  -364.92360546     1.00000000  %CC
#     3.56000000     4.82861009    15.00000000  -364.88321287     1.00000000  %CC
#     3.56000000     5.02861009    15.00000000  -364.85133488     1.00000000  %CC
#     3.56000000     2.57861009    15.00000000  -360.64160417     1.00000000  %MR
     3.56000000     2.82861009    15.00000000  -362.65408959     1.00000000  %MR
     3.56000000     3.12861009    15.00000000  -364.02862715     1.00000000  %MR
     3.56000000     3.32861009    15.00000000  -364.48935004     1.00000000  %MR
     3.56000000     3.75182818    15.00000000  -364.90772004     1.00000000  %MR
#     3.56000000     4.32861009    15.00000000  -364.95802319     1.00000000  %MR
     3.56000000     4.82861009    15.00000000  -364.88619309     1.00000000  %MR
     3.56000000     5.35013009    15.00000000  -364.80843703     1.00000000  %MR
     3.56000000     6.32861009    15.00000000  -364.71607587     1.00000000  %MR
     3.56000000     7.32861009    15.00000000  -364.68020274     1.00000000  %MR
     3.56000000     8.32861009    15.00000000  -364.67411348     1.00000000  %MR
     3.56000000     9.32861009    15.00000000  -364.67266723     1.00000000  %MR
     3.56000000    10.32861009    15.00000000  -364.67224759     1.00000000  %MR
     3.56000000    11.32861009    15.00000000  -364.67210962     1.00000000  %MR
     3.56000000    13.82861009    15.00000000  -364.67202421     1.00000000  %MR
     3.56000000    16.32861009    15.00000000  -364.67201523     1.00000000  %MR


#15 SiC_C_POINTS_3.86_15.0/
     3.86000000     3.94057161    15.00000000  -364.89569444     1.00000000  %CC
     3.86000000     4.19057161    15.00000000  -364.93794160     1.00000000  %CC
     3.86000000     4.44057161    15.00000000  -364.93018467     1.00000000  %CC
     3.86000000     4.68613615    15.00000000  -364.90050058     1.00000000  %CC
#     3.86000000     4.94057161    15.00000000  -364.86163927     1.00000000  %CC
#     3.86000000     5.14057161    15.00000000  -364.83055923     1.00000000  %CC
#     3.86000000     5.44057161    15.00000000  -364.78732419     1.00000000  %CC
#     3.86000000     5.84570661    15.00000000  -364.73743180     1.00000000  %CC
     3.86000000     2.69057161    15.00000000  -360.55296104     1.00000000  %MR
     3.86000000     2.94057161    15.00000000  -362.54722254     1.00000000  %MR
     3.86000000     3.24057161    15.00000000  -363.96104021     1.00000000  %MR
     3.86000000     3.44057161    15.00000000  -364.44488858     1.00000000  %MR
     3.86000000     3.86378970    15.00000000  -364.86826923     1.00000000  %MR
#     3.86000000     4.44057161    15.00000000  -364.93300155     1.00000000  %MR
#     3.86000000     4.94057161    15.00000000  -364.86480009     1.00000000  %MR
     3.86000000     5.46209161    15.00000000  -364.78823629     1.00000000  %MR
     3.86000000     6.44057161    15.00000000  -364.69643651     1.00000000  %MR
     3.86000000     7.44057161    15.00000000  -364.65896461     1.00000000  %MR
     3.86000000     8.44057161    15.00000000  -364.65276088     1.00000000  %MR
     3.86000000     9.44057161    15.00000000  -364.65130390     1.00000000  %MR
     3.86000000    10.44057161    15.00000000  -364.65087595     1.00000000  %MR
     3.86000000    11.44057161    15.00000000  -364.65073234     1.00000000  %MR
     3.86000000    13.94057161    15.00000000  -364.65064602     1.00000000  %MR
     3.86000000    16.44057161    15.00000000  -364.65063482     1.00000000  %MR


#15 SiC_C_POINTS_4.15_15.0/
#     4.15000000     4.04880109    15.00000000  -364.85584660     1.00000000  %CC
#     4.15000000     4.29880109    15.00000000  -364.90526866     1.00000000  %CC
#     4.15000000     4.54880109    15.00000000  -364.90183877     1.00000000  %CC
#     4.15000000     4.79436562    15.00000000  -364.87467070     1.00000000  %CC
     4.15000000     2.79880109    15.00000000  -360.48437318     1.00000000  %MR
     4.15000000     3.04880109    15.00000000  -362.44845031     1.00000000  %MR
     4.15000000     3.34880109    15.00000000  -363.89093995     1.00000000  %MR
     4.15000000     3.54880109    15.00000000  -364.39524263     1.00000000  %MR
     4.15000000     3.97201918    15.00000000  -364.82249303     1.00000000  %MR
     4.15000000     4.54880109    15.00000000  -364.90531602     1.00000000  %MR
     4.15000000     5.04880109    15.00000000  -364.84079297     1.00000000  %MR
     4.15000000     5.57032109    15.00000000  -364.76540092     1.00000000  %MR
     4.15000000     6.54880109    15.00000000  -364.67414179     1.00000000  %MR
     4.15000000     7.54880109    15.00000000  -364.63272389     1.00000000  %MR
     4.15000000     8.54880109    15.00000000  -364.62925744     1.00000000  %MR
     4.15000000     9.54880109    15.00000000  -364.62779255     1.00000000  %MR
     4.15000000    10.54880109    15.00000000  -364.62735809     1.00000000  %MR
     4.15000000    11.54880109    15.00000000  -364.62721035     1.00000000  %MR
     4.15000000    14.04880109    15.00000000  -364.62712178     1.00000000  %MR
     4.15000000    16.54880109    15.00000000  -364.62711069     1.00000000  %MR

