#150 SiC_C_POINTS_2.8_150.0/
#     2.80000000     4.18000000   150.00000000  -364.70496377     1.00000000  %CC
#     2.80000000     4.43000000   150.00000000  -364.72304337     1.00000000  %CC
#     2.80000000     4.68000000   150.00000000  -364.72384291     1.00000000  %CC
#     2.80000000     4.92556454   150.00000000  -364.71504262     1.00000000  %CC
#     2.80000000     5.18000000   150.00000000  -364.69324972     1.00000000  %CC
#     2.80000000     5.38000000   150.00000000  -364.67940390     1.00000000  %CC
#     2.80000000     5.68000000   150.00000000  -364.65615226     1.00000000  %CC
#     2.80000000     6.08513500   150.00000000  -364.63647138     1.00000000  %CC
     2.80000000     2.93000000   150.00000000  -363.57693063     1.00000000  %MR
     2.80000000     3.18000000   150.00000000  -364.05337761     1.00000000  %MR
     2.80000000     3.48000000   150.00000000  -364.41798456     1.00000000  %MR
     2.80000000     3.68000000   150.00000000  -364.55817118     1.00000000  %MR
     2.80000000     4.10321809   150.00000000  -364.69908912     1.00000000  %MR
     2.80000000     4.68000000   150.00000000  -364.72716809     1.00000000  %MR
     2.80000000     5.18000000   150.00000000  -364.70495627     1.00000000  %MR
     2.80000000     5.70152000   150.00000000  -364.67710939     1.00000000  %MR
     2.80000000     6.68000000   150.00000000  -364.64226240     1.00000000  %MR
     2.80000000     7.68000000   150.00000000  -364.63610572     1.00000000  %MR
     2.80000000     8.68000000   150.00000000  -364.63508511     1.00000000  %MR
     2.80000000     9.68000000   150.00000000  -364.63462484     1.00000000  %MR
     2.80000000    10.68000000   150.00000000  -364.63438573     1.00000000  %MR
     2.80000000    11.68000000   150.00000000  -364.63426118     1.00000000  %MR
     2.80000000    14.18000000   150.00000000  -364.63414858     1.00000000  %MR
     2.80000000    16.68000000   150.00000000  -364.63411808     1.00000000  %MR


#150 SiC_C_POINTS_2.96_150.0/
#     2.96000000     4.27600000   150.00000000  -364.74643205     1.00000000  %CC
#     2.96000000     4.52600000   150.00000000  -364.76009732     1.00000000  %CC
#     2.96000000     4.77600000   150.00000000  -364.75765750     1.00000000  %CC
#     2.96000000     5.02156454   150.00000000  -364.74656357     1.00000000  %CC
#     2.96000000     5.27600000   150.00000000  -364.72729686     1.00000000  %CC
#     2.96000000     5.47600000   150.00000000  -364.70826747     1.00000000  %CC
#     2.96000000     5.77600000   150.00000000  -364.68747832     1.00000000  %CC
#     2.96000000     6.18113500   150.00000000  -364.66788332     1.00000000  %CC
     2.96000000     3.02600000   150.00000000  -363.71159076     1.00000000  %MR
     2.96000000     3.27600000   150.00000000  -364.15945000     1.00000000  %MR
     2.96000000     3.57600000   150.00000000  -364.49103709     1.00000000  %MR
     2.96000000     3.77600000   150.00000000  -364.61774885     1.00000000  %MR
     2.96000000     4.19921809   150.00000000  -364.74253098     1.00000000  %MR
     2.96000000     4.77600000   150.00000000  -364.76227861     1.00000000  %MR
     2.96000000     5.27600000   150.00000000  -364.73686408     1.00000000  %MR
     2.96000000     5.79752000   150.00000000  -364.70704476     1.00000000  %MR
     2.96000000     6.77600000   150.00000000  -364.67298347     1.00000000  %MR
     2.96000000     7.77600000   150.00000000  -364.66697590     1.00000000  %MR
     2.96000000     8.77600000   150.00000000  -364.66575859     1.00000000  %MR
     2.96000000     9.77600000   150.00000000  -364.66523117     1.00000000  %MR
     2.96000000    10.77600000   150.00000000  -364.66497057     1.00000000  %MR
     2.96000000    11.77600000   150.00000000  -364.66483863     1.00000000  %MR
     2.96000000    14.27600000   150.00000000  -364.66471919     1.00000000  %MR
     2.96000000    16.77600000   150.00000000  -364.66468630     1.00000000  %MR


#150 SiC_C_POINTS_3.26_150.0/
#     3.26000000     4.45600000   150.00000000  -364.78166601     1.00000000  %CC
#     3.26000000     4.70600000   150.00000000  -364.78884105     1.00000000  %CC
#     3.26000000     4.95600000   150.00000000  -364.78258209     1.00000000  %CC
#     3.26000000     5.20156454   150.00000000  -364.76920364     1.00000000  %CC
#     3.26000000     5.45600000   150.00000000  -364.74992744     1.00000000  %CC
#     3.26000000     5.65600000   150.00000000  -364.73236750     1.00000000  %CC
#     3.26000000     5.95600000   150.00000000  -364.71035112     1.00000000  %CC
#     3.26000000     6.36113500   150.00000000  -364.69011207     1.00000000  %CC
     3.26000000     3.20600000   150.00000000  -363.90599730     1.00000000  %MR
     3.26000000     3.45600000   150.00000000  -364.30606293     1.00000000  %MR
     3.26000000     3.75600000   150.00000000  -364.57997140     1.00000000  %MR
     3.26000000     3.95600000   150.00000000  -364.68298334     1.00000000  %MR
     3.26000000     4.37921809   150.00000000  -364.78042161     1.00000000  %MR
     3.26000000     4.95600000   150.00000000  -364.78743506     1.00000000  %MR
     3.26000000     5.45600000   150.00000000  -364.75903138     1.00000000  %MR
     3.26000000     5.97752000   150.00000000  -364.72802002     1.00000000  %MR
     3.26000000     6.95600000   150.00000000  -364.69362588     1.00000000  %MR
     3.26000000     7.95600000   150.00000000  -364.68499861     1.00000000  %MR
     3.26000000     8.95600000   150.00000000  -364.68343388     1.00000000  %MR
     3.26000000     9.95600000   150.00000000  -364.68279812     1.00000000  %MR
     3.26000000    10.95600000   150.00000000  -364.68250468     1.00000000  %MR
     3.26000000    11.95600000   150.00000000  -364.68235994     1.00000000  %MR
     3.26000000    14.45600000   150.00000000  -364.68222911     1.00000000  %MR
     3.26000000    16.95600000   150.00000000  -364.68219231     1.00000000  %MR


#150 SiC_C_POINTS_3.56_150.0/
#     3.56000000     4.63600000   150.00000000  -364.78482217     1.00000000  %CC
#     3.56000000     4.88600000   150.00000000  -364.78689727     1.00000000  %CC
#     3.56000000     5.13600000   150.00000000  -364.77794486     1.00000000  %CC
#     3.56000000     5.38156454   150.00000000  -364.76312878     1.00000000  %CC
#     3.56000000     5.63600000   150.00000000  -364.74332685     1.00000000  %CC
#     3.56000000     5.83600000   150.00000000  -364.72625342     1.00000000  %CC
#     3.56000000     6.13600000   150.00000000  -364.70458081     1.00000000  %CC
#     3.56000000     6.54113500   150.00000000  -364.68460698     1.00000000  %CC
     3.56000000     3.38600000   150.00000000  -364.07334282     1.00000000  %MR
     3.56000000     3.63600000   150.00000000  -364.40658580     1.00000000  %MR
     3.56000000     3.93600000   150.00000000  -364.62971593     1.00000000  %MR
     3.56000000     4.13600000   150.00000000  -364.71182747     1.00000000  %MR
     3.56000000     4.55921809   150.00000000  -364.78575830     1.00000000  %MR
     3.56000000     5.13600000   150.00000000  -364.78269219     1.00000000  %MR
     3.56000000     5.63600000   150.00000000  -364.75270861     1.00000000  %MR
     3.56000000     6.15752000   150.00000000  -364.72181175     1.00000000  %MR
     3.56000000     7.13600000   150.00000000  -364.68617998     1.00000000  %MR
     3.56000000     8.13600000   150.00000000  -364.67525903     1.00000000  %MR
     3.56000000     9.13600000   150.00000000  -364.67341627     1.00000000  %MR
     3.56000000    10.13600000   150.00000000  -364.67270119     1.00000000  %MR
     3.56000000    11.13600000   150.00000000  -364.67238374     1.00000000  %MR
     3.56000000    12.13600000   150.00000000  -364.67222890     1.00000000  %MR
     3.56000000    14.63600000   150.00000000  -364.67208846     1.00000000  %MR
     3.56000000    17.13600000   150.00000000  -364.67204960     1.00000000  %MR


#150 SiC_C_POINTS_3.86_150.0/
#     3.86000000     4.81600000   150.00000000  -364.77153393     1.00000000  %CC
#     3.86000000     5.06600000   150.00000000  -364.76988717     1.00000000  %CC
#     3.86000000     5.31600000   150.00000000  -364.75916337     1.00000000  %CC
#     3.86000000     5.56156454   150.00000000  -364.74374386     1.00000000  %CC
#     3.86000000     5.81600000   150.00000000  -364.72388627     1.00000000  %CC
#     3.86000000     6.01600000   150.00000000  -364.70679412     1.00000000  %CC
#     3.86000000     6.31600000   150.00000000  -364.68548064     1.00000000  %CC
#     3.86000000     6.72113500   150.00000000  -364.66616372     1.00000000  %CC
     3.86000000     3.56600000   150.00000000  -364.20368502     1.00000000  %MR
     3.86000000     3.81600000   150.00000000  -364.47762204     1.00000000  %MR
     3.86000000     4.11600000   150.00000000  -364.65732247     1.00000000  %MR
     3.86000000     4.31600000   150.00000000  -364.72161774     1.00000000  %MR
     3.86000000     4.73921809   150.00000000  -364.77565929     1.00000000  %MR
     3.86000000     5.31600000   150.00000000  -364.76455534     1.00000000  %MR
     3.86000000     5.81600000   150.00000000  -364.73372345     1.00000000  %MR
     3.86000000     6.33752000   150.00000000  -364.70333720     1.00000000  %MR
     3.86000000     7.31600000   150.00000000  -364.66755848     1.00000000  %MR
     3.86000000     8.31600000   150.00000000  -364.65416748     1.00000000  %MR
     3.86000000     9.31600000   150.00000000  -364.65212139     1.00000000  %MR
     3.86000000    10.31600000   150.00000000  -364.65135575     1.00000000  %MR
     3.86000000    11.31600000   150.00000000  -364.65102031     1.00000000  %MR
     3.86000000    12.31600000   150.00000000  -364.65085837     1.00000000  %MR
     3.86000000    14.81600000   150.00000000  -364.65071397     1.00000000  %MR
     3.86000000    17.31600000   150.00000000  -364.65067180     1.00000000  %MR


#150 SiC_C_POINTS_4.15_150.0/
     4.15000000     3.74000000   150.00000000  -364.30298792     1.00000000  %MR
     4.15000000     3.99000000   150.00000000  -364.52746424     1.00000000  %MR
     4.15000000     4.29000000   150.00000000  -364.67192089     1.00000000  %MR
     4.15000000     4.49000000   150.00000000  -364.72188355     1.00000000  %MR
     4.15000000     4.91321809   150.00000000  -364.75984447     1.00000000  %MR
     4.15000000     5.49000000   150.00000000  -364.74250578     1.00000000  %MR
     4.15000000     5.99000000   150.00000000  -364.71122385     1.00000000  %MR
     4.15000000     6.51152000   150.00000000  -364.68140061     1.00000000  %MR
     4.15000000     7.49000000   150.00000000  -364.64641350     1.00000000  %MR
     4.15000000     8.49000000   150.00000000  -364.63045869     1.00000000  %MR
     4.15000000     9.49000000   150.00000000  -364.62842987     1.00000000  %MR
     4.15000000    10.49000000   150.00000000  -364.62777650     1.00000000  %MR
     4.15000000    11.49000000   150.00000000  -364.62748532     1.00000000  %MR
     4.15000000    12.49000000   150.00000000  -364.62733644     1.00000000  %MR
     4.15000000    14.99000000   150.00000000  -364.62719653     1.00000000  %MR
     4.15000000    17.49000000   150.00000000  -364.62715528     1.00000000  %MR

