#60 SiC_C_POINTS_2.8_60.0/
     2.80000000     2.78000000    60.00000000  -364.94139322     1.00000000  %CC
     2.80000000     3.03000000    60.00000000  -364.93085920     1.00000000  %CC
     2.80000000     3.28000000    60.00000000  -364.90250058     1.00000000  %CC
     2.80000000     3.52556454    60.00000000  -364.86699704     1.00000000  %CC
     2.80000000     3.78000000    60.00000000  -364.82832876     1.00000000  %CC
#     2.80000000     3.98000000    60.00000000  -364.79905593     1.00000000  %CC
#     2.80000000     4.28000000    60.00000000  -364.76053870     1.00000000  %CC
     2.80000000     1.53000000    60.00000000  -363.83699590     1.00000000  %MR
     2.80000000     1.78000000    60.00000000  -364.33253563     1.00000000  %MR
     2.80000000     2.08000000    60.00000000  -364.69963037     1.00000000  %MR
     2.80000000     2.28000000    60.00000000  -364.83388023     1.00000000  %MR
     2.80000000     2.70321809    60.00000000  -364.93842100     1.00000000  %MR
#     2.80000000     3.28000000    60.00000000  -364.90343071     1.00000000  %MR
#     2.80000000     3.78000000    60.00000000  -364.83050961     1.00000000  %MR
     2.80000000     4.30152000    60.00000000  -364.76037637     1.00000000  %MR
     2.80000000     5.28000000    60.00000000  -364.67741138     1.00000000  %MR
     2.80000000     6.28000000    60.00000000  -364.64430993     1.00000000  %MR
     2.80000000     7.28000000    60.00000000  -364.63687845     1.00000000  %MR
     2.80000000     8.28000000    60.00000000  -364.63500922     1.00000000  %MR
     2.80000000     9.28000000    60.00000000  -364.63444915     1.00000000  %MR
     2.80000000    10.28000000    60.00000000  -364.63425384     1.00000000  %MR
     2.80000000    12.78000000    60.00000000  -364.63413038     1.00000000  %MR
     2.80000000    15.28000000    60.00000000  -364.63410716     1.00000000  %MR


#60 SiC_C_POINTS_2.96_60.0/
     2.96000000     2.79600000    60.00000000  -364.97299319     1.00000000  %CC
     2.96000000     3.04600000    60.00000000  -364.96102757     1.00000000  %CC
     2.96000000     3.29600000    60.00000000  -364.93273207     1.00000000  %CC
     2.96000000     3.54156454    60.00000000  -364.89779720     1.00000000  %CC
     2.96000000     3.79600000    60.00000000  -364.85978019     1.00000000  %CC
#     2.96000000     3.99600000    60.00000000  -364.83092080     1.00000000  %CC
#     2.96000000     4.29600000    60.00000000  -364.79251699     1.00000000  %CC
     2.96000000     1.54600000    60.00000000  -364.03898493     1.00000000  %MR
     2.96000000     1.79600000    60.00000000  -364.45214885     1.00000000  %MR
     2.96000000     2.09600000    60.00000000  -364.76566579     1.00000000  %MR
     2.96000000     2.29600000    60.00000000  -364.88184070     1.00000000  %MR
     2.96000000     2.71921809    60.00000000  -364.97124886     1.00000000  %MR
#     2.96000000     3.29600000    60.00000000  -364.93363568     1.00000000  %MR
#     2.96000000     3.79600000    60.00000000  -364.86188120     1.00000000  %MR
     2.96000000     4.31752000    60.00000000  -364.79235388     1.00000000  %MR
     2.96000000     5.29600000    60.00000000  -364.70864797     1.00000000  %MR
     2.96000000     6.29600000    60.00000000  -364.67487762     1.00000000  %MR
     2.96000000     7.29600000    60.00000000  -364.66745671     1.00000000  %MR
     2.96000000     8.29600000    60.00000000  -364.66558414     1.00000000  %MR
     2.96000000     9.29600000    60.00000000  -364.66501831     1.00000000  %MR
     2.96000000    10.29600000    60.00000000  -364.66481993     1.00000000  %MR
     2.96000000    12.79600000    60.00000000  -364.66469469     1.00000000  %MR
     2.96000000    15.29600000    60.00000000  -364.66467160     1.00000000  %MR


#60 SiC_C_POINTS_3.26_60.0/
     3.26000000     2.82600000    60.00000000  -364.99179357     1.00000000  %CC
     3.26000000     3.07600000    60.00000000  -364.97648267     1.00000000  %CC
     3.26000000     3.32600000    60.00000000  -364.94787194     1.00000000  %CC
     3.26000000     3.57156454    60.00000000  -364.91381408     1.00000000  %CC
     3.26000000     3.82600000    60.00000000  -364.87699260     1.00000000  %CC
#     3.26000000     4.02600000    60.00000000  -364.84891869     1.00000000  %CC
#     3.26000000     4.32600000    60.00000000  -364.81068624     1.00000000  %CC
     3.26000000     1.57600000    60.00000000  -364.33899196     1.00000000  %MR
     3.26000000     1.82600000    60.00000000  -364.62333204     1.00000000  %MR
     3.26000000     2.12600000    60.00000000  -364.84759553     1.00000000  %MR
     3.26000000     2.32600000    60.00000000  -364.93188700     1.00000000  %MR
     3.26000000     2.74921809    60.00000000  -364.99249652     1.00000000  %MR
#     3.26000000     3.32600000    60.00000000  -364.94889339     1.00000000  %MR
#     3.26000000     3.82600000    60.00000000  -364.87921036     1.00000000  %MR
     3.26000000     4.34752000    60.00000000  -364.81148413     1.00000000  %MR
     3.26000000     5.32600000    60.00000000  -364.72766322     1.00000000  %MR
     3.26000000     6.32600000    60.00000000  -364.69241337     1.00000000  %MR
     3.26000000     7.32600000    60.00000000  -364.68496718     1.00000000  %MR
     3.26000000     8.32600000    60.00000000  -364.68309981     1.00000000  %MR
     3.26000000     9.32600000    60.00000000  -364.68252593     1.00000000  %MR
     3.26000000    10.32600000    60.00000000  -364.68232229     1.00000000  %MR
     3.26000000    12.82600000    60.00000000  -364.68219429     1.00000000  %MR
     3.26000000    15.32600000    60.00000000  -364.68217173     1.00000000  %MR


#60 SiC_C_POINTS_3.56_60.0/
     3.56000000     2.85600000    60.00000000  -364.98138299     1.00000000  %CC
     3.56000000     3.10600000    60.00000000  -364.96238082     1.00000000  %CC
     3.56000000     3.35600000    60.00000000  -364.93314788     1.00000000  %CC
     3.56000000     3.60156454    60.00000000  -364.89980126     1.00000000  %CC
     3.56000000     3.85600000    60.00000000  -364.86412933     1.00000000  %CC
#     3.56000000     4.05600000    60.00000000  -364.83686835     1.00000000  %CC
#     3.56000000     4.35600000    60.00000000  -364.79923374     1.00000000  %CC
     3.56000000     1.60600000    60.00000000  -364.55825497     1.00000000  %MR
     3.56000000     1.85600000    60.00000000  -364.74429343     1.00000000  %MR
     3.56000000     2.15600000    60.00000000  -364.89515343     1.00000000  %MR
     3.56000000     2.35600000    60.00000000  -364.95149885     1.00000000  %MR
     3.56000000     2.77921809    60.00000000  -364.98442168     1.00000000  %MR
#     3.56000000     3.35600000    60.00000000  -364.93444807     1.00000000  %MR
#     3.56000000     3.85600000    60.00000000  -364.86672719     1.00000000  %MR
     3.56000000     4.37752000    60.00000000  -364.80130016     1.00000000  %MR
     3.56000000     5.35600000    60.00000000  -364.71898515     1.00000000  %MR
     3.56000000     6.35600000    60.00000000  -364.68228952     1.00000000  %MR
     3.56000000     7.35600000    60.00000000  -364.67480975     1.00000000  %MR
     3.56000000     8.35600000    60.00000000  -364.67296333     1.00000000  %MR
     3.56000000     9.35600000    60.00000000  -364.67238500     1.00000000  %MR
     3.56000000    10.35600000    60.00000000  -364.67217760     1.00000000  %MR
     3.56000000    12.85600000    60.00000000  -364.67204623     1.00000000  %MR
     3.56000000    15.35600000    60.00000000  -364.67202450     1.00000000  %MR


#60 SiC_C_POINTS_3.86_60.0/
     3.86000000     2.88600000    60.00000000  -364.95754290     1.00000000  %CC
     3.86000000     3.13600000    60.00000000  -364.93498146     1.00000000  %CC
     3.86000000     3.38600000    60.00000000  -364.90507194     1.00000000  %CC
     3.86000000     3.63156454    60.00000000  -364.87237570     1.00000000  %CC
#     3.86000000     3.88600000    60.00000000  -364.83783790     1.00000000  %CC
#     3.86000000     4.08600000    60.00000000  -364.81144370     1.00000000  %CC
#     3.86000000     4.38600000    60.00000000  -364.77476801     1.00000000  %CC
#     3.86000000     4.79113500    60.00000000  -364.73702925     1.00000000  %CC
     3.86000000     1.63600000    60.00000000  -364.71539819     1.00000000  %MR
     3.86000000     1.88600000    60.00000000  -364.82902118     1.00000000  %MR
     3.86000000     2.18600000    60.00000000  -364.92182022     1.00000000  %MR
     3.86000000     2.38600000    60.00000000  -364.95439948     1.00000000  %MR
     3.86000000     2.80921809    60.00000000  -364.96284083     1.00000000  %MR
#     3.86000000     3.38600000    60.00000000  -364.90683547     1.00000000  %MR
#     3.86000000     3.88600000    60.00000000  -364.84107476     1.00000000  %MR
     3.86000000     4.40752000    60.00000000  -364.77819429     1.00000000  %MR
     3.86000000     5.38600000    60.00000000  -364.69853337     1.00000000  %MR
     3.86000000     6.38600000    60.00000000  -364.66306443     1.00000000  %MR
     3.86000000     7.38600000    60.00000000  -364.65339665     1.00000000  %MR
     3.86000000     8.38600000    60.00000000  -364.65158438     1.00000000  %MR
     3.86000000     9.38600000    60.00000000  -364.65100688     1.00000000  %MR
     3.86000000    10.38600000    60.00000000  -364.65079610     1.00000000  %MR
     3.86000000    12.88600000    60.00000000  -364.65066625     1.00000000  %MR
     3.86000000    15.38600000    60.00000000  -364.65064361     1.00000000  %MR


#60 SiC_C_POINTS_4.15_60.0/
     4.15000000     2.91500000    60.00000000  -364.92941801     1.00000000  %CC
     4.15000000     3.16500000    60.00000000  -364.90381047     1.00000000  %CC
     4.15000000     3.41500000    60.00000000  -364.87332664     1.00000000  %CC
     4.15000000     3.66056454    60.00000000  -364.84124889     1.00000000  %CC
#     4.15000000     3.91500000    60.00000000  -364.80779740     1.00000000  %CC
#     4.15000000     4.11500000    60.00000000  -364.78228582     1.00000000  %CC
#     4.15000000     4.41500000    60.00000000  -364.74676086     1.00000000  %CC
#     4.15000000     4.82013500    60.00000000  -364.70939891     1.00000000  %CC
     4.15000000     1.66500000    60.00000000  -364.81912464     1.00000000  %MR
     4.15000000     1.91500000    60.00000000  -364.88288887     1.00000000  %MR
     4.15000000     2.21500000    60.00000000  -364.93332213     1.00000000  %MR
     4.15000000     2.41500000    60.00000000  -364.94781928     1.00000000  %MR
     4.15000000     2.83821809    60.00000000  -364.93671387     1.00000000  %MR
#     4.15000000     3.41500000    60.00000000  -364.87575477     1.00000000  %MR
#     4.15000000     3.91500000    60.00000000  -364.81196017     1.00000000  %MR
     4.15000000     4.43652000    60.00000000  -364.75163582     1.00000000  %MR
     4.15000000     5.41500000    60.00000000  -364.67506640     1.00000000  %MR
     4.15000000     6.41500000    60.00000000  -364.64098089     1.00000000  %MR
     4.15000000     7.41500000    60.00000000  -364.63008082     1.00000000  %MR
     4.15000000     8.41500000    60.00000000  -364.62849454     1.00000000  %MR
     4.15000000     9.41500000    60.00000000  -364.62785986     1.00000000  %MR
     4.15000000    10.41500000    60.00000000  -364.62756155     1.00000000  %MR
     4.15000000    12.91500000    60.00000000  -364.62729338     1.00000000  %MR
     4.15000000    15.41500000    60.00000000  -364.62721593     1.00000000  %MR

