#0 SiC_C_POINTS_2.8_0.0/
     2.80000000     3.62000000     0.00000000  -364.92438052     1.00000000  %CC
     2.80000000     3.87000000     0.00000000  -364.94262650     1.00000000  %CC
     2.80000000     4.12000000     0.00000000  -364.92094635     1.00000000  %CC
     2.80000000     4.36556454     0.00000000  -364.88343525     1.00000000  %CC
     2.80000000     4.62000000     0.00000000  -364.83987828     1.00000000  %CC
     2.80000000     4.82000000     0.00000000  -364.80650248     1.00000000  %CC
#     2.80000000     5.12000000     0.00000000  -364.76175382     1.00000000  %CC
     2.80000000     5.52513500     0.00000000  -364.71827155     1.00000000  %CC
#     2.80000000     2.37000000     0.00000000  -360.44802359     1.00000000  %MR
#     2.80000000     2.62000000     0.00000000  -362.70028320     1.00000000  %MR
     2.80000000     2.92000000     0.00000000  -364.06149891     1.00000000  %MR
     2.80000000     3.12000000     0.00000000  -364.48189754     1.00000000  %MR
     2.80000000     3.54321809     0.00000000  -364.90547678     1.00000000  %MR
#     2.80000000     4.12000000     0.00000000  -364.92260572     1.00000000  %MR
#     2.80000000     4.62000000     0.00000000  -364.84288010     1.00000000  %MR
     2.80000000     5.14152000     0.00000000  -364.76324193     1.00000000  %MR
     2.80000000     6.12000000     0.00000000  -364.67254061     1.00000000  %MR
     2.80000000     7.12000000     0.00000000  -364.64182257     1.00000000  %MR
     2.80000000     8.12000000     0.00000000  -364.63614328     1.00000000  %MR
     2.80000000     9.12000000     0.00000000  -364.63478004     1.00000000  %MR
     2.80000000    10.12000000     0.00000000  -364.63440539     1.00000000  %MR
     2.80000000    11.12000000     0.00000000  -364.63429056     1.00000000  %MR
     2.80000000    13.62000000     0.00000000  -364.63422124     1.00000000  %MR
     2.80000000    16.12000000     0.00000000  -364.63421368     1.00000000  %MR


#0 SiC_C_POINTS_2.96_0.0/
     2.96000000     3.68400000     0.00000000  -364.94940876     1.00000000  %CC
     2.96000000     3.93400000     0.00000000  -364.97161766     1.00000000  %CC
     2.96000000     4.18400000     0.00000000  -364.95183607     1.00000000  %CC
     2.96000000     4.42956454     0.00000000  -364.91518506     1.00000000  %CC
     2.96000000     4.68400000     0.00000000  -364.87203476     1.00000000  %CC
     2.96000000     4.88400000     0.00000000  -364.83881802     1.00000000  %CC
#     2.96000000     5.18400000     0.00000000  -364.79413781     1.00000000  %CC
     2.96000000     5.58913500     0.00000000  -364.75155619     1.00000000  %CC
#     2.96000000     2.43400000     0.00000000  -360.32946487     1.00000000  %MR
#     2.96000000     2.68400000     0.00000000  -362.68636335     1.00000000  %MR
     2.96000000     2.98400000     0.00000000  -364.05913482     1.00000000  %MR
     2.96000000     3.18400000     0.00000000  -364.50160486     1.00000000  %MR
     2.96000000     3.60721809     0.00000000  -364.92864400     1.00000000  %MR
#     2.96000000     4.18400000     0.00000000  -364.95354468     1.00000000  %MR
#     2.96000000     4.68400000     0.00000000  -364.87497574     1.00000000  %MR
     2.96000000     5.20552000     0.00000000  -364.79539683     1.00000000  %MR
     2.96000000     6.18400000     0.00000000  -364.70404803     1.00000000  %MR
     2.96000000     7.18400000     0.00000000  -364.67060247     1.00000000  %MR
     2.96000000     8.18400000     0.00000000  -364.66672858     1.00000000  %MR
     2.96000000     9.18400000     0.00000000  -364.66534886     1.00000000  %MR
     2.96000000    10.18400000     0.00000000  -364.66496548     1.00000000  %MR
     2.96000000    11.18400000     0.00000000  -364.66484604     1.00000000  %MR
     2.96000000    13.68400000     0.00000000  -364.66477367     1.00000000  %MR
     2.96000000    16.18400000     0.00000000  -364.66476568     1.00000000  %MR


#0 SiC_C_POINTS_3.26_0.0/
     3.26000000     3.80400000     0.00000000  -364.95408121     1.00000000  %CC
     3.26000000     4.05400000     0.00000000  -364.98427917     1.00000000  %CC
     3.26000000     4.30400000     0.00000000  -364.96846812     1.00000000  %CC
     3.26000000     4.54956454     0.00000000  -364.93374959     1.00000000  %CC
     3.26000000     4.80400000     0.00000000  -364.89162587     1.00000000  %CC
     3.26000000     5.00400000     0.00000000  -364.85888943     1.00000000  %CC
#     3.26000000     5.30400000     0.00000000  -364.81450785     1.00000000  %CC
     3.26000000     5.70913500     0.00000000  -364.77141959     1.00000000  %CC
     3.26000000     2.55400000     0.00000000  -360.03951329     1.00000000  %MR
     3.26000000     2.80400000     0.00000000  -362.47395307     1.00000000  %MR
     3.26000000     3.10400000     0.00000000  -364.00729261     1.00000000  %MR
     3.26000000     3.30400000     0.00000000  -364.49231419     1.00000000  %MR
     3.26000000     3.72721809     0.00000000  -364.93067658     1.00000000  %MR
#     3.26000000     4.30400000     0.00000000  -364.97038810     1.00000000  %MR
#     3.26000000     4.80400000     0.00000000  -364.89452244     1.00000000  %MR
     3.26000000     5.32552000     0.00000000  -364.81544531     1.00000000  %MR
     3.26000000     6.30400000     0.00000000  -364.72343552     1.00000000  %MR
     3.26000000     7.30400000     0.00000000  -364.69012740     1.00000000  %MR
     3.26000000     8.30400000     0.00000000  -364.68424992     1.00000000  %MR
     3.26000000     9.30400000     0.00000000  -364.68285072     1.00000000  %MR
     3.26000000    10.30400000     0.00000000  -364.68245478     1.00000000  %MR
     3.26000000    11.30400000     0.00000000  -364.68232721     1.00000000  %MR
     3.26000000    13.80400000     0.00000000  -364.68225064     1.00000000  %MR
     3.26000000    16.30400000     0.00000000  -364.68224230     1.00000000  %MR


#0 SiC_C_POINTS_3.56_0.0/
     3.56000000     3.92400000     0.00000000  -364.92800872     1.00000000  %CC
     3.56000000     4.17400000     0.00000000  -364.96703089     1.00000000  %CC
#     3.56000000     4.42400000     0.00000000  -364.95574858     1.00000000  %CC
     3.56000000     4.66956454     0.00000000  -364.92334623     1.00000000  %CC
#     3.56000000     4.92400000     0.00000000  -364.88253030     1.00000000  %CC
     3.56000000     5.12400000     0.00000000  -364.85043896     1.00000000  %CC
#     3.56000000     5.42400000     0.00000000  -364.80662285     1.00000000  %CC
     3.56000000     5.82913500     0.00000000  -364.76198109     1.00000000  %CC
     3.56000000     2.67400000     0.00000000  -359.68044278     1.00000000  %MR
     3.56000000     2.92400000     0.00000000  -362.26021102     1.00000000  %MR
     3.56000000     3.22400000     0.00000000  -363.91476061     1.00000000  %MR
     3.56000000     3.42400000     0.00000000  -364.44611368     1.00000000  %MR
#     3.56000000     3.84721809     0.00000000  -364.85931864     1.00000000  %MR
     3.56000000     4.42400000     0.00000000  -364.95803511     1.00000000  %MR
     3.56000000     4.92400000     0.00000000  -364.88546529     1.00000000  %MR
     3.56000000     5.44552000     0.00000000  -364.80721345     1.00000000  %MR
     3.56000000     6.42400000     0.00000000  -364.71520290     1.00000000  %MR
     3.56000000     7.42400000     0.00000000  -364.68128861     1.00000000  %MR
     3.56000000     8.42400000     0.00000000  -364.67332575     1.00000000  %MR
     3.56000000     9.42400000     0.00000000  -364.67304252     1.00000000  %MR
     3.56000000    10.42400000     0.00000000  -364.67264255     1.00000000  %MR
     3.56000000    11.42400000     0.00000000  -364.67231571     1.00000000  %MR
     3.56000000    13.92400000     0.00000000  -364.67218273     1.00000000  %MR
     3.56000000    16.42400000     0.00000000  -364.67213993     1.00000000  %MR


#0 SiC_C_POINTS_3.86_0.0/
     3.86000000     4.04400000     0.00000000  -364.88780267     1.00000000  %CC
     3.86000000     4.29400000     0.00000000  -364.93661190     1.00000000  %CC
#     3.86000000     4.54400000     0.00000000  -364.93045845     1.00000000  %CC
     3.86000000     4.78956454     0.00000000  -364.90074142     1.00000000  %CC
#     3.86000000     5.04400000     0.00000000  -364.86147461     1.00000000  %CC
     3.86000000     5.24400000     0.00000000  -364.83015982     1.00000000  %CC
#     3.86000000     5.54400000     0.00000000  -364.78711144     1.00000000  %CC
     3.86000000     5.94913500     0.00000000  -364.74136948     1.00000000  %CC
     3.86000000     2.79400000     0.00000000  -359.26196390     1.00000000  %MR
     3.86000000     3.04400000     0.00000000  -362.01342015     1.00000000  %MR
     3.86000000     3.34400000     0.00000000  -363.79711474     1.00000000  %MR
     3.86000000     3.54400000     0.00000000  -364.37860458     1.00000000  %MR
#     3.86000000     3.96721809     0.00000000  -364.83953197     1.00000000  %MR
     3.86000000     4.54400000     0.00000000  -364.93323779     1.00000000  %MR
     3.86000000     5.04400000     0.00000000  -364.86446968     1.00000000  %MR
     3.86000000     5.56552000     0.00000000  -364.78719443     1.00000000  %MR
     3.86000000     6.54400000     0.00000000  -364.69553480     1.00000000  %MR
     3.86000000     7.54400000     0.00000000  -364.65276652     1.00000000  %MR
     3.86000000     8.54400000     0.00000000  -364.65354386     1.00000000  %MR
     3.86000000     9.54400000     0.00000000  -364.65142064     1.00000000  %MR
     3.86000000    10.54400000     0.00000000  -364.65064042     1.00000000  %MR
     3.86000000    11.54400000     0.00000000  -364.65026728     1.00000000  %MR
     3.86000000    14.04400000     0.00000000  -364.64990416     1.00000000  %MR
     3.86000000    16.54400000     0.00000000  -364.64979295     1.00000000  %MR


#0 SiC_C_POINTS_4.15_0.0/
     4.15000000     4.16000000     0.00000000  -364.84371502     1.00000000  %CC
     4.15000000     4.41000000     0.00000000  -364.90298336     1.00000000  %CC
#     4.15000000     4.66000000     0.00000000  -364.90238071     1.00000000  %CC
     4.15000000     4.90556454     0.00000000  -364.87559161     1.00000000  %CC
#     4.15000000     5.16000000     0.00000000  -364.83801350     1.00000000  %CC
     4.15000000     5.36000000     0.00000000  -364.80752714     1.00000000  %CC
#     4.15000000     5.66000000     0.00000000  -364.76529705     1.00000000  %CC
     4.15000000     6.06513500     0.00000000  -364.71923943     1.00000000  %CC
     4.15000000     2.91000000     0.00000000  -358.80160697     1.00000000  %MR
     4.15000000     3.16000000     0.00000000  -361.70438179     1.00000000  %MR
     4.15000000     3.46000000     0.00000000  -363.66694750     1.00000000  %MR
     4.15000000     3.66000000     0.00000000  -364.30062533     1.00000000  %MR
#     4.15000000     4.08321809     0.00000000  -364.81195031     1.00000000  %MR
     4.15000000     4.66000000     0.00000000  -364.90573131     1.00000000  %MR
     4.15000000     5.16000000     0.00000000  -364.84099724     1.00000000  %MR
     4.15000000     5.68152000     0.00000000  -364.76465791     1.00000000  %MR
     4.15000000     6.66000000     0.00000000  -364.67327808     1.00000000  %MR
     4.15000000     7.66000000     0.00000000  -364.62934519     1.00000000  %MR
     4.15000000     8.66000000     0.00000000  -364.63408084     1.00000000  %MR
     4.15000000     9.66000000     0.00000000  -364.63213761     1.00000000  %MR
     4.15000000    10.66000000     0.00000000  -364.63139797     1.00000000  %MR
     4.15000000    11.66000000     0.00000000  -364.63104830     1.00000000  %MR
     4.15000000    14.16000000     0.00000000  -364.63071091     1.00000000  %MR
     4.15000000    16.66000000     0.00000000  -364.63060690     1.00000000  %MR

