#45 SiC_C_POINTS_2.8_45.0/
     2.80000000     3.06000000    45.00000000  -364.94098167     1.00000000  %CC
     2.80000000     3.31000000    45.00000000  -364.94342969     1.00000000  %CC
     2.80000000     3.56000000    45.00000000  -364.91867745     1.00000000  %CC
     2.80000000     3.80556454    45.00000000  -364.88239322     1.00000000  %CC
     2.80000000     4.06000000    45.00000000  -364.84109170     1.00000000  %CC
     2.80000000     4.26000000    45.00000000  -364.80931705     1.00000000  %CC
#     2.80000000     4.56000000    45.00000000  -364.76643944     1.00000000  %CC
#     2.80000000     4.96513500    45.00000000  -364.72661142     1.00000000  %CC
     2.80000000     1.81000000    45.00000000  -363.11386788     1.00000000  %MR
     2.80000000     2.06000000    45.00000000  -363.92276481     1.00000000  %MR
     2.80000000     2.36000000    45.00000000  -364.51839663     1.00000000  %MR
     2.80000000     2.56000000    45.00000000  -364.73965640     1.00000000  %MR
     2.80000000     2.98321809    45.00000000  -364.93129471     1.00000000  %MR
#     2.80000000     3.56000000    45.00000000  -364.91981310     1.00000000  %MR
#     2.80000000     4.06000000    45.00000000  -364.84347765     1.00000000  %MR
     2.80000000     4.58152000    45.00000000  -364.76710955     1.00000000  %MR
     2.80000000     5.56000000    45.00000000  -364.67657318     1.00000000  %MR
     2.80000000     6.56000000    45.00000000  -364.64333459     1.00000000  %MR
     2.80000000     7.56000000    45.00000000  -364.63651775     1.00000000  %MR
     2.80000000     8.56000000    45.00000000  -364.63486072     1.00000000  %MR
     2.80000000     9.56000000    45.00000000  -364.63437823     1.00000000  %MR
     2.80000000    10.56000000    45.00000000  -364.63421566     1.00000000  %MR
     2.80000000    13.06000000    45.00000000  -364.63411995     1.00000000  %MR
     2.80000000    15.56000000    45.00000000  -364.63410377     1.00000000  %MR


#45 SiC_C_POINTS_2.96_45.0/
     2.96000000     3.09200000    45.00000000  -364.96976739     1.00000000  %CC
     2.96000000     3.34200000    45.00000000  -364.97266412     1.00000000  %CC
     2.96000000     3.59200000    45.00000000  -364.94883742     1.00000000  %CC
     2.96000000     3.83756454    45.00000000  -364.91341179     1.00000000  %CC
     2.96000000     4.09200000    45.00000000  -364.87277791     1.00000000  %CC
     2.96000000     4.29200000    45.00000000  -364.84133864     1.00000000  %CC
#     2.96000000     4.59200000    45.00000000  -364.79848415     1.00000000  %CC
#     2.96000000     4.99713500    45.00000000  -364.75821211     1.00000000  %CC
     2.96000000     1.84200000    45.00000000  -363.30705686     1.00000000  %MR
     2.96000000     2.09200000    45.00000000  -364.02440701     1.00000000  %MR
     2.96000000     2.39200000    45.00000000  -364.56932098     1.00000000  %MR
     2.96000000     2.59200000    45.00000000  -364.77675815     1.00000000  %MR
     2.96000000     3.01521809    45.00000000  -364.96028379     1.00000000  %MR
#     2.96000000     3.59200000    45.00000000  -364.94998894     1.00000000  %MR
#     2.96000000     4.09200000    45.00000000  -364.87512847     1.00000000  %MR
     2.96000000     4.61352000    45.00000000  -364.79926678     1.00000000  %MR
     2.96000000     5.59200000    45.00000000  -364.70814705     1.00000000  %MR
     2.96000000     6.59200000    45.00000000  -364.67392068     1.00000000  %MR
     2.96000000     7.59200000    45.00000000  -364.66710608     1.00000000  %MR
     2.96000000     8.59200000    45.00000000  -364.66543809     1.00000000  %MR
     2.96000000     9.59200000    45.00000000  -364.66494779     1.00000000  %MR
     2.96000000    10.59200000    45.00000000  -364.66478279     1.00000000  %MR
     2.96000000    13.09200000    45.00000000  -364.66468364     1.00000000  %MR
     2.96000000    15.59200000    45.00000000  -364.66466798     1.00000000  %MR


#45 SiC_C_POINTS_3.26_45.0/
     3.26000000     3.15200000    45.00000000  -364.98376437     1.00000000  %CC
     3.26000000     3.40200000    45.00000000  -364.98650432     1.00000000  %CC
     3.26000000     3.65200000    45.00000000  -364.96396852     1.00000000  %CC
     3.26000000     3.89756454    45.00000000  -364.93004276     1.00000000  %CC
     3.26000000     4.15200000    45.00000000  -364.89076056     1.00000000  %CC
     3.26000000     4.35200000    45.00000000  -364.86012437     1.00000000  %CC
#     3.26000000     4.65200000    45.00000000  -364.81773166     1.00000000  %CC
#     3.26000000     5.05713500    45.00000000  -364.77532871     1.00000000  %CC
     3.26000000     1.90200000    45.00000000  -363.62743074     1.00000000  %MR
     3.26000000     2.15200000    45.00000000  -364.18369442     1.00000000  %MR
     3.26000000     2.45200000    45.00000000  -364.63235039     1.00000000  %MR
     3.26000000     2.65200000    45.00000000  -364.81143460     1.00000000  %MR
     3.26000000     3.07521809    45.00000000  -364.97525674     1.00000000  %MR
#     3.26000000     3.65200000    45.00000000  -364.96531815     1.00000000  %MR
#     3.26000000     4.15200000    45.00000000  -364.89323551     1.00000000  %MR
     3.26000000     4.67352000    45.00000000  -364.81895538     1.00000000  %MR
     3.26000000     5.65200000    45.00000000  -364.72778880     1.00000000  %MR
     3.26000000     6.65200000    45.00000000  -364.69149149     1.00000000  %MR
     3.26000000     7.65200000    45.00000000  -364.68463817     1.00000000  %MR
     3.26000000     8.65200000    45.00000000  -364.68295960     1.00000000  %MR
     3.26000000     9.65200000    45.00000000  -364.68245829     1.00000000  %MR
     3.26000000    10.65200000    45.00000000  -364.68228679     1.00000000  %MR
     3.26000000    13.15200000    45.00000000  -364.68218308     1.00000000  %MR
     3.26000000    15.65200000    45.00000000  -364.68216725     1.00000000  %MR


#45 SiC_C_POINTS_3.56_45.0/
     3.56000000     3.21200000    45.00000000  -364.96964446     1.00000000  %CC
     3.56000000     3.46200000    45.00000000  -364.97120586     1.00000000  %CC
     3.56000000     3.71200000    45.00000000  -364.94947426     1.00000000  %CC
     3.56000000     3.95756454    45.00000000  -364.91689481     1.00000000  %CC
     3.56000000     4.21200000    45.00000000  -364.87899275     1.00000000  %CC
     3.56000000     4.41200000    45.00000000  -364.84925966     1.00000000  %CC
#     3.56000000     4.71200000    45.00000000  -364.80770644     1.00000000  %CC
#     3.56000000     5.11713500    45.00000000  -364.76386562     1.00000000  %CC
     3.56000000     1.96200000    45.00000000  -363.89848947     1.00000000  %MR
     3.56000000     2.21200000    45.00000000  -364.31672268     1.00000000  %MR
     3.56000000     2.51200000    45.00000000  -364.67387075     1.00000000  %MR
     3.56000000     2.71200000    45.00000000  -364.82242777     1.00000000  %MR
     3.56000000     3.13521809    45.00000000  -364.96268844     1.00000000  %MR
#     3.56000000     3.71200000    45.00000000  -364.95119947     1.00000000  %MR
#     3.56000000     4.21200000    45.00000000  -364.88182110     1.00000000  %MR
     3.56000000     4.73352000    45.00000000  -364.80961478     1.00000000  %MR
     3.56000000     5.71200000    45.00000000  -364.71967930     1.00000000  %MR
     3.56000000     6.71200000    45.00000000  -364.68142439     1.00000000  %MR
     3.56000000     7.71200000    45.00000000  -364.67451046     1.00000000  %MR
     3.56000000     8.71200000    45.00000000  -364.67282977     1.00000000  %MR
     3.56000000     9.71200000    45.00000000  -364.67232076     1.00000000  %MR
     3.56000000    10.71200000    45.00000000  -364.67214341     1.00000000  %MR
     3.56000000    13.21200000    45.00000000  -364.67203493     1.00000000  %MR
     3.56000000    15.71200000    45.00000000  -364.67201988     1.00000000  %MR


#45 SiC_C_POINTS_3.86_45.0/
     3.86000000     3.27200000    45.00000000  -364.94361089     1.00000000  %CC
     3.86000000     3.52200000    45.00000000  -364.94329053     1.00000000  %CC
     3.86000000     3.77200000    45.00000000  -364.92197739     1.00000000  %CC
     3.86000000     4.01756454    45.00000000  -364.89059005     1.00000000  %CC
     3.86000000     4.27200000    45.00000000  -364.85404099     1.00000000  %CC
     3.86000000     4.47200000    45.00000000  -364.82523287     1.00000000  %CC
#     3.86000000     4.77200000    45.00000000  -364.78470968     1.00000000  %CC
#     3.86000000     5.17713500    45.00000000  -364.74034177     1.00000000  %CC
     3.86000000     2.02200000    45.00000000  -364.12636284     1.00000000  %MR
     3.86000000     2.27200000    45.00000000  -364.42950663     1.00000000  %MR
     3.86000000     2.57200000    45.00000000  -364.70458307     1.00000000  %MR
     3.86000000     2.77200000    45.00000000  -364.82303398     1.00000000  %MR
     3.86000000     3.19521809    45.00000000  -364.93865017     1.00000000  %MR
#     3.86000000     3.77200000    45.00000000  -364.92429885     1.00000000  %MR
#     3.86000000     4.27200000    45.00000000  -364.85750170     1.00000000  %MR
     3.86000000     4.79352000    45.00000000  -364.78762905     1.00000000  %MR
     3.86000000     5.77200000    45.00000000  -364.69976790     1.00000000  %MR
     3.86000000     6.77200000    45.00000000  -364.66010082     1.00000000  %MR
     3.86000000     7.77200000    45.00000000  -364.65313759     1.00000000  %MR
     3.86000000     8.77200000    45.00000000  -364.65145999     1.00000000  %MR
     3.86000000     9.77200000    45.00000000  -364.65094595     1.00000000  %MR
     3.86000000    10.77200000    45.00000000  -364.65076461     1.00000000  %MR
     3.86000000    13.27200000    45.00000000  -364.65065522     1.00000000  %MR
     3.86000000    15.77200000    45.00000000  -364.65063896     1.00000000  %MR


#45 SiC_C_POINTS_4.15_45.0/
     4.15000000     3.33000000    45.00000000  -364.91491155     1.00000000  %CC
     4.15000000     3.58000000    45.00000000  -364.91234265     1.00000000  %CC
     4.15000000     3.83000000    45.00000000  -364.89113660     1.00000000  %CC
     4.15000000     4.07556454    45.00000000  -364.86074120     1.00000000  %CC
     4.15000000     4.33000000    45.00000000  -364.82541727     1.00000000  %CC
     4.15000000     4.53000000    45.00000000  -364.79748283     1.00000000  %CC
#     4.15000000     4.83000000    45.00000000  -364.75805799     1.00000000  %CC
#     4.15000000     5.23513500    45.00000000  -364.71385465     1.00000000  %CC
     4.15000000     2.08000000    45.00000000  -364.30718485     1.00000000  %MR
     4.15000000     2.33000000    45.00000000  -364.52228764     1.00000000  %MR
     4.15000000     2.63000000    45.00000000  -364.72782869     1.00000000  %MR
     4.15000000     2.83000000    45.00000000  -364.82010138     1.00000000  %MR
     4.15000000     3.25321809    45.00000000  -364.91230853     1.00000000  %MR
#     4.15000000     3.83000000    45.00000000  -364.89437945     1.00000000  %MR
#     4.15000000     4.33000000    45.00000000  -364.82990102     1.00000000  %MR
     4.15000000     4.85152000    45.00000000  -364.76238451     1.00000000  %MR
     4.15000000     5.83000000    45.00000000  -364.67688123     1.00000000  %MR
     4.15000000     6.83000000    45.00000000  -364.64114785     1.00000000  %MR
     4.15000000     7.83000000    45.00000000  -364.62968513     1.00000000  %MR
     4.15000000     8.83000000    45.00000000  -364.62829290     1.00000000  %MR
     4.15000000     9.83000000    45.00000000  -364.62775326     1.00000000  %MR
     4.15000000    10.83000000    45.00000000  -364.62750540     1.00000000  %MR
     4.15000000    13.33000000    45.00000000  -364.62728041     1.00000000  %MR
     4.15000000    15.83000000    45.00000000  -364.62721269     1.00000000  %MR

