#120 SiC_C_POINTS_2.8_120.0/
#     2.80000000     3.20000000   120.00000000  -364.67347700     1.00000000  %CC
#     2.80000000     3.45000000   120.00000000  -364.72094973     1.00000000  %CC
#     2.80000000     3.70000000   120.00000000  -364.73880795     1.00000000  %CC
#     2.80000000     3.94556454   120.00000000  -364.74009589     1.00000000  %CC
#     2.80000000     4.20000000   120.00000000  -364.73420733     1.00000000  %CC
     2.80000000     1.95000000   120.00000000  -363.25521152     1.00000000  %MR
     2.80000000     2.20000000   120.00000000  -363.76855454     1.00000000  %MR
     2.80000000     2.50000000   120.00000000  -364.21302933     1.00000000  %MR
     2.80000000     2.70000000   120.00000000  -364.41433444     1.00000000  %MR
     2.80000000     3.12321809   120.00000000  -364.65463655     1.00000000  %MR
     2.80000000     3.70000000   120.00000000  -364.74362246     1.00000000  %MR
     2.80000000     4.20000000   120.00000000  -364.73536792     1.00000000  %MR
     2.80000000     4.72152000   120.00000000  -364.70699652     1.00000000  %MR
     2.80000000     5.70000000   120.00000000  -364.66125580     1.00000000  %MR
     2.80000000     6.70000000   120.00000000  -364.64050386     1.00000000  %MR
     2.80000000     7.70000000   120.00000000  -364.63624923     1.00000000  %MR
     2.80000000     8.70000000   120.00000000  -364.63502841     1.00000000  %MR
     2.80000000     9.70000000   120.00000000  -364.63455216     1.00000000  %MR
     2.80000000    10.70000000   120.00000000  -364.63433725     1.00000000  %MR
     2.80000000    13.20000000   120.00000000  -364.63416298     1.00000000  %MR
     2.80000000    15.70000000   120.00000000  -364.63412087     1.00000000  %MR


#120 SiC_C_POINTS_2.96_120.0/
#     2.96000000     3.24000000   120.00000000  -364.71901576     1.00000000  %CC
#     2.96000000     3.49000000   120.00000000  -364.76122511     1.00000000  %CC
#     2.96000000     3.74000000   120.00000000  -364.77595386     1.00000000  %CC
#     2.96000000     3.98556454   120.00000000  -364.77502132     1.00000000  %CC
#     2.96000000     4.24000000   120.00000000  -364.76651740     1.00000000  %CC
     2.96000000     1.99000000   120.00000000  -363.44171471     1.00000000  %MR
     2.96000000     2.24000000   120.00000000  -363.90449113     1.00000000  %MR
     2.96000000     2.54000000   120.00000000  -364.30446964     1.00000000  %MR
     2.96000000     2.74000000   120.00000000  -364.48552316     1.00000000  %MR
     2.96000000     3.16321809   120.00000000  -364.70262892     1.00000000  %MR
     2.96000000     3.74000000   120.00000000  -364.78101942     1.00000000  %MR
     2.96000000     4.24000000   120.00000000  -364.76958666     1.00000000  %MR
     2.96000000     4.76152000   120.00000000  -364.73908769     1.00000000  %MR
     2.96000000     5.74000000   120.00000000  -364.69204468     1.00000000  %MR
     2.96000000     6.74000000   120.00000000  -364.67118794     1.00000000  %MR
     2.96000000     7.74000000   120.00000000  -364.66690783     1.00000000  %MR
     2.96000000     8.74000000   120.00000000  -364.66563470     1.00000000  %MR
     2.96000000     9.74000000   120.00000000  -364.66513777     1.00000000  %MR
     2.96000000    10.74000000   120.00000000  -364.66491432     1.00000000  %MR
     2.96000000    13.24000000   120.00000000  -364.66473249     1.00000000  %MR
     2.96000000    15.74000000   120.00000000  -364.66468851     1.00000000  %MR


#120 SiC_C_POINTS_3.26_120.0/
#     3.26000000     3.31500000   120.00000000  -364.76142121     1.00000000  %CC
#     3.26000000     3.56500000   120.00000000  -364.79422640     1.00000000  %CC
#     3.26000000     3.81500000   120.00000000  -364.80364786     1.00000000  %CC
#     3.26000000     4.06056454   120.00000000  -364.79940915     1.00000000  %CC
#     3.26000000     4.31500000   120.00000000  -364.78803271     1.00000000  %CC
#     3.26000000     4.51500000   120.00000000  -364.77757936     1.00000000  %CC
     3.26000000     2.06500000   120.00000000  -363.72811158     1.00000000  %MR
     3.26000000     2.31500000   120.00000000  -364.10537842     1.00000000  %MR
     3.26000000     2.61500000   120.00000000  -364.42814257     1.00000000  %MR
     3.26000000     2.81500000   120.00000000  -364.57381977     1.00000000  %MR
     3.26000000     3.23821809   120.00000000  -364.74945053     1.00000000  %MR
     3.26000000     3.81500000   120.00000000  -364.80924119     1.00000000  %MR
     3.26000000     4.31500000   120.00000000  -364.79339033     1.00000000  %MR
     3.26000000     4.83652000   120.00000000  -364.76087641     1.00000000  %MR
     3.26000000     5.81500000   120.00000000  -364.71152005     1.00000000  %MR
     3.26000000     6.81500000   120.00000000  -364.68915684     1.00000000  %MR
     3.26000000     7.81500000   120.00000000  -364.68457741     1.00000000  %MR
     3.26000000     8.81500000   120.00000000  -364.68320561     1.00000000  %MR
     3.26000000     9.81500000   120.00000000  -364.68267206     1.00000000  %MR
     3.26000000    10.81500000   120.00000000  -364.68243471     1.00000000  %MR
     3.26000000    13.31500000   120.00000000  -364.68224110     1.00000000  %MR
     3.26000000    15.81500000   120.00000000  -364.68219352     1.00000000  %MR


#120 SiC_C_POINTS_3.56_120.0/
#     3.56000000     3.39000000   120.00000000  -364.77239217     1.00000000  %CC
#     3.56000000     3.64000000   120.00000000  -364.79619294     1.00000000  %CC
#     3.56000000     3.89000000   120.00000000  -364.80058276     1.00000000  %CC
#     3.56000000     4.13556454   120.00000000  -364.79339828     1.00000000  %CC
#     3.56000000     4.39000000   120.00000000  -364.77979523     1.00000000  %CC
#     3.56000000     4.59000000   120.00000000  -364.76781289     1.00000000  %CC
     3.56000000     2.14000000   120.00000000  -363.96246289     1.00000000  %MR
     3.56000000     2.39000000   120.00000000  -364.26009047     1.00000000  %MR
     3.56000000     2.69000000   120.00000000  -364.51322279     1.00000000  %MR
     3.56000000     2.89000000   120.00000000  -364.62725053     1.00000000  %MR
     3.56000000     3.31321809   120.00000000  -364.76437124     1.00000000  %MR
     3.56000000     3.89000000   120.00000000  -364.80698656     1.00000000  %MR
     3.56000000     4.39000000   120.00000000  -364.78778665     1.00000000  %MR
     3.56000000     4.91152000   120.00000000  -364.75465933     1.00000000  %MR
     3.56000000     5.89000000   120.00000000  -364.70420014     1.00000000  %MR
     3.56000000     6.89000000   120.00000000  -364.67961509     1.00000000  %MR
     3.56000000     7.89000000   120.00000000  -364.67457407     1.00000000  %MR
     3.56000000     8.89000000   120.00000000  -364.67311566     1.00000000  %MR
     3.56000000     9.89000000   120.00000000  -364.67255317     1.00000000  %MR
     3.56000000    10.89000000   120.00000000  -364.67230454     1.00000000  %MR
     3.56000000    13.39000000   120.00000000  -364.67210182     1.00000000  %MR
     3.56000000    15.89000000   120.00000000  -364.67205034     1.00000000  %MR


#120 SiC_C_POINTS_3.86_120.0/
#     3.86000000     3.46500000   120.00000000  -364.76943677     1.00000000  %CC
#     3.86000000     3.71500000   120.00000000  -364.78417328     1.00000000  %CC
#     3.86000000     3.96500000   120.00000000  -364.78369816     1.00000000  %CC
#     3.86000000     4.21056454   120.00000000  -364.77366203     1.00000000  %CC
#     3.86000000     4.46500000   120.00000000  -364.75787102     1.00000000  %CC
#     3.86000000     4.66500000   120.00000000  -364.74442035     1.00000000  %CC
     3.86000000     2.21500000   120.00000000  -364.16037697     1.00000000  %MR
     3.86000000     2.46500000   120.00000000  -364.38252843     1.00000000  %MR
     3.86000000     2.76500000   120.00000000  -364.57513743     1.00000000  %MR
     3.86000000     2.96500000   120.00000000  -364.66173724     1.00000000  %MR
     3.86000000     3.38821809   120.00000000  -364.76407140     1.00000000  %MR
     3.86000000     3.96500000   120.00000000  -364.79092963     1.00000000  %MR
     3.86000000     4.46500000   120.00000000  -364.76896719     1.00000000  %MR
     3.86000000     4.98652000   120.00000000  -364.73582894     1.00000000  %MR
     3.86000000     5.96500000   120.00000000  -364.68555752     1.00000000  %MR
     3.86000000     6.96500000   120.00000000  -364.66119000     1.00000000  %MR
     3.86000000     7.96500000   120.00000000  -364.65329765     1.00000000  %MR
     3.86000000     8.96500000   120.00000000  -364.65177870     1.00000000  %MR
     3.86000000     9.96500000   120.00000000  -364.65119429     1.00000000  %MR
     3.86000000    10.96500000   120.00000000  -364.65093700     1.00000000  %MR
     3.86000000    13.46500000   120.00000000  -364.65072583     1.00000000  %MR
     3.86000000    15.96500000   120.00000000  -364.65067266     1.00000000  %MR


#120 SiC_C_POINTS_4.15_120.0/
     4.15000000     2.28750000   120.00000000  -364.31138266     1.00000000  %MR
     4.15000000     2.53750000   120.00000000  -364.47615945     1.00000000  %MR
     4.15000000     2.83750000   120.00000000  -364.61994562     1.00000000  %MR
     4.15000000     3.03750000   120.00000000  -364.68424537     1.00000000  %MR
     4.15000000     3.46071809   120.00000000  -364.75740005     1.00000000  %MR
     4.15000000     4.03750000   120.00000000  -364.77046708     1.00000000  %MR
     4.15000000     4.53750000   120.00000000  -364.74622264     1.00000000  %MR
     4.15000000     5.05902000   120.00000000  -364.71331105     1.00000000  %MR
     4.15000000     6.03750000   120.00000000  -364.66396605     1.00000000  %MR
     4.15000000     7.03750000   120.00000000  -364.63887234     1.00000000  %MR
     4.15000000     8.03750000   120.00000000  -364.62961392     1.00000000  %MR
     4.15000000     9.03750000   120.00000000  -364.62814063     1.00000000  %MR
     4.15000000    10.03750000   120.00000000  -364.62765595     1.00000000  %MR
     4.15000000    11.03750000   120.00000000  -364.62743870     1.00000000  %MR
     4.15000000    13.53750000   120.00000000  -364.62723214     1.00000000  %MR
     4.15000000    16.03750000   120.00000000  -364.62717487     1.00000000  %MR

