#105 SiC_C_POINTS_2.8_105.0/
#     2.80000000     2.68756443   105.00000000  -364.65681529     1.00000000  %CC
#     2.80000000     2.93756443   105.00000000  -364.71707890     1.00000000  %CC
#     2.80000000     3.18756443   105.00000000  -364.74283642     1.00000000  %CC
#     2.80000000     3.43312897   105.00000000  -364.74790594     1.00000000  %CC
#     2.80000000     3.68756443   105.00000000  -364.74245328     1.00000000  %CC
#     2.80000000     3.88756443   105.00000000  -364.73661071     1.00000000  %CC
     2.80000000     1.43756443   105.00000000  -363.30483522     1.00000000  %MR
     2.80000000     1.68756443   105.00000000  -363.78916075     1.00000000  %MR
     2.80000000     1.98756443   105.00000000  -364.21220049     1.00000000  %MR
     2.80000000     2.18756443   105.00000000  -364.40857410     1.00000000  %MR
     2.80000000     2.61078253   105.00000000  -364.63668923     1.00000000  %MR
     2.80000000     3.18756443   105.00000000  -364.74720186     1.00000000  %MR
     2.80000000     3.68756443   105.00000000  -364.74620099     1.00000000  %MR
     2.80000000     4.20908443   105.00000000  -364.71972215     1.00000000  %MR
     2.80000000     5.18756443   105.00000000  -364.67187743     1.00000000  %MR
     2.80000000     6.18756443   105.00000000  -364.64477064     1.00000000  %MR
     2.80000000     7.18756443   105.00000000  -364.63735060     1.00000000  %MR
     2.80000000     8.18756443   105.00000000  -364.63534609     1.00000000  %MR
     2.80000000     9.18756443   105.00000000  -364.63465691     1.00000000  %MR
     2.80000000    10.18756443   105.00000000  -364.63437755     1.00000000  %MR
     2.80000000    12.68756443   105.00000000  -364.63416730     1.00000000  %MR
     2.80000000    15.18756443   105.00000000  -364.63412107     1.00000000  %MR


#105 SiC_C_POINTS_2.96_105.0/
#     2.96000000     2.69828240   105.00000000  -364.70237146     1.00000000  %CC
#     2.96000000     2.94828240   105.00000000  -364.75707849     1.00000000  %CC
#     2.96000000     3.19828240   105.00000000  -364.78012389     1.00000000  %CC
#     2.96000000     3.44384694   105.00000000  -364.78360448     1.00000000  %CC
#     2.96000000     3.69828240   105.00000000  -364.77616937     1.00000000  %CC
#     2.96000000     3.89828240   105.00000000  -364.76710757     1.00000000  %CC
     2.96000000     1.44828240   105.00000000  -363.53012409     1.00000000  %MR
     2.96000000     1.69828240   105.00000000  -363.95069993     1.00000000  %MR
     2.96000000     1.99828240   105.00000000  -364.32101050     1.00000000  %MR
     2.96000000     2.19828240   105.00000000  -364.49001476     1.00000000  %MR
     2.96000000     2.62150049   105.00000000  -364.68681260     1.00000000  %MR
     2.96000000     3.19828240   105.00000000  -364.78476778     1.00000000  %MR
     2.96000000     3.69828240   105.00000000  -364.78124436     1.00000000  %MR
     2.96000000     4.21980240   105.00000000  -364.75265039     1.00000000  %MR
     2.96000000     5.19828240   105.00000000  -364.70298436     1.00000000  %MR
     2.96000000     6.19828240   105.00000000  -364.67563689     1.00000000  %MR
     2.96000000     7.19828240   105.00000000  -364.66800577     1.00000000  %MR
     2.96000000     8.19828240   105.00000000  -364.66595237     1.00000000  %MR
     2.96000000     9.19828240   105.00000000  -364.66524108     1.00000000  %MR
     2.96000000    10.19828240   105.00000000  -364.66495260     1.00000000  %MR
     2.96000000    12.69828240   105.00000000  -364.66473604     1.00000000  %MR
     2.96000000    15.19828240   105.00000000  -364.66468796     1.00000000  %MR


#105 SiC_C_POINTS_3.26_105.0/
#     3.26000000     2.71837859   105.00000000  -364.74973147     1.00000000  %CC
     3.26000000     2.96837859   105.00000000  -364.79062816     1.00000000  %CC
     3.26000000     3.21837859   105.00000000  -364.80824657     1.00000000  %CC
     3.26000000     3.46394313   105.00000000  -364.80912675     1.00000000  %CC
     3.26000000     3.71837859   105.00000000  -364.79980514     1.00000000  %CC
     3.26000000     3.91837859   105.00000000  -364.78864618     1.00000000  %CC
     3.26000000     4.21837859   105.00000000  -364.77068014     1.00000000  %CC
     3.26000000     1.46837859   105.00000000  -363.88102952     1.00000000  %MR
     3.26000000     1.71837859   105.00000000  -364.19523899     1.00000000  %MR
     3.26000000     2.01837859   105.00000000  -364.47348813     1.00000000  %MR
     3.26000000     2.21837859   105.00000000  -364.60002952     1.00000000  %MR
     3.26000000     2.64159668   105.00000000  -364.74439451     1.00000000  %MR
     3.26000000     3.21837859   105.00000000  -364.81355616     1.00000000  %MR
     3.26000000     3.71837859   105.00000000  -364.80607775     1.00000000  %MR
     3.26000000     4.23989859   105.00000000  -364.77532866     1.00000000  %MR
     3.26000000     5.21837859   105.00000000  -364.72247106     1.00000000  %MR
     3.26000000     6.21837859   105.00000000  -364.69489339     1.00000000  %MR
     3.26000000     7.21837859   105.00000000  -364.68567780     1.00000000  %MR
     3.26000000     8.21837859   105.00000000  -364.68352553     1.00000000  %MR
     3.26000000     9.21837859   105.00000000  -364.68277501     1.00000000  %MR
     3.26000000    10.21837859   105.00000000  -364.68247133     1.00000000  %MR
     3.26000000    12.71837859   105.00000000  -364.68224270     1.00000000  %MR
     3.26000000    15.21837859   105.00000000  -364.68219217     1.00000000  %MR


#105 SiC_C_POINTS_3.56_105.0/
     3.56000000     1.48847478   105.00000000  -364.15450668     1.00000000  %MR
     3.56000000     1.73847478   105.00000000  -364.38018715     1.00000000  %MR
     3.56000000     2.03847478   105.00000000  -364.58213971     1.00000000  %MR
     3.56000000     2.23847478   105.00000000  -364.67335640     1.00000000  %MR
     3.56000000     2.66169287   105.00000000  -364.77391732     1.00000000  %MR
     3.56000000     3.23847478   105.00000000  -364.81239348     1.00000000  %MR
     3.56000000     3.73847478   105.00000000  -364.80106432     1.00000000  %MR
     3.56000000     4.25999478   105.00000000  -364.76948624     1.00000000  %MR
     3.56000000     5.23847478   105.00000000  -364.71483253     1.00000000  %MR
     3.56000000     6.23847478   105.00000000  -364.68634641     1.00000000  %MR
     3.56000000     7.23847478   105.00000000  -364.67567798     1.00000000  %MR
     3.56000000     8.23847478   105.00000000  -364.67343926     1.00000000  %MR
     3.56000000     9.23847478   105.00000000  -364.67265828     1.00000000  %MR
     3.56000000    10.23847478   105.00000000  -364.67234031     1.00000000  %MR
     3.56000000    12.73847478   105.00000000  -364.67210240     1.00000000  %MR
     3.56000000    15.23847478   105.00000000  -364.67204848     1.00000000  %MR


#105 SiC_C_POINTS_3.86_105.0/
     3.86000000     1.50857097   105.00000000  -364.36599226     1.00000000  %MR
     3.86000000     1.75857097   105.00000000  -364.52093862     1.00000000  %MR
     3.86000000     2.05857097   105.00000000  -364.66029205     1.00000000  %MR
     3.86000000     2.25857097   105.00000000  -364.72289908     1.00000000  %MR
     3.86000000     2.68178906   105.00000000  -364.78781210     1.00000000  %MR
     3.86000000     3.25857097   105.00000000  -364.79814943     1.00000000  %MR
     3.86000000     3.75857097   105.00000000  -364.78264215     1.00000000  %MR
     3.86000000     4.28009097   105.00000000  -364.75070893     1.00000000  %MR
     3.86000000     5.25857097   105.00000000  -364.69585319     1.00000000  %MR
     3.86000000     6.25857097   105.00000000  -364.66599520     1.00000000  %MR
     3.86000000     7.25857097   105.00000000  -364.65439948     1.00000000  %MR
     3.86000000     8.25857097   105.00000000  -364.65210401     1.00000000  %MR
     3.86000000     9.25857097   105.00000000  -364.65130014     1.00000000  %MR
     3.86000000    10.25857097   105.00000000  -364.65097275     1.00000000  %MR
     3.86000000    12.75857097   105.00000000  -364.65072584     1.00000000  %MR
     3.86000000    15.25857097   105.00000000  -364.65067025     1.00000000  %MR


#105 SiC_C_POINTS_4.15_105.0/
     4.15000000     1.52799729   105.00000000  -364.51963869     1.00000000  %MR
     4.15000000     1.77799729   105.00000000  -364.62192606     1.00000000  %MR
     4.15000000     2.07799729   105.00000000  -364.71432171     1.00000000  %MR
     4.15000000     2.27799729   105.00000000  -364.75488739     1.00000000  %MR
     4.15000000     2.70121538   105.00000000  -364.79224240     1.00000000  %MR
     4.15000000     3.27799729   105.00000000  -364.78053388     1.00000000  %MR
     4.15000000     3.77799729   105.00000000  -364.76021537     1.00000000  %MR
     4.15000000     4.29951729   105.00000000  -364.72806468     1.00000000  %MR
     4.15000000     5.27799729   105.00000000  -364.67403537     1.00000000  %MR
     4.15000000     6.27799729   105.00000000  -364.64343578     1.00000000  %MR
     4.15000000     7.27799729   105.00000000  -364.63092750     1.00000000  %MR
     4.15000000     8.27799729   105.00000000  -364.62861071     1.00000000  %MR
     4.15000000     9.27799729   105.00000000  -364.62779445     1.00000000  %MR
     4.15000000    10.27799729   105.00000000  -364.62745944     1.00000000  %MR
     4.15000000    12.77799729   105.00000000  -364.62720517     1.00000000  %MR
     4.15000000    15.27799729   105.00000000  -364.62714789     1.00000000  %MR

